socal_rasters/annualPET_SPHAsouth_aggfac2.asc
NCOLS 210 
NROWS 130 
XLLCORNER -119.45 
YLLCORNER 32.483333333 
CELLSIZE 0.0166666666666667 
NODATA_value -9999 
[rows 104 to 129 of 130, columns 120 to 179 of 210]
-9999 -9999 -9999 -9999 -9999 -9999 -9999 -9999 -9999 -9999 -9999 -9999 1104.63497930724 1105.05999727362 1119.56997660068 1144.68749972616 1164.49002049265 1179.13998389722 1196.57998633586 1214.16995219095 1238.36749221263 1260.59750343882 1278.25003024305 1295.41000352703 1312.24996922501 1326.66751084145 1340.24999971357 1355.30502296355 1370.90499854141 1385.72497531419 1399.52502426752 1413.97250346499 1414.38250730428 1414.96499617992 1410.49749740652 1424.99246200098 1422.01748673225 1360.47250459207 1397.50997874082 1463.06747252686 1503.67502002545 1440.10250813834 1459.54748456701 1497.01998871739 1506.01000955392 1484.44250625308 1375.72003267575 1397.82998603659 1383.09249958148 1360.50500543881 1317.88498000526 1285.57748379276 1293.03253194002 1254.21499702396 1217.8275151607 1224.71249380952 1228.48748815642 1201.30252068264 1192.80245998758 1190.38250729355
-9999 -9999 -9999 -9999 -9999 -9999 -9999 -9999 -9999 -9999 -9999 -9999 1100.86251820163 1105.1575011724 1117.21749859709 1136.55999731205 1149.67999238702 1172.35250838491 1190.19750954442 1209.38751195892 1228.38748139289 1254.32000694084 1271.09997543166 1289.78250093589 1308.99499490447 1322.15252666975 1333.68252523658 1348.07748388908 1367.52752671781 1382.91000345716 1397.7124937225 1407.94250466226 1412.61749273126 1426.57247913976 1441.11001524436 1472.34750327777 1490.06249994009 1487.20748853419 1479.57498212739 1500.01748577666 1517.30999851901 1486.52001878438 1493.36752412617 1468.20498466139 1494.3974918491 1473.02002021568 1427.46249502359 1410.24499507273 1366.08996659693 1306.73001062159 1292.27999807711 1304.5699767824 1298.80749535253 1231.56750546734 1219.33749379936 1261.23498577815 1240.49996936211 1205.13253785722 1196.01999046728 1181.05249005496
-9999 -9999 -9999 -9999 -9999 -9999 -9999 -9999 -9999 -9999 -9999 -9999 1092.96002189777 1103.40750102456 1119.37249744984 1133.39498884086 1147.71246312468 1166.83499125294 1183.99752786475 1202.27499365677 1221.05001803048 1241.99499486323 1269.7549739563 1284.89501938741 1299.26251214868 1315.12252785434 1320.00500467918 1346.24499476515 1360.74502538327 1379.28750593952 1389.37249730013 1403.71002181039 1423.07751441682 1438.38998385947 1455.01251203697 1463.95251457912 1448.67498781149 1457.98751775737 1469.24746588876 1498.85748412758 1447.83999633911 1417.89999495725 1405.99002110351 1386.01498315689 1440.78747573594 1429.52252281841 1378.10501193846 1363.93750075076 1357.63000534576 1339.73001100833 1320.68997213314 1335.0100094827 1309.45251438642 1273.69998215255 1234.79003947163 1294.27001796905 1294.20251479755 1268.53750677301 1195.79000971871 1186.67999282556
-9999 -9999 -9999 -9999 -9999 -9999 -9999 -9999 -9999 -9999 -9999 -9999 1084.21749858841 1094.37249743305 1107.1924741969 1125.38748149193 1138.95999128776 1161.79751562066 1175.1750181056 1193.83749365131 1213.28250091421 1234.60247771165 1265.32748379606 1279.57254031184 1286.13500987598 1306.72003144213 1311.02746554381 1335.5424802019 1347.66003400304 1362.9949949482 1381.28250101511 1398.49502537935 1417.54251062339 1438.3824765562 1450.99499503783 1459.49749752044 1463.35751329611 1464.18249535821 1475.91998231367 1481.33999649838 1469.92501836203 1444.03250219805 1379.69751165968 1309.72500529779 1417.46499511545 1439.53747605565 1410.58749411538 1341.0074782702 1313.41253627089 1339.58749294905 1359.43252574561 1341.1774609305 1327.43502851092 1304.08001766659 1291.6375120626 1325.0475150919 1307.31500290511 1245.70251688168 1196.88500985697 1176.47500643014
-9999 -9999 -9999 -9999 -9999 -9999 -9999 -9999 -9999 -9999 1035.39749125362 1071.32247864005 1079.89498948144 1083.6299739156 1099.74999993118 1114.11251807034 1131.30999728312 1150.50250224176 1167.90997288723 1184.11495959534 1200.2900082544 1223.82250938995 1256.62747154006 1278.34997511331 1269.49499493151 1284.68496676543 1303.28747540314 1321.25253271214 1338.78750585953 1361.4625239512 1386.56249978464 1402.82247898208 1417.21746791159 1435.4224851574 1448.91500837501 1437.89498940588 1414.04748559674 1443.53997706534 1472.67999266126 1462.54498315226 1452.50250263768 1444.13000504747 1433.39001481473 1411.42501741737 1445.90750129091 1441.35998524508 1432.9599920025 1380.7499706388 1347.49502622508 1347.43499783366 1344.21749902787 1299.24002250709 1257.55502290483 1297.99252280196 1328.93746907576 1340.69500848832 1280.89999554139 1227.22000187581 1206.55499263318 1180.36248857457
-9999 -9999 -9999 -9999 -9999 -9999 -9999 -9999 -9999 -9999 -9999 1070.5275265794 1079.32000752231 1068.23498488153 1091.38998392181 1106.31750467598 1124.27752664033 1143.36251807336 1161.53750586353 1178.0350035031 1192.08248862966 1211.27499367629 1244.74499480375 1250.67251548048 1291.07000698844 1301.68002324948 1314.44500719975 1324.96749854231 1336.18749975148 1359.0299984025 1381.85998505732 1399.57501194583 1414.87499982297 1421.70501703884 1420.51498419516 1427.14001438746 1444.92999239938 1460.80252051033 1449.67749057347 1448.23751824308 1453.36999520544 1450.7325133027 1454.79248067617 1449.6875004728 1438.99499485744 1451.85000573446 1435.22998111057 1399.51748699199 1372.26251274058 1358.30749527269 1324.45248496669 1307.82751541091 1292.50747673929 1333.31500195444 1324.87750168492 1344.150024848 1305.67001457893 1258.34002728385 1185.13250757729 1182.5750425128
-9999 -9999 -9999 -9999 -9999 -9999 -9999 -9999 -9999 -9999 -9999 1030.67251579118 1044.47000107474 1048.23001106663 1069.44003243125 1093.83248885004 1113.28750582844 1135.93749960713 1152.88751196837 1167.09500109978 1172.9850152162 1180.70248396025 1208.28500277621 1248.67748966324 1280.68997144376 1302.04501330272 1316.35498026651 1333.94000220399 1334.9575193848 1352.64248628753 1372.45498627573 1391.65249604445 1410.51000950766 1412.52499412685 1409.99749747202 1425.77499344489 1464.87753295704 1467.46502666391 1470.81250015479 1451.34997522109 1459.3750003708 1452.44750967759 1469.93499770163 1469.24746708551 1434.1400159648 1401.68749987849 1384.31002764478 1384.94751022502 1386.3750000801 1364.36499072985 1364.54251047081 1331.12750279324 1345.36752241358 1325.91497854345 1317.42999348308 1295.92999343712 1299.45251332285 1310.72000288577 1197.08749450842 1205.51998764035
-9999 -9999 -9999 -9999 -9999 -9999 -9999 -9999 -9999 -9999 -9999 -9999 1023.60997002244 -9999 1048.19747905711 1078.62496917275 1101.39749101998 1119.97998037056 1144.14999376929 1145.2625119392 1153.40499890671 1176.48498460129 1213.56249954739 1256.68749966422 1275.04000837828 1292.87249730148 1309.59252903799 1327.16000337681 1334.12503037297 1350.09500092583 1367.25747656024 1386.44000215851 1405.04998754548 1418.98748767383 1421.81750500716 1434.30248981797 1462.89749127534 1472.43746948077 1455.88998441412 1456.02749594001 -9999 1476.46499666074 1494.24749766548 1490.68499769907 1489.43749992667 1450.30502362625 1428.88500999197 1410.01501482338 1417.6749881118 1442.35000628284 1419.50247420407 1352.78247090824 1314.87500081845 1320.1724852414 1299.28500395697 1278.70001198587 1256.07000735085 1323.38250941718 1231.59249967412 1227.87249536118
-9999 -9999 -9999 -9999 -9999 -9999 -9999 -9999 -9999 -9999 -9999 -9999 -9999 -9999 1031.99246200322 1057.84246786164 1082.73251337758 1083.15252679575 1098.39501926681 1127.66751020365 1154.66998252385 1177.83999588292 1209.52001908041 1233.33248870913 1262.01000946959 1282.51000951198 1303.98751812412 1323.79498255755 1338.28250109722 1351.73251317839 1370.03747533724 1382.38250703308 1400.85751322814 1412.22998043065 1426.47247291695 1441.3924862773 1456.88000468919 1458.39501953305 1466.20251439861 1469.64248694914 1452.26998880468 1436.08999635207 1415.74002026825 1447.41748008461 1462.16751066801 1454.06750490763 1424.12503107039 1412.29251093084 1469.47000038875 1440.96249557761 1331.32998766349 1289.48498487479 1304.92752093425 1295.82748423273 1309.43750017009 1294.52001961971 1294.69247422622 1389.23999086778 1290.15750140217 1273.68752939357
-9999 -9999 -9999 -9999 -9999 -9999 -9999 -9999 -9999 -9999 -9999 -9999 1000.66751084276 1010.25749196869 1020.79249557846 1041.77999824146 1064.75250225286 1087.23001054162 1125.85498018368 1147.64749111588 1164.70498632198 1182.43749965674 1210.10751301702 1229.74249234493 1251.40750092562 1280.2200009115 1294.81246930801 1315.26998879541 1334.17248508574 1350.09750343703 1361.44750957439 1374.19250466283 1391.49996939216 1406.43502771568 1415.46749882163 1413.25750668423 1444.85250848022 1435.79501390978 1411.1174931692 1441.28253127857 1445.70001228334 1442.96749871531 1436.46249409304 1400.67251640874 1403.93249445523 1419.60000594677 1433.14251698669 1464.83752322426 1477.2649850857 1421.16500905335 1373.78997871459 1311.96249453521 1294.13500942539 1296.70498654577 1321.29000800216 1311.69250523986 1332.94747745708 1423.29501295835 1372.89749384782 1326.73001125161
-9999 -9999 -9999 -9999 -9999 -9999 -9999 -9999 -9999 -9999 -9999 -9999 1001.77499377327 1004.77999873214 1009.35501085741 1021.38751206307 1055.26251172035 1088.1525267204 1110.1175230031 1132.27252177862 1149.26000934366 1168.93249496819 1195.58752382487 1224.10000592543 1245.56753513346 1265.9800106349 1276.06750472995 1302.71997025843 1324.81249966953 1342.0650022473 1346.00747661858 1366.1150205703 1382.08996552798 1403.41497770202 1415.76251223933 1412.0050047587 1411.81500239987 1424.27249164138 1420.8374940773 1416.9049986648 1421.49746700869 1429.97747747399 1431.56002792756 1385.91754404836 1376.16500702849 1415.72000089363 1450.35497988889 1475.55248904614 1444.59250036617 1404.66250644932 1351.09997755221 1323.62997462951 1283.79998600652 1356.10998453098 1376.25750799507 1321.7825318058 1352.9024947127 1436.84249846868 1418.40750225185 1350.03747494724
-9999 -9999 -9999 -9999 -9999 -9999 -9999 -9999 -9999 -9999 -9999 -9999 1005.89250213249 992.39999370021 -9999 -9999 1026.31249984507 1063.03250084385 1087.5400081033 1112.19250480277 1126.0124813725 1151.01248132648 1185.80996652841 1213.40750080328 1236.18499728131 1255.74999981081 1267.07748365239 1306.06503284717 1317.8374936973 1334.33999616919 1346.29251044627 1368.297515659 1385.71252419234 1400.30999739857 1409.69998142662 1420.35250837673 1426.08749397851 1408.90499848729 1423.90747083432 1403.39999421839 1401.58248886214 1399.0050050296 1369.30749543319 1360.32000732328 1427.83999479571 1475.78253101579 1499.03747572216 1479.06250009002 1430.22750814166 1446.19747962912 1419.7975163599 1351.07251138769 1310.70748880998 1347.07498059526 1420.39248608632 1402.23001258507 1390.20498558655 1439.52749664308 1408.19998194985 1418.26251241697
-9999 -9999 -9999 -9999 -9999 -9999 -9999 -9999 -9999 -9999 -9999 -9999 1000.68249616318 -9999 989.737487664951 -9999 -9999 1039.68746927464 1066.58499105657 1088.18749981396 1113.30248994533 1137.16000324848 1166.8049922146 1200.52249110724 1226.39251662784 1247.55999766416 1258.92001305291 1279.3900143899 -9999 1320.60250817598 1348.87249753001 1365.13751194772 1380.15499856296 1394.73501563936 1407.08499126009 1420.42999264015 1424.27999880709 1420.56500182161 1439.60000576941 1439.82247950919 1404.96750020109 1387.22747750208 1409.69000232816 1424.13748121726 1462.10247767665 1462.70498641933 1509.01248137744 1477.42004549573 1454.02249180784 1435.51501526042 1405.39999445772 1384.13754280435 1357.05249074209 1332.70501636337 1408.20748792867 -9999 1441.07501186294 1435.53747474189 1423.74249144047 1409.99499615944
-9999 -9999 -9999 -9999 -9999 -9999 -9999 -9999 -9999 -9999 -9999 -9999 -9999 -9999 -9999 -9999 1015.72999549507 -9999 -9999 1079.7474973222 1102.54998750244 1128.74499474057 1160.99996906178 1195.3949885498 1227.41250561227 1241.00500478946 1249.25500448728 -9999 1304.82501145962 1333.98501563193 1336.27999876752 1356.33248864705 1376.98751806 1387.82998644301 1402.69000207532 1418.95501686123 1428.84503156975 1439.76248159037 1445.39498927696 1432.87496968646 1389.29501349057 1399.53500325262 1402.42755212666 1398.98999011355 1426.45748790004 1461.18499715285 1501.62002511596 1504.51248187094 1499.90499867637 1473.95248471261 1460.08499172953 1420.12750342493 1379.88000474218 1388.82251073742 -9999 -9999 1441.89999424023 1418.60498037724 1418.29998810856 1407.33752392037
-9999 -9999 -9999 -9999 -9999 -9999 -9999 -9999 -9999 -9999 -9999 -9999 -9999 -9999 -9999 -9999 -9999 -9999 -9999 -9999 1095.76748622983 1122.46502653748 1151.0200190728 1184.74999953066 1203.89498871543 1216.69750969187 1239.07000694575 1266.80248971237 1306.80752516139 1329.19500715923 1343.42749002677 1355.27502418613 1372.7425229926 1377.21752925042 1398.85000580086 1413.66748025661 1427.27249119287 1439.83001696174 1446.16250611093 1442.56750472247 1450.09750343028 1423.11999515358 1416.79751621184 1407.22250405936 1414.54748512871 1444.28997747627 1481.39498841762 1465.28750638767 1451.19747951912 1482.17752075506 1495.51501472822 1495.28500393293 1514.68002292195 1510.80999863887 1395.69497584073 1404.20248429657 1424.17001337955 1439.98001035764 1419.18246477222 1453.01000952708
-9999 -9999 -9999 -9999 -9999 -9999 -9999 -9999 -9999 -9999 -9999 -9999 -9999 -9999 -9999 -9999 -9999 -9999 -9999 -9999 1092.06997649465 1115.9200131273 1138.97747768302 1166.63748131121 1186.19750936985 1223.11999479327 1252.0700069796 1275.36495931407 1299.56750447551 1319.94500706018 1335.23001084955 1350.74002043464 1363.71499629887 1373.41998282545 1395.38000468074 1408.20999124131 1421.54251085679 1432.40502913238 1446.99499498433 1453.05001818082 1455.042480179 1423.77249214505 1401.6325074944 1390.1799929146 1422.62750176658 1466.19000167515 1504.85247872306 1477.3149723786 1466.58996553496 1475.42001311835 1457.82998769441 1441.81246901696 1489.56997687416 1440.83999695703 1471.23001098997 1473.61752279108 1445.48248285136 1464.53250044342 1468.05749491117 1476.03250213117
-9999 -9999 -9999 -9999 -9999 -9999 -9999 -9999 -9999 -9999 -9999 -9999 -9999 -9999 -9999 -9999 -9999 -9999 -9999 -9999 1088.52749606815 1114.18252526207 1140.46249350564 1167.70001170425 1201.18749951621 1231.19750937072 1255.90002408987 1276.22497534036 1294.77252171648 1315.2325132098 1327.26751685782 1343.08248882667 1360.84249854826 1374.43246450275 1389.91751076789 1402.5874938426 1410.84249858672 1424.15499868938 1439.29751556999 1445.33251952623 1457.41500855075 1447.13998467943 1416.86502090987 1396.18002332664 1429.95751905744 1485.4775069206 1512.05499330967 1462.5050052266 1450.26748689511 1432.40496827821 1450.34500075549 1479.5225211866 1490.23751853303 1442.16250749767 1380.61749339696 1389.59500026871 1447.86001472166 1494.17498740898 1502.79998740068 1503.98251341934
-9999 -9999 -9999 -9999 -9999 -9999 -9999 -9999 -9999 -9999 -9999 -9999 -9999 -9999 -9999 -9999 -9999 -9999 -9999 -9999 -9999 1110.63003507186 1138.6799922663 1170.84252886164 1202.71249347477 1229.06002770807 1251.17752051209 1270.20498628781 1292.02749600771 1308.8225096376 1320.8199764351 -9999 1353.97000100349 1370.37249733541 1385.41751084753 1388.82498193707 1363.58499090465 1411.62249725892 1423.67999255018 1436.21499648072 1441.63998376403 1454.08999631199 1437.29498357104 1450.9299925837 1460.84249850778 1504.64248565671 1495.51001019159 1458.8624876166 1431.48748894711 1458.47753786878 1482.66751078303 1481.3975221146 1464.92501894028 1404.78253410703 1352.4125062133 1388.35751221085 1466.13751045479 1506.70498629368 1522.34747282944 1524.09002698913
-9999 -9999 -9999 -9999 -9999 -9999 -9999 -9999 -9999 -9999 -9999 -9999 -9999 -9999 -9999 -9999 -9999 -9999 -9999 -9999 -9999 1107.6249996223 1137.01498367648 1167.34002626694 1197.99999964409 1222.95251437298 1248.14248618276 1265.78997776656 1285.67001315837 1299.88998399527 1312.66751071235 1332.83001673117 1353.69497660399 1366.19503765306 1366.41998333672 1363.38751268727 1312.60498059964 1365.87499967133 1390.56750470624 1410.94750915609 1434.19750936248 1451.31500195512 1461.36001572611 1483.11498943145 1502.99252319226 1509.47500627478 1501.33001762486 1474.10000640381 1471.77999873522 1475.43502811954 1477.89999386719 1469.41500873551 1455.71499630759 1439.68249439881 1417.66998407362 1453.81500145321 1494.91000216142 1521.85998514415 1519.3274840206 1492.32748500705
-9999 -9999 -9999 -9999 -9999 -9999 -9999 -9999 -9999 -9999 -9999 -9999 -9999 -9999 -9999 -9999 -9999 -9999 -9999 1058.84002661149 -9999 1105.93499721251 1132.24499466962 1162.08248879325 1186.96749849332 1212.97503639524 1234.66250575261 1255.58999599655 1276.62753289674 1291.20001202891 1310.12246677997 1332.39749116105 1349.30999741534 1358.9974976282 1353.40499901264 1329.60504230138 1323.0624991641 1330.21252463225 1364.57250983056 1396.45001076168 1442.94750960244 1460.28253128453 1470.36999531639 1466.83251956448 1441.34249876656 1435.36498972372 1467.02001895489 1485.29748533124 1483.55996679072 1486.06253066533 1488.76748681074 1475.58999652258 1477.92748947669 1509.46499665525 1490.82003733138 1520.07751454406 1512.90249669763 1495.43499807135 1478.90002414549 1482.03002960944
-9999 -9999 -9999 -9999 -9999 -9999 -9999 -9999 -9999 -9999 -9999 -9999 -9999 -9999 -9999 -9999 -9999 -9999 -9999 1057.13253766348 1079.16748014026 1107.94750945182 1135.50997875449 1171.72247265587 1202.46746790953 1230.76251193491 1246.5550229707 1263.78500346103 1279.49499489404 1294.1575009982 1310.66000342017 1327.69250464895 1345.38751190524 1358.70248404689 1358.80499274363 1348.85498035265 1355.27252130735 1376.34002721241 1403.74499477672 1421.00253183811 1454.87252787621 1465.07247887107 1473.5124820126 1443.5850225583 1410.18750107185 1355.34500041493 1454.89749075269 1478.97500578979 1491.55245960693 1502.98251337514 1506.62750245133 1507.87750263476 1514.55999743969 1503.6475224333 1513.58499103994 1510.03250178582 1478.08248936972 1507.39999394969 1502.39999422571 1481.45501681086
-9999 -9999 -9999 -9999 -9999 -9999 -9999 -9999 -9999 -9999 -9999 -9999 -9999 -9999 -9999 -9999 -9999 -9999 -9999 1061.51251199435 1083.57000696314 1110.49249236036 1136.01498374396 1164.86749228247 1197.94750922279 1228.4700009165 1244.88504010614 1259.80999736089 1274.90747053031 1289.35748265482 1306.12747166852 1321.92001320183 1336.56503273916 1352.78500336023 1366.1025084607 1380.04251065484 1389.23248260014 1409.36749254331 1422.19000211638 1437.13250720347 1449.32998635008 1460.85000595272 1472.82250950949 1471.34750389922 1450.37246757389 1438.52249095252 1476.5550230697 1486.38497892633 1494.96249393461 1491.96246341661 1494.19747878984 1504.58999627796 1505.00250253246 1508.49749675674 1523.90249614147 1526.2875058031 1521.20248454319 1503.0424807309 1497.71252458701 1499.7025146373
-9999 -9999 -9999 -9999 -9999 -9999 -9999 -9999 -9999 -9999 -9999 -9999 -9999 -9999 -9999 -9999 -9999 -9999 -9999 -9999 1101.24749672684 1134.63998387607 1156.74502533981 1165.15750092958 1188.35748261646 1213.57998608971 1239.6675106592 1256.94250464864 1271.09497049302 1285.93499734165 1300.61248757502 1315.72753886075 1330.73748757853 1344.6350095382 1360.98001083589 1377.4450071345 1387.97998046427 1396.8574828228 1411.64999356662 1433.81497166771 1445.56249979085 1456.86001569584 1465.51748639433 1472.0375366122 1466.96496571353 1464.13250710445 1471.32501255164 1470.19500741089 1475.39498892134 1478.35498062636 1456.97000156903 1452.17498690656 1469.37002560711 1457.00247221088 1453.33502208528 1477.69998048179 -9999 -9999 -9999 -9999
-9999 -9999 -9999 -9999 -9999 -9999 -9999 -9999 -9999 -9999 -9999 -9999 -9999 -9999 -9999 -9999 -9999 -9999 -9999 -9999 1123.7099903984 1157.19500713132 1177.05752528256 1193.67498766721 1201.41000338235 1213.90249614551 1230.90496787458 1250.11999488709 1266.89999362088 1281.59747294657 1295.76004009729 1309.68499729306 1325.63247653193 1342.49749725628 1358.3474729786 1374.09249852886 1387.32247904112 1386.19250512084 1375.35000551582 1417.88000434164 1440.94000220054 1453.31750469024 1458.6150207625 -9999 -9999 -9999 -9999 -9999 -9999 -9999 -9999 -9999 -9999 -9999 -9999 -9999 -9999 -9999 -9999 -9999
-9999 -9999 -9999 -9999 -9999 -9999 -9999 -9999 -9999 -9999 -9999 -9999 -9999 -9999 -9999 -9999 -9999 -9999 -9999 -9999 1138.99001997184 1168.00747653174 1181.97500592122 1196.97500583473 1214.48251329185 1222.84249873304 1233.79748517352 1246.48999003019 1260.41998273975 1275.41497783638 1290.83502170571 1308.59249856482 1324.1575009853 1340.18749976773 1355.66250590838 1370.88748146782 1382.74752798519 1371.4675302037 -9999 -9999 -9999 -9999 -9999 -9999 -9999 -9999 -9999 -9999 -9999 -9999 -9999 -9999 -9999 -9999 -9999 -9999 -9999 -9999 -9999 -9999
-9999 -9999 -9999 -9999 -9999 -9999 -9999 -9999 -9999 -9999 -9999 -9999 -9999 -9999 -9999 -9999 -9999 -9999 -9999 -9999 1148.81500181394 1168.94250477055 1183.99996925333 -9999 1217.04000828972 -9999 -9999 -9999 -9999 -9999 -9999 -9999 -9999 -9999 -9999 -9999 -9999 -9999 -9999 -9999 -9999 -9999 -9999 -9999 -9999 -9999 -9999 -9999 -9999 -9999 -9999 -9999 -9999 -9999 -9999 -9999 -9999 -9999 -9999 -9999
