socal_rasters/annualPET_SPHAsouth_aggfac2.asc
NCOLS 210 
NROWS 130 
XLLCORNER -119.45 
YLLCORNER 32.483333333 
CELLSIZE 0.0166666666666667 
NODATA_value -9999 
[rows 26 to 51 of 130, columns 120 to 179 of 210]
1470.80999787172 1477.98998982515 1507.19998161578 1514.13751209444 1519.29501348217 1513.96252449636 1505.26501462959 1480.13748243473 1425.14251796167 1428.58001609683 1431.88751339468 1412.42245364222 1397.51501518856 1412.95001238621 1408.2425228532 1396.11254919043 1359.81250127372 1348.23501713004 1246.02249224643 1206.64999401339 -9999 -9999 -9999 -9999 -9999 -9999 -9999 -9999 -9999 -9999 -9999 -9999 -9999 -9999 -9999 -9999 -9999 -9999 -9999 -9999 -9999 -9999 -9999 -9999 -9999 -9999 -9999 -9999 -9999 -9999 -9999 -9999 -9999 -9999 -9999 -9999 -9999 -9999 -9999 -9999
1494.00250231338 1502.10501076827 1507.01998912618 1512.79248015855 1524.50750731602 1527.77249143579 1532.51000970573 1533.58499155173 1522.642486699 1504.57251058099 1508.16250588813 1500.24999966909 1494.91500861423 1462.44000305214 1450.87750171606 1468.3800043711 1467.20251546821 1369.19000381258 1327.31002867781 1309.92999233276 1275.48248482247 -9999 -9999 -9999 -9999 -9999 -9999 -9999 -9999 -9999 -9999 -9999 -9999 -9999 -9999 -9999 -9999 -9999 -9999 -9999 -9999 -9999 -9999 -9999 -9999 -9999 -9999 -9999 -9999 -9999 -9999 -9999 -9999 -9999 -9999 -9999 -9999 -9999 -9999 -9999
1502.92001339943 1508.67248524009 1515.90499867171 1524.11502067956 1527.81249998918 1531.8699950858 1535.34500115066 1539.70248406014 1544.74749751333 1547.44750976229 1544.16500866427 1530.92001363035 1509.92749075742 1496.98751852962 1493.20501840626 1475.04250956799 1485.40249762519 1423.12503055172 1437.50750726509 1425.98251395603 1366.55749606293 1318.55752522393 -9999 -9999 -9999 -9999 -9999 -9999 -9999 -9999 -9999 -9999 -9999 -9999 -9999 -9999 -9999 -9999 -9999 -9999 -9999 -9999 -9999 -9999 -9999 -9999 -9999 -9999 -9999 -9999 -9999 -9999 -9999 -9999 -9999 -9999 -9999 -9999 -9999 -9999
1510.67999268061 1513.66250603729 1519.02249139672 1524.94998160008 1531.0200194181 1533.10751340246 1536.79998776543 1535.92999267578 1540.07998632814 1546.49752802487 1548.2275085423 1549.41998291744 1543.36499033229 1537.79998792424 1498.23999080374 1506.282500497 1476.72998210071 1390.55749473248 1464.1249681544 1463.01751786772 1410.61499096539 1371.24999983357 1429.35247753067 1444.34997569801 -9999 -9999 -9999 -9999 -9999 -9999 -9999 -9999 -9999 -9999 -9999 -9999 -9999 -9999 -9999 -9999 -9999 -9999 -9999 -9999 -9999 -9999 -9999 -9999 -9999 -9999 -9999 -9999 -9999 -9999 -9999 -9999 -9999 -9999 -9999 -9999
1517.03497313694 1517.52749633012 1523.15002437103 1526.46496576419 1529.0175170303 1537.17745968792 1538.78747554427 1541.94503779165 1546.09750364898 1546.35748291473 1547.87753296808 1548.7975158409 1549.74749756757 1550.35501096109 1546.8350220592 1544.17752072207 1528.69500768412 1499.36749266513 1509.0500182082 1508.31497265149 1451.12252869571 1453.61999538734 1480.66747932939 1476.54751644962 1459.09500105023 1377.65252952372 -9999 -9999 -9999 -9999 -9999 -9999 -9999 -9999 -9999 -9999 -9999 -9999 -9999 -9999 -9999 -9999 -9999 -9999 -9999 -9999 -9999 -9999 -9999 -9999 -9999 -9999 -9999 -9999 -9999 -9999 -9999 -9999 -9999 -9999
1520.36502075702 1521.64749145287 1525.04498288841 1526.77502439072 1529.10247797232 1533.9299926015 1539.7649840811 1542.06750488464 1545.09997555551 1545.87499997602 1547.09753417259 1548.41748050428 1549.47500608277 1552.87249754649 1552.7849731566 1555.30252068974 1550.77499394861 1543.2299806604 1535.90249637875 1522.68753055554 1488.7224731106 1521.06503274151 1512.64752209115 1461.93499788987 1407.90750215285 1348.28253267186 1278.56753543775 -9999 -9999 -9999 -9999 -9999 -9999 -9999 -9999 -9999 -9999 -9999 -9999 -9999 -9999 -9999 -9999 -9999 -9999 -9999 -9999 -9999 -9999 -9999 -9999 -9999 -9999 -9999 -9999 -9999 -9999 -9999 -9999 -9999
1523.24249269269 1524.45999143791 1526.60250849428 1529.67001342042 1530.70251462811 1535.59500119291 1538.59002675765 1542.6975097341 1544.01251223169 1546.65249627669 1547.23748779683 1545.45745851731 1545.90750117352 1548.61752317004 1551.30502313789 1553.61749265909 1555.79498288592 1556.26748656557 1555.99499513834 1547.76998936099 1533.27749641232 1504.34750490666 1444.51501469606 1438.98004204092 1399.29000886416 1411.53747535715 1392.08499239072 1364.9124757832 -9999 -9999 -9999 -9999 -9999 -9999 -9999 -9999 -9999 -9999 -9999 -9999 -9999 -9999 -9999 -9999 -9999 -9999 -9999 -9999 -9999 -9999 -9999 -9999 -9999 -9999 -9999 -9999 -9999 -9999 -9999 -9999
1525.40753172206 1527.84252929514 1528.86996458651 1531.13003538082 1533.63500977466 1534.64495847788 1537.66751095433 1541.09750361841 1542.77999874446 1546.77999874097 1546.20751955479 1543.92001344732 1543.18997189802 1545.24999995947 1548.60250855635 1550.81246945125 1552.90750120624 1553.61499024304 1552.24499510026 1551.2149963315 1546.10247818119 1530.3925173969 1505.51751754844 1473.69998192949 1451.62750214112 1405.07251160679 1344.07000725875 1335.51248191288 1334.17999308008 1278.71249590847 -9999 -9999 -9999 -9999 -9999 -9999 -9999 -9999 -9999 -9999 -9999 -9999 -9999 -9999 -9999 -9999 -9999 -9999 -9999 -9999 -9999 -9999 -9999 -9999 -9999 -9999 -9999 -9999 -9999 -9999
1527.54251099564 1529.20248409571 1531.24249267216 1533.11502073898 1534.55249022641 1536.5950011862 1539.66250605605 1542.88500975881 1544.72497555797 1546.06250002263 1543.92498777503 1543.30749513389 1541.79751586699 1542.65997309049 1544.5550231628 1545.58001709424 1546.7724914672 1547.53750614408 1548.13000484711 1545.71749879595 1542.55499274902 1532.44747940731 1521.96002218162 1507.06500272719 1497.58251968148 1463.14001516793 1413.01251328128 1319.32748588017 1288.08999805925 1194.4825151123 1113.59997618965 -9999 -9999 -9999 -9999 -9999 -9999 -9999 -9999 -9999 -9999 -9999 -9999 -9999 -9999 -9999 -9999 -9999 -9999 -9999 -9999 -9999 -9999 -9999 -9999 -9999 -9999 -9999 -9999 -9999
1529.97747804771 1529.95248410221 1532.78500365486 1535.05499262249 1537.977477959 1539.48004156405 1542.50250239129 1545.25250239576 1545.17745971569 1543.42752076765 1542.30999760917 1539.10247801642 1538.61999510125 1540.57498163898 1541.75497435162 1543.04498288739 1543.56750493819 1543.07000736648 1543.50750731694 1542.59753416224 1534.37500020763 1507.32501273765 1472.36248835169 1476.98504538611 1499.60998537584 1488.72750881704 1464.73999045872 1442.82501241347 1393.89999425176 1320.50500567582 1235.51245286739 1127.44247498993 1058.56750587878 -9999 -9999 -9999 -9999 -9999 -9999 -9999 -9999 -9999 -9999 -9999 -9999 -9999 -9999 -9999 -9999 -9999 -9999 -9999 -9999 -9999 -9999 -9999 -9999 -9999 -9999 -9999
1513.89251711597 1512.8524779994 1527.79501347896 1535.80252070585 1539.2325133872 1545.01498413469 1538.08502188474 1541.69250493382 1538.10250862332 1532.46249391886 1526.39248663045 1526.58248904444 1530.24499502611 1535.6975097135 1536.467498801 1535.23501584612 1534.29998780626 1535.1450195155 1532.34500126249 1526.42498798688 1522.03500372435 1517.31750488321 1511.63497944774 1514.41500858575 1507.00750749431 1489.88751254221 1447.06750554087 1418.49249343352 1347.89498988642 1300.80249003757 1312.15002461577 1273.39001562148 1217.32000746074 1236.67501848695 1196.31997747859 -9999 -9999 -9999 -9999 -9999 -9999 -9999 -9999 -9999 -9999 -9999 -9999 -9999 -9999 -9999 -9999 -9999 -9999 -9999 -9999 -9999 -9999 -9999 -9999 -9999
1508.32504242162 1530.03750608763 1518.38748183505 1533.8300169361 1540.1625365316 1544.20501709296 1536.27749630855 1536.62249766851 1526.22503685736 1500.41000334289 1519.73748793138 1511.41748052286 1506.27999883065 1514.52749623733 1527.82751446777 1530.17498774692 1525.47000132573 1521.72500608881 1519.67001349252 1518.29251093399 1523.74249253105 1529.18499758453 1522.58502212883 1516.82250981755 1509.42501841456 1492.49499561642 1457.54000869626 1446.90750180354 1391.98251453682 1371.99502578036 1355.32501258059 1346.4825135135 1323.67248531912 1340.38748182003 1316.5899969146 1264.80749562058 1181.9924935461 -9999 -9999 -9999 -9999 -9999 -9999 -9999 -9999 -9999 -9999 -9999 -9999 -9999 -9999 -9999 -9999 -9999 -9999 -9999 -9999 -9999 -9999 -9999
1528.29998779458 1534.23001097148 1537.2449950669 1539.93499748031 1542.53253172889 1541.75753788481 1537.32000734765 1531.13000498701 1522.50747700894 1516.53250129995 1503.19253565368 1504.27752679835 1504.75750734509 1498.88000500389 1508.72500591091 1518.67749023761 1526.85003646186 1524.09500129132 1522.83749401059 1522.60498049378 1525.45999141323 1522.67248547868 1519.43746958078 1515.70748904066 1511.39001476845 1503.33749413693 1483.76001019527 1451.93499741046 1432.61999573729 1416.29000883207 1402.34249935413 1375.7824713862 1389.06249940355 1363.69497655604 1375.35000562444 1362.16000414217 1355.60250873985 1333.69497625329 1311.4775392999 -9999 -9999 -9999 -9999 -9999 -9999 -9999 -9999 -9999 -9999 -9999 -9999 -9999 -9999 -9999 -9999 -9999 -9999 -9999 -9999 -9999
1513.56250002865 1534.34750354948 1538.91497803109 1536.73498540344 1537.95501703493 1536.41000370284 1532.30746462606 1517.86999553956 1495.27999915518 1482.14749139288 1485.86999519443 1462.75747738577 1468.80248942821 1492.41998310974 1480.94995102728 1492.6225278388 1507.4574888934 1520.39752191581 1522.61752315594 1519.21499647001 1517.05252072768 1516.49499511611 1517.69750963489 1516.77749639502 1511.80499271248 1501.41250635869 1478.86502116371 1447.82251012458 1462.81997695495 1459.67749025365 1437.07000754635 1418.80749496722 1420.13247675759 1433.68499799149 1428.97997931623 1451.25250240772 1454.02996823096 1425.9975286811 1376.69500740656 1417.93749890443 1400.4800114353 -9999 -9999 -9999 -9999 -9999 -9999 -9999 -9999 -9999 -9999 -9999 -9999 -9999 -9999 -9999 -9999 -9999 -9999 -9999
1530.79498290532 1533.90997307888 1536.08749389122 1535.90750121894 1533.90499880045 1529.39752202094 1526.52249150761 1520.82501230198 1498.83499212317 1450.03497345089 1476.30001773372 1490.48754882448 1484.37002550675 1477.90249685827 1471.30252069353 1475.49499520825 1490.59249849875 1502.35498042176 1507.85501082925 1516.42001336701 1520.2600097278 1523.13751219204 1523.75500493124 1520.9949951487 1519.17999275138 1511.95751972558 1500.30502327111 1501.98001102519 1497.30996715528 1487.76748684158 1474.15249689892 1448.88751250337 1453.14001420616 1474.50750712301 1476.70751947062 1492.52749662336 1485.62249732746 1512.7175295788 1477.25250246303 1480.52999948979 1444.83999664463 1430.35247821031 1437.6524954587 -9999 -9999 -9999 -9999 -9999 -9999 -9999 -9999 -9999 -9999 -9999 -9999 -9999 -9999 -9999 -9999 -9999
1526.72250369052 1529.48999019865 1530.74746703294 1531.5974731529 1527.24502570394 1522.26248170826 1521.66998290702 1515.42248544054 1498.44250505493 1474.82498207173 1460.35501046108 1490.13497918477 1492.41000365882 1489.13000499166 1485.11499040901 1489.76248140812 1499.94500725333 1502.92251588765 1499.78500369067 1500.16250602721 1502.67248523098 1507.22000115559 1511.5124814741 1517.61001612423 1515.91000360086 1514.64501953319 1512.55749516152 1511.04998783127 1510.16500853925 1506.63000490023 1499.24499513414 1487.29498313376 1475.92498786169 1496.64501909778 1502.25750783264 1526.16250587417 1540.65499894934 1544.52499406039 1523.33999614634 1508.58252078826 1514.55252118453 1536.71249354944 1535.13751131891 1563.10000553193 1536.10751371908 1601.36498843296 -9999 -9999 -9999 -9999 -9999 -9999 -9999 -9999 -9999 -9999 -9999 -9999 -9999 -9999
1523.68997195328 1525.94003292628 1526.80252075792 1525.38497928672 1519.99249275625 1504.93496702521 1502.66497806865 1499.3725282747 1486.38748165425 1488.48001099597 1487.04748540277 1488.62750240462 1492.16998282844 1494.97750852746 1497.21499630707 1499.16500848568 1504.58999627378 1508.86999501139 1514.10748291452 1514.82003786044 1514.49996946042 1515.64752191984 1509.08502193783 1514.15252676272 1517.49496458002 1517.33251959279 1513.73248288121 1515.60250856562 1513.06750488352 1513.9824828789 1518.3500060311 1520.35998541924 1509.53250137982 1519.64996294719 1539.95996070209 1556.64749117139 1570.89001449066 1576.18002314494 1574.65002477358 1573.56750467252 1586.97250409436 1598.88501002371 1614.41247523641 1625.58499098617 1642.21499632783 1657.6350098285 1622.4049688231 -9999 -9999 -9999 -9999 -9999 -9999 -9999 -9999 -9999 -9999 -9999 -9999 -9999
1517.18749999344 1519.63497923668 1518.79251100469 1515.58999637585 1506.54998796031 1494.94500742078 1485.12249778116 1478.42501832223 1482.70498656711 1485.16998286268 1486.20251468644 1487.03753661519 1489.9175109222 1494.49249260887 1498.28747551236 1502.49002069944 1504.95251456413 1512.2624816145 1517.78247056416 1524.90249624853 1525.60247801836 1525.10751339572 1525.20501708767 1525.70751946645 1516.40750150281 1512.76504510462 1510.94000242183 1511.71249385269 1512.6499633653 1517.7075194489 1522.90750117545 1529.86749258944 1534.67248519332 1544.39999376988 1554.47247300338 1565.27499375694 1578.44003276685 1591.87499983942 1596.72497554448 1601.48998995268 1616.15496805793 1629.83499127932 1646.08499122486 1657.79000842411 1668.63000459322 1679.12753291838 1688.23001088461 1686.79748548957 1688.4850154847 1700.03250063768 -9999 -9999 -9999 -9999 -9999 -9999 -9999 -9999 -9999 -9999
1511.43753055727 1510.90249637002 1509.39999393555 1507.23748783058 1499.0724793366 1482.56500266138 1477.14752198631 1474.38751220326 1472.80499266499 1479.9924926267 1482.81997674285 1485.41247556321 1487.04000845764 1492.54000851 1498.10000604034 1503.95999141989 1509.30996699802 1503.97000160636 1500.82751438282 1526.64498895427 1532.06747426075 1537.16500855005 1534.10501104509 1533.29251100208 1522.98999058836 1521.13000496671 1510.20248445939 1504.69750951877 1509.86749262999 1514.54498276115 1522.8925170443 1530.79501330943 1541.20251451639 1550.71502675992 1548.43746974247 1551.42748978117 1552.16998287701 1582.67999247461 1602.95251419101 1618.24249254102 1628.74999979468 1639.75250227073 1649.79995712646 1648.50500548221 1659.54498355311 1670.12499875882 1695.36502058506 1704.05749505211 1707.88751213834 1715.45751935309 1728.53747538166 -9999 -9999 -9999 -9999 -9999 -9999 -9999 -9999 -9999
1501.69500732053 1498.7025146511 1497.15747071587 1485.74002087621 1479.99002081684 1474.98999024659 1472.36248783801 1468.377533028 1467.25250244104 1474.24752796404 1479.11749260987 1483.25750731154 1485.95001213544 1492.02249135172 1497.87249752277 1496.00003051266 1497.55499273051 1492.02502457657 1506.88500965721 1526.65249623335 1532.70254503014 -9999 1541.84252931034 1540.65753184117 1520.50997917714 1531.20251457607 1524.36499046207 1518.89498884667 1513.52999858621 1520.43249509878 1528.19998166532 1519.8099973593 1525.65750110991 1509.37246752297 1465.53002997977 1447.92248504796 1461.20001301616 1489.58001636959 1530.59500020113 1567.36248779704 1522.03250128056 1605.34500097583 1577.61749521547 1524.78500561788 1508.42001117285 1635.89498742079 1685.41751059992 1680.3300167051 1676.43750058533 1724.05999743465 1733.87249745491 1745.08248884225 -9999 -9999 -9999 -9999 -9999 -9999 -9999 -9999
1479.39251711412 1478.51000990621 1477.81750478517 1482.35000623227 1473.62750249002 1465.47250379978 1461.58001708067 1464.79254153202 1465.48751825694 1469.3400268122 1476.20001209142 1482.61749261439 1487.54000848926 1492.14996327949 1490.42498806647 1477.25250208763 1497.73498519519 -9999 1508.01251221087 1523.05749487068 1531.25997915469 1536.71252431531 -9999 -9999 1542.76501501372 1535.5700069789 1531.97003189772 1524.4800111263 1517.10247803429 1531.45248394803 1538.39248649885 1527.11999542004 1492.26501522699 1445.45251581358 1408.06250022993 1378.26751725151 1396.13250699926 1425.39999279766 1452.27749579121 1468.86749298201 1447.34750413083 1421.63000381437 1436.57501473825 1326.27499368766 1412.33499023173 1515.59997302868 1622.23501616163 1507.35751294439 1562.65002028008 1676.26501415329 1643.79000954861 1728.28246925825 -9999 -9999 -9999 -9999 -9999 -9999 -9999 -9999
1467.82501205955 1464.84997567687 1459.08999642139 1463.44750963133 1471.15750134134 1467.43249510365 1464.51000983857 1463.11999515395 1464.70251453324 1466.89999389104 1470.83749373191 1480.70999137247 1486.92501824958 1492.02252189708 1495.35247800693 -9999 -9999 -9999 1503.0249935178 1523.10751339804 1529.29251091725 1533.90252681427 1539.65747061864 1545.09997552182 1549.27999878123 1550.59750365364 1537.52002015951 1533.58996569274 1536.44003297515 1537.95248438591 1538.68749988147 1529.86499067491 1479.6000371417 1462.17752139043 1415.3224797249 1404.64251732515 1391.64501976941 1382.90750083171 1404.82501184084 1422.51251198972 1406.24252388639 1316.08999872368 1215.38998552675 1191.23000993177 1336.18499475908 1442.7699884477 1478.01998846686 1374.18252865353 1379.52749434371 1474.76748527849 1505.00250035974 1597.7099884982 1726.34750304538 -9999 -9999 -9999 -9999 -9999 -9999 -9999
-9999 -9999 1461.79501344878 1463.71749873579 1464.92001342037 1462.17498782604 1459.35250849843 1461.33248900941 1463.77752679057 1466.02999877138 1468.18496697399 1477.45498647535 1484.49002068112 1490.62750235691 1495.24752803881 1496.30746461707 -9999 1491.5299988163 1514.00250230138 1520.57250972554 1525.55252068019 1531.77252190579 1535.82998646289 1541.75250233058 1547.43499747748 1551.95751947333 1557.43002317686 1545.32748455118 1501.3399964808 1479.30999719238 1450.21252431595 1484.02001920528 1454.13748249642 1425.22750876986 1412.50250222532 1424.83749437524 1388.2424931887 1340.14001556654 1338.92501811839 1352.46749871308 1328.51001075028 1220.26996190013 1102.87500145736 1085.90499848401 1196.60497712215 1215.61249097388 1270.45498644836 1284.97000405898 1232.84747012093 1393.65997152213 1575.4950237131 1613.94500738647 1675.27001711244 -9999 -9999 -9999 -9999 -9999 -9999 -9999
1450.62747195914 1454.31747432127 1455.42501835147 1451.42999264984 1444.80749502649 1449.20501703305 1446.82748404837 1451.02999883139 1455.16751094842 1460.22747798395 1464.81249993534 1472.50250228209 1483.27996819215 1488.78500354001 1493.08001704259 1494.72250373881 1492.80749518039 1507.74752799545 1513.40249626319 1515.61499021946 1518.69750972149 1518.2650147203 1493.39001519287 1507.01000873568 1542.86499016899 1550.10754385544 1555.21752921701 1560.19500728789 1549.22747876073 1494.46002335827 1429.96499702896 1421.21496584288 1421.76001087118 1448.0675050046 1448.52499339737 1406.86749339591 1406.97500593768 1398.54000889438 1349.88250790543 1284.84246969231 1211.78500525382 1118.69497794604 1127.77252160053 1133.97503819326 1032.13751073723 982.300005924311 979.387497188666 1078.81750521393 1146.78750177305 1325.35748057914 1383.64251573797 1429.85250719694 1605.91000078378 1736.77749460018 -9999 -9999 -9999 -9999 -9999 -9999
1442.72750855723 1431.13748177239 1425.70251481041 1421.40252688247 1423.09500116793 1431.30996702688 1430.03500371162 1428.37503057868 1435.11001559509 1448.30999733854 1456.36999507782 1458.42251572314 1478.14498877662 1488.14001456152 1492.36001579107 1494.7800292754 1496.50250226927 1507.07998653604 1507.42251587324 1505.95504763246 1507.38000486592 1504.45501732732 1494.36499027627 1485.54000874137 1529.7875055353 1545.98999014214 1550.85501090912 1555.92752069352 1560.53247065847 1564.90002434241 1545.30996772918 1503.64749143842 1495.7825013705 1525.11746224772 1502.2074897271 1426.78503598039 1431.93749913179 1440.18252622372 1392.34249969734 1319.59747443868 1255.00247271707 1222.51251246958 1223.53997865377 1175.26748913043 1028.95497264838 882.29998995936 866.607495922866 939.23748664152 986.832503875631 1175.62252476913 1346.31249739451 1433.41000199796 1532.90002160457 1714.37249586432 -9999 -9999 -9999 -9999 -9999 -9999
1437.14248682339 1423.05249041335 1412.26248172161 1414.77499384249 1414.9224853455 1420.60498044047 1421.54501343812 1419.4225158622 1434.47000096137 1448.16250601759 1459.35748282631 1462.34750364115 1475.19500713802 1484.75753771549 1490.56497185089 1494.97000119716 1499.46997064579 1502.19747924345 1492.47503684586 1477.34252931432 1472.90750136301 1489.74996913903 1495.79751599362 1483.33251937494 1529.11248731331 1540.3549804218 1546.34246819444 1551.64752187479 1555.63497919247 1559.1650084904 1563.79501333492 1564.3299866871 1549.94250503815 1556.21252434387 1543.30502368127 1523.83251978853 1501.28250142944 1466.49002165983 1391.89502030629 1342.74752901308 1310.14248629785 1291.63000610206 1252.01001061946 1128.84747542016 998.219987193791 906.017502508714 939.720014807063 1007.02500802094 1051.53001226902 1166.7524984926 1347.11996207533 1415.14748937821 1551.75500155331 1694.56499990784 1779.88000476253 -9999 -9999 -9999 -9999 -9999
