socal_rasters/annualPET_SPHAsouth_aggfac2.asc
NCOLS 210 
NROWS 130 
XLLCORNER -119.45 
YLLCORNER 32.483333333 
CELLSIZE 0.0166666666666667 
NODATA_value -9999 
[rows 0 to 25 of 130, columns 0 to 59 of 210]
-9999.000000000000000 -9999 -9999 -9999 -9999 -9999 -9999 -9999 -9999 -9999 -9999 -9999 -9999 -9999 -9999 -9999 -9999 -9999 -9999 -9999 -9999 -9999 -9999 -9999 -9999 -9999 -9999 -9999 -9999 -9999 -9999 -9999 -9999 -9999 -9999 -9999 -9999 -9999 -9999 -9999 -9999 -9999 -9999 -9999 -9999 -9999 -9999 -9999 -9999 1285.21002173871 -9999 -9999 -9999 -9999 -9999 -9999 -9999 -9999 -9999 -9999
-9999 -9999 -9999 -9999 -9999 -9999 -9999 -9999 -9999 -9999 -9999 -9999 -9999 -9999 -9999 -9999 -9999 -9999 -9999 -9999 -9999 -9999 -9999 -9999 -9999 -9999 -9999 -9999 -9999 -9999 -9999 -9999 -9999 -9999 -9999 -9999 -9999 -9999 -9999 -9999 -9999 -9999 -9999 -9999 -9999 -9999 1273.00003014063 1345.52499409119 1316.68749952096 1283.40002486271 1257.31997684608 1231.87750278002 -9999 -9999 -9999 -9999 -9999 -9999 -9999 -9999
-9999 -9999 -9999 -9999 -9999 -9999 -9999 -9999 -9999 -9999 -9999 -9999 -9999 -9999 -9999 -9999 -9999 -9999 -9999 -9999 -9999 -9999 -9999 -9999 -9999 -9999 -9999 -9999 -9999 -9999 -9999 -9999 -9999 -9999 -9999 -9999 -9999 -9999 -9999 -9999 -9999 -9999 -9999 1309.7250364416 1264.71997100692 1245.18499749544 1347.61248728049 1372.60998572456 1277.21252482823 1250.70748873052 1249.7000124243 1245.6900020088 1311.95001206722 1364.22247324785 1348.97247316267 -9999 -9999 -9999 -9999 -9999
-9999 -9999 -9999 -9999 -9999 -9999 -9999 -9999 -9999 -9999 -9999 -9999 -9999 -9999 -9999 -9999 -9999 -9999 -9999 -9999 -9999 -9999 -9999 -9999 -9999 -9999 -9999 -9999 -9999 -9999 -9999 -9999 -9999 -9999 -9999 -9999 -9999 -9999 -9999 1278.65997264209 1355.56500244512 1268.99749805338 1206.86502105014 1223.03747508026 1255.24252341875 1273.43249516528 1337.39248627649 1406.21749885008 1336.87750292537 1270.83502217976 1284.53750651538 1228.7324830292 1254.34500036498 1349.77002002044 1258.46246334422 1259.37750232063 1281.13250749179 -9999 -9999 -9999
-9999 -9999 -9999 -9999 -9999 -9999 -9999 -9999 -9999 -9999 -9999 -9999 -9999 -9999 -9999 -9999 -9999 -9999 -9999 -9999 -9999 -9999 -9999 -9999 -9999 -9999 -9999 -9999 -9999 -9999 -9999 -9999 -9999 -9999 -9999 1271.34002676627 1280.64251757607 1200.24252300113 1274.04748513894 1325.75750721684 1379.19250509889 1276.26748693733 1201.73999054684 1214.82000716613 1264.56249990656 1296.12252805831 1285.39749150342 1340.75750683839 -9999 1389.87496972416 1344.9725038733 1294.29251120326 1292.6724850654 1381.44000254906 1305.56500264713 1281.0750425598 1316.98501572477 1346.16751073043 1366.49996919978 -9999
-9999 -9999 -9999 -9999 -9999 -9999 -9999 -9999 -9999 -9999 -9999 -9999 -9999 -9999 -9999 -9999 -9999 -9999 -9999 -9999 -9999 -9999 -9999 -9999 -9999 -9999 -9999 -9999 -9999 -9999 -9999 -9999 -9999 1143.63998405513 1165.93249508281 1198.66751063783 1319.30746444842 1296.68002360604 1312.74249241494 1327.15499877659 1384.27252204607 1326.87747219165 1260.83251968601 1291.4649958523 1317.70999145566 1292.05499276212 1313.47000145323 1330.24499518313 1371.28503395875 -9999 1394.13497936597 1381.90249618899 1398.39501917009 1375.74749753027 1376.06249991994 1382.78247051753 1406.83749390787 1403.16003452872 1361.73748817928 1308.48001123512
-9999 -9999 -9999 -9999 -9999 -9999 -9999 -9999 -9999 -9999 -9999 -9999 -9999 -9999 -9999 -9999 -9999 -9999 -9999 -9999 -9999 -9999 -9999 -9999 -9999 -9999 -9999 -9999 -9999 -9999 1262.72750907074 1168.09249872677 1196.54751590819 1170.29000885145 1091.7525025758 1155.08248862094 1231.89749131249 1277.74752782508 1339.55749515709 1333.89749107548 1369.68749969723 1403.15750133335 1361.28500355618 1377.59002676732 1336.9100042 1295.0100096619 1332.41253643825 1372.53250119462 1389.59497080183 -9999 1406.21502694639 1416.39001457174 -9999 1381.70999135722 1391.27249154826 1394.76498424732 1369.04501354878 1332.27749662551 1286.47503681671 1264.82998687493
-9999 -9999 -9999 -9999 -9999 -9999 -9999 -9999 -9999 -9999 -9999 -9999 -9999 -9999 -9999 -9999 -9999 -9999 -9999 -9999 -9999 -9999 -9999 -9999 -9999 -9999 -9999 -9999 1140.48001078806 1268.72000066859 1221.21499693958 1151.3025205324 1233.40249616984 1212.68499780452 1111.38501012646 1100.33752439702 1138.70498641658 1180.61248768503 1243.55502300795 1265.90499829121 1327.73751790022 1395.12750226172 1389.444976719 1360.1849979848 1334.83001718494 1320.61999517914 1337.46249392823 1376.20748869449 1403.64498899377 1407.66250610357 -9999 -9999 1393.82003787959 1397.50500476923 1408.38250709899 1395.52749663921 1352.10501114212 1308.37249768196 1304.64999366203 1308.46749824458
-9999 -9999 -9999 -9999 -9999 -9999 -9999 -9999 -9999 -9999 -9999 -9999 -9999 -9999 -9999 -9999 -9999 -9999 -9999 -9999 -9999 -9999 -9999 -9999 1064.63998401858 1101.87499985217 1133.70501708977 1163.28500357061 1270.75497402215 1321.69000256814 1258.42752119057 1192.37252820721 1232.88998380858 1243.97500625669 1159.57501263753 1143.32998630393 1196.19998145431 1206.57998663641 1243.42004350508 1313.81249979639 1356.26251187009 1401.12499992361 1369.15002442 1364.68499742402 1359.12496949644 1370.39498905614 1369.69750990105 1374.26000953682 1403.44497669497 1416.07254020244 1425.45748905672 1406.06246942996 1415.43499754946 1408.73501595291 1420.60998508496 1402.07498189386 1384.48748786476 1373.9600219407 1346.32000749333 1372.23501551191
-9999 -9999 -9999 -9999 -9999 -9999 -9999 -9999 -9999 -9999 -9999 -9999 -9999 -9999 -9999 -9999 -9999 -9999 -9999 -9999 -9999 976.472488289435 1032.16250605022 1074.22747788819 1052.69003305144 1063.94747921796 1075.24502556164 1119.02502424901 1188.79998764912 1265.45498623171 1345.66998301864 1283.28250134673 1290.57000734681 1268.92251606021 1217.49249295306 1152.49249234933 1252.59002643651 1261.59249887278 1287.95999121238 1333.4200131628 1367.67501843846 -9999 1391.51998908209 1374.01501475451 1383.58248878514 1381.15750135365 1355.70751950786 1366.2174986113 1391.70498641902 1417.21249384039 1421.77752687143 1418.55496215368 1410.43249513939 1404.03750604402 1430.13250733769 1409.29751605803 1414.01998894226 1407.05749533244 1403.67749012374 1421.60000607591
-9999 -9999 -9999 -9999 -9999 -9999 -9999 -9999 -9999 -9999 -9999 -9999 -9999 -9999 -9999 -9999 -9999 -9999 -9999 1173.89999387412 1118.50253316908 1042.79251099979 1096.24499492915 1165.11251825311 1123.18502824523 1051.60501113007 1070.56249988814 1098.22497548931 1167.4499814611 1271.87997403251 1338.64001477448 1296.66000346267 1294.49502570641 1235.47750897241 1165.76751742719 1159.89999357595 1266.8375239384 1295.92248566575 1299.65249627546 1334.61752289409 1379.80749507463 -9999 -9999 1394.92749024015 1388.33999637562 1371.20501709879 1381.1699828149 1393.08251949112 1393.81750486156 1407.54751575341 1419.21002198577 1414.76498415131 1406.99749761517 1419.06750474241 1425.38000492849 1416.72250381052 1420.19247438859 1416.13998405642 1419.82498160801 1425.46499637788
-9999 -9999 -9999 -9999 -9999 -9999 -9999 -9999 -9999 -9999 -9999 -9999 -9999 -9999 -9999 1364.67999271247 1341.67749028234 1312.9425049049 1271.07000736743 1243.11502090929 1206.76000984576 1206.65502915791 1211.20501705599 1253.94000248677 1174.09002717372 1119.06500254891 1067.84750388146 1084.96249366841 1191.07995548948 1323.46749852255 1348.8850096159 1373.03750612562 1336.01501489338 1225.79998777757 1227.5699772267 1226.99999971894 1290.83749367368 1341.18002324634 1276.36248815672 1263.02001928614 1348.34252902619 1387.20495597568 1378.49249279708 1367.76501467916 1359.85501109424 1364.45248397906 1383.42248529071 1397.08999628783 1403.76251217819 1409.01498406452 1416.11749267467 1414.60501099262 1415.26501464463 1422.74749753832 1423.72500610341 1418.94500738769 1426.21496581459 1425.29995736114 1411.45251478431 1403.82998662543
-9999 -9999 -9999 -9999 -9999 -9999 -9999 -9999 -9999 -9999 -9999 -9999 1374.05249022042 1373.66751101463 1357.4799804745 1348.92999270366 1337.88500979324 1328.78750609381 1324.63998416462 1313.01498418252 1305.37750243253 1325.99246204976 1306.76501470936 1257.02752707157 1178.96002217464 1133.79000881533 1083.222503555 1154.65502910591 1218.60000567038 1310.62499990157 1360.64498894269 1369.83749388942 1321.12500041266 1307.17498759674 1294.69747927086 1314.37002562167 1330.35498023208 1356.88250750426 1307.69500741375 1336.54751559148 1358.36248756024 1388.09750364971 1386.17501826794 1384.71749885294 1378.14001466085 1373.43249507839 1389.47000121245 1398.70248409998 1401.06002803691 1407.95751952194 1412.1775207331 1413.29251096465 1416.74002076107 1419.19747923288 1419.75753780189 1420.05502315945 1420.22750858296 1415.98248293349 1411.86499029559 1398.23001114311
-9999 -9999 -9999 -9999 -9999 -9999 -9999 -9999 -9999 1341.94250487048 1348.56750489002 1355.69250486307 1360.07498169881 1333.26995852771 1323.65249637318 1320.6674804489 1300.89749144985 1299.08248901294 1286.06503298729 1293.10998527392 1315.69503780244 1345.8074950269 1337.35751351724 1286.27246101878 1206.65252697075 1213.54501332902 1229.73748800025 1273.20498636633 1281.4575191683 1346.85504141102 1362.47497559083 1361.7499999852 1349.46246348895 1341.18249488966 1337.13000495514 1333.86251818227 1365.70001211748 1363.26998915164 1364.45748893102 1370.00253294688 1379.360015843 1380.16998291261 1374.86248783197 1374.45248414204 1362.49499506934 1366.71249369482 1392.19000238618 1396.58749386651 1401.19003295102 1403.78250122009 1404.62002562821 1409.23751830342 1412.74749754341 1415.40002439802 1417.37499998855 1418.13500977325 1420.81249998452 1421.1174926743 1423.72998048048 1416.13000492258
-9999 -9999 -9999 -9999 -9999 -9999 -9999 -9999 1313.51000976557 1332.32751463608 1331.22250366071 1319.04748540386 1273.92001341016 1279.25747681013 1277.07498176028 1255.04754644145 1262.81750483619 1257.71249379663 1285.43746944232 1336.81997677477 1345.24249265173 1348.35748286256 1347.52499395245 1333.33248903523 1303.22747802492 1311.19750973286 1329.26501456529 1337.53503414833 1351.70999142122 1354.82501220765 1351.41003418266 1351.28997802819 1356.49249266055 1357.80746461736 1350.16500852687 1350.84252932591 1358.81750479246 1365.54000853182 1367.24499510389 1369.80499267601 1372.73251341169 1375.26251219582 1378.70999146027 1381.26995849094 1382.84750366784 1387.76501464019 1389.98248289786 1392.92248534671 1394.20004271591 1393.82751465662 1394.35250852231 1398.16250605381 1405.61502073 1409.1974792337 1412.26501463855 1411.86749266619 1409.38497923899 1407.93746944592 1415.43749997816 1417.10250853362
-9999 -9999 -9999 1285.16998291346 1290.52749633103 -9999 -9999 1309.00750731024 1303.16500851985 1317.27999876563 1313.75747684164 1311.17999268621 1315.8074951078 1324.79498291367 1316.77999878886 1322.89749143693 1331.99002073507 1332.17749018666 1343.47000120838 1340.05249019028 1347.3000183055 1346.62249755496 1345.79501343306 1343.32000734961 1340.43750000082 1344.50750729766 1345.33752440771 1345.66250610364 1343.45248413796 1341.87246704769 1340.44250487638 1342.92251586484 1344.54748534774 1346.83749388826 1350.03247069802 1352.94998168891 1354.09500121408 1357.14498900314 1360.41000364072 1364.8599853318 1367.94247434996 1367.84002685959 1366.19000247491 1375.67248533075 1373.96997075504 1379.41497798686 1384.61251829434 1386.16998288812 1387.56246943793 1388.56747438862 1375.23751841299 1380.85000602072 1395.35250850448 1402.45748898155 1406.10748289262 1407.30249025742 1404.67999268377 1393.76751706498 1392.38751215336 1395.3274840157
1260.47003173851 1253.15747070633 1273.25253295978 1276.71502685381 1282.21997069254 1289.66253662449 -9999 1295.040008525 1281.09246825538 1315.70251464005 1321.08502196686 1325.59997557876 1328.93002319126 1328.13748171149 1315.85748289713 1331.55749512004 1337.40750120982 1336.28250120602 1337.03497315396 1337.10501098905 1337.28250121998 1336.17999268871 1335.32751463807 1332.2774963285 1330.50250245842 1329.92752075091 1329.78750610618 1328.50000000221 1328.40750122052 1330.38748168323 1332.50003051263 1336.86502073602 1339.02999875572 1344.13748166659 1346.55249022683 1348.9875183017 1344.45001224502 1353.19250487476 1337.53002932835 1333.68749990676 1309.71252463614 1289.92498785306 1305.35253906468 1340.34252909268 1364.38250737398 1357.35247798735 1341.76501482485 1364.57748414778 1344.70248433538 1342.33499144404 1356.52999882501 1374.06249995404 1385.20748895148 1396.35250854375 1398.82751462706 1400.51501461676 1401.69000244389 1397.90499881092 1389.2049867319 1361.29748552388
-9999 1253.63998413104 1258.78500365949 1270.59750366417 1263.89749145763 1257.01498414671 1273.61752317257 1281.77746582385 1277.27252196152 1295.17749025659 1309.64999388457 1308.09997559289 1316.08999632163 1313.49499512943 1308.44750979297 1315.70498653054 1324.3175048999 1324.42749024361 1325.56500242894 1325.2925110022 1322.09249879457 1324.95248416971 1318.23501586273 1314.26251220373 1314.99252319558 1314.88000487706 1317.32003783248 1318.8675231812 1322.0974731297 1327.60751341385 1330.4400024272 1335.33749389675 1334.04998783491 1324.52001959641 1321.03747560131 1321.78750616759 1310.36999513559 1319.19497687408 1302.11248784638 1282.59249890967 1282.84750354579 1296.13497927278 1274.28750630167 1277.16250596525 1312.35751340209 1304.75000012823 1279.50500488912 1276.50750713226 1297.14498899901 1272.52001955174 1280.64498862143 1326.36248765004 1366.88494863895 1383.20001215177 1382.48751835732 1384.99002069303 1384.79251097483 1381.97000133675 1328.17999306852 1271.06500257364
-9999 -9999 -9999 1257.35995482351 1265.51748656366 1273.12249756126 1261.22500609383 1274.73751828561 1277.33999636596 1259.92251585774 1279.65750120998 1293.23751830199 1307.28997802231 1298.74746706468 1283.90496825108 1305.85003657251 1315.70748901627 1307.68499755863 1305.94750975389 1306.49499514273 1298.98999024135 1298.57998657625 1299.61499022046 1304.88751217852 1315.7799987633 1319.83245852597 1315.44000241358 1322.25500488602 1324.16250609162 1323.29251100456 1322.83996582899 1326.20248412782 1327.28497314714 1322.78997807173 1324.15496822865 1325.70999147887 1322.47003176059 1313.95751955428 1301.3250122693 1296.59747317278 1291.0325011452 1310.00500474715 1326.65249631521 1329.67999262378 1330.52996834023 1323.19000227713 1320.35748295033 1293.71499639755 1283.51751715552 1237.83001737192 1225.02499363472 1285.90499833506 1314.67749035122 1343.96997051763 1357.86001579725 1352.7849730568 1365.84750347778 1348.57998680338 1313.32498147363 1324.10000596772
-9999 -9999 -9999 1226.49002075364 1234.99249266478 1254.28753660073 1270.72003173979 1271.35501098223 1265.7199707134 1244.58248900379 1283.70748899477 1292.16247557509 1295.51251220759 1295.25003051745 1294.79498290567 1301.59497071614 1304.89749145871 1295.97000125758 1282.2399597175 1280.83999633383 1280.94000244246 1284.74499509231 1297.53500364725 1306.70001224014 1296.32250980307 1297.85000602206 1309.10998533654 1315.69747923106 1317.11251830938 1318.75747681484 1320.52252196418 1321.20501708708 1323.83499145309 1326.4150085343 1327.93502806102 1327.87002562487 1327.32250975918 1330.99749757581 1329.96002198207 1324.25750742216 1322.5000001054 1310.29498298663 1318.38250719798 1336.64999378144 1341.4624633894 1339.82998654395 1322.50250249933 1320.47500627573 1299.9275206992 1305.12753301139 1251.48751853353 1245.10250864814 1234.45498640666 1278.01501437783 1306.63500961214 1341.04751554949 1375.29251087072 1385.60000605334 1385.40246578139 1389.74996949356
-9999 -9999 -9999 -9999 -9999 -9999 1252.82998655278 1256.80001831166 1240.43002322533 1233.34503172134 1267.11499022609 1277.47747804873 1282.08251951629 1288.65750122183 1291.13003540059 1290.77502441809 1286.20248414345 1273.56497196473 1263.52249145552 1263.40750122326 1264.68499754517 1281.61251818907 1302.44750977377 1301.67248533333 1303.6300354003 1305.24749756237 1306.19250488218 1306.31500242387 1308.18249509724 1310.11752319193 1309.59750366412 1312.68252563077 1315.08752440032 1318.37499998248 1320.18249511538 1321.66253661869 1323.30749510057 1327.50750729798 1330.58999634171 1333.72000120728 1334.81250001102 1333.25500488836 1337.79751588265 1342.27252193299 1343.91250611664 1345.42251591557 1336.69747936164 1295.66998316344 1295.05999727942 1325.74002074703 1327.26751708834 1327.9100343248 1320.1975099495 1321.41250581458 1349.08752435865 1350.22247290763 1379.18249506956 1384.98995970549 1388.37249754558 1390.38000486293
-9999 -9999 -9999 -9999 -9999 -9999 -9999 1240.33502200004 1215.97747803379 1228.40002436959 1256.52999876553 1257.64001465456 1264.80001832174 1267.48498535238 1266.35501097887 1262.01498414322 1253.0075073391 1246.03997804097 1244.52249145622 1248.25500485325 1273.0450438953 1289.62252807217 1286.11499024201 1284.18002319515 1286.31750488793 1289.58999634422 1291.09500121625 1291.87249754864 1291.80001829694 1293.98251342421 1295.75747680527 1299.59997556886 1302.48751832038 1303.23999022849 1305.52749632554 1307.70751951942 1311.07501217665 1316.25500485374 1321.95001217946 1326.63748167576 1329.33001708397 1332.72000120992 1336.39749143304 1340.55999753367 1343.75500487414 1346.35000609752 1344.65499876518 1331.92001355589 1291.66998296887 1322.66000346638 1347.22998047839 1358.26501466043 1353.86248772807 1361.05999755431 1365.27996823165 1370.79751583793 1376.46499629786 1379.02499387046 1382.95748902691 1384.59747311993
-9999 -9999 -9999 -9999 -9999 -9999 -9999 -9999 -9999 -9999 1208.04995726723 1214.69750976204 1221.47000121216 1228.25500487462 1232.69250487131 1235.3850402893 1231.58749390687 1227.27749635091 1227.38250732367 1231.79498290245 1242.67001335741 1255.72250365278 1259.35250853442 1263.67254637782 1267.47000121991 1270.15750121367 1271.70999145179 1272.51498411821 1274.07501219147 1278.29251098118 1279.99999999942 1282.30001830129 1285.85748289449 1290.91751096737 1294.70248411779 1302.04498287518 1308.89248657628 1310.46249387454 1312.66003416285 1314.91247557353 1321.45251462049 1325.222473133 1329.49746701614 1333.32247922799 1337.54251097541 1341.03250119364 1344.92999266584 1343.26998908477 1319.9574891164 1337.63250712324 1354.62496941994 1358.74749755795 1362.63247678574 1364.83749389204 1367.05502318909 1370.46997067865 1372.19747923246 1373.59497070093 1374.1125182972 1376.29748534026
-9999 -9999 -9999 -9999 -9999 -9999 -9999 -9999 -9999 -9999 -9999 1198.65002441289 1202.079986565 1207.80996703382 1211.70999145682 1211.49002075494 1209.25497437008 1210.67752074201 1214.79501342304 1216.8574829082 1221.75497434198 1232.77999876008 1239.56503295056 1247.95251461216 1261.26998899337 1263.25753787494 1252.38003539619 1256.11251828153 1266.52499387091 1274.80252071424 1281.39501949928 1282.76751709529 1286.74499509889 1288.6249694711 1290.65496825697 1291.25747679318 1296.84750363071 1306.00750729762 1308.49752807577 1309.04501340564 1313.16250609675 1316.92999265272 1322.28500364125 1326.04748534188 1329.65753172889 1331.00750732747 1331.40997312135 1329.25497434427 1318.19497685738 1343.58999620841 1353.3525390531 1356.06500243413 1359.070007318 1360.82998655868 1362.1849670303 1363.95001220322 1365.14498901022 1364.9050292916 1366.14749144139 1367.5099792293
-9999 -9999 -9999 -9999 -9999 -9999 -9999 -9999 -9999 -9999 -9999 1185.97750853729 1189.10501098523 1190.08499145426 1191.20748900976 1193.4324951175 1195.05999755315 1198.94747924028 1201.13998412677 1202.2649841277 1204.65252684716 1213.50750730228 1231.22003169327 1237.11499026866 1231.85998537005 1232.71249391317 1234.58251952227 1245.99999996183 1250.79248046291 1250.8850097769 1254.02252196535 1256.98999021093 1261.95748899764 1268.20251458708 1279.89001459963 1290.70001217518 1294.62997435283 -9999 1300.47250364825 1304.14248655277 1308.1974792276 1310.31249999228 1311.93249506375 1316.42495726983 1312.62249760215 1307.25500491983 1302.45498663655 1308.79748528258 1333.78750604476 1341.37499996588 1346.36251828977 1350.01251218496 1351.99749753118 1353.5524902329 1354.52502440793 1355.88998413023 1356.19000244562 1355.99999999704 1356.97998046451 1356.91998289925
-9999 -9999 -9999 -9999 -9999 -9999 -9999 -9999 -9999 -9999 -9999 1176.50000000624 1175.77746581698 1178.0950012165 1179.79244995132 1181.33749389309 1183.50250243572 1185.62249755523 1187.44000243978 1187.88000488043 1189.68749999375 1204.08502198139 1200.82498171715 1204.15249632418 1210.62750242594 1217.08499144314 1220.61502075721 1225.38751220422 1233.95501699956 1250.70748900937 1252.67251586208 1252.47000110025 1263.94750968798 1274.90750120193 1278.45498655731 1284.85501096714 1288.24999999463 1290.54251096324 1293.24502562896 1292.30749514082 1295.15750123497 1289.27499400029 1282.56997675161 1285.49249276603 1291.60501092141 1293.04748530513 1301.6399839945 1324.34500116248 1331.3925170773 1335.38250729856 1338.5350036516 1343.38500975855 1345.10748288013 1345.0175170951 1344.74996946868 1344.4599914538 1344.8049926857 1345.17248538357 1345.31253051808 1345.73751829379
