socal_rasters/aridityIndexThornthwaite_SPHAsouth_aggfac2.asc
NCOLS 210 
NROWS 130 
XLLCORNER -119.45 
YLLCORNER 32.483333333 
CELLSIZE 0.0166666666666667 
NODATA_value -9999 
[rows 26 to 51 of 130, columns 120 to 179 of 210]
91.2450008507369 91.5200023479453 81.7499999904105 82.8024997504856 83.5525016833397 83.0700016103189 83.7825012915923 86.0699994618513 89.897499107903 89.9300002806968 87.3850001327036 87.6924992131182 88.9475002401396 89.2899990127664 89.0624980855888 88.7749996317239 87.4324989755366 87.1099987478947 83.3949985673397 83.1025009172584 -9999 -9999 -9999 -9999 -9999 -9999 -9999 -9999 -9999 -9999 -9999 -9999 -9999 -9999 -9999 -9999 -9999 -9999 -9999 -9999 -9999 -9999 -9999 -9999 -9999 -9999 -9999 -9999 -9999 -9999 -9999 -9999 -9999 -9999 -9999 -9999 -9999 -9999 -9999 -9999
92.100000375948 85.6399995801037 84.862501014949 82.7374972807835 84.4200000691628 85.0100002233707 84.5149994367462 83.6774997792724 83.489999827304 84.7574995797233 82.075000794834 85.3599988200057 81.9775009184362 84.7525004284034 84.4200001885183 81.5024986446901 83.2175005906081 87.5900002014178 86.1300010890074 85.3999996073449 84.4999981522054 -9999 -9999 -9999 -9999 -9999 -9999 -9999 -9999 -9999 -9999 -9999 -9999 -9999 -9999 -9999 -9999 -9999 -9999 -9999 -9999 -9999 -9999 -9999 -9999 -9999 -9999 -9999 -9999 -9999 -9999 -9999 -9999 -9999 -9999 -9999 -9999 -9999 -9999 -9999
85.6474991421088 81.9775008977805 83.3124980792025 84.6774997606247 85.2174987737105 84.7325001257765 81.8575000703763 81.9749984955444 80.7400016679167 81.2250003839421 81.4849986855608 82.9874992391963 83.4375000479403 82.2674980330519 84.8775005033668 84.6149998714938 82.637500796949 87.5450019012096 84.3950004514208 87.4025000848027 87.3274975170391 85.6324996795582 -9999 -9999 -9999 -9999 -9999 -9999 -9999 -9999 -9999 -9999 -9999 -9999 -9999 -9999 -9999 -9999 -9999 -9999 -9999 -9999 -9999 -9999 -9999 -9999 -9999 -9999 -9999 -9999 -9999 -9999 -9999 -9999 -9999 -9999 -9999 -9999 -9999 -9999
82.8049984021988 83.2924995353932 84.1700000643657 85.1175002946827 83.812498187379 83.0749989020764 81.8775005650939 82.1575011679967 82.0474987276609 81.8325004522005 82.107498166329 82.2900009197959 81.7700023441144 81.8624973178588 85.1599997526486 83.1299992068155 86.2374990698773 88.0450019702543 85.3600008152939 81.8325003878465 88.4474983391043 87.4200019809409 86.4799996614059 82.8899994863648 -9999 -9999 -9999 -9999 -9999 -9999 -9999 -9999 -9999 -9999 -9999 -9999 -9999 -9999 -9999 -9999 -9999 -9999 -9999 -9999 -9999 -9999 -9999 -9999 -9999 -9999 -9999 -9999 -9999 -9999 -9999 -9999 -9999 -9999 -9999 -9999
84.1474990827469 84.362501143133 85.075000757326 84.4750004300456 82.7200012672953 79.9899978568205 80.4525012884226 81.1499996073318 81.9724979357698 82.2474994650768 82.570001599681 83.0150012874559 83.0625000094869 82.817501064419 82.0300007159211 81.7549992021589 81.7100009438686 81.2849997967442 82.0174999724952 81.9224987228466 85.4025001285816 82.9849986230347 83.6175003880258 82.5025003634968 83.6700001612698 84.9999999505483 -9999 -9999 -9999 -9999 -9999 -9999 -9999 -9999 -9999 -9999 -9999 -9999 -9999 -9999 -9999 -9999 -9999 -9999 -9999 -9999 -9999 -9999 -9999 -9999 -9999 -9999 -9999 -9999 -9999 -9999 -9999 -9999 -9999 -9999
85.1000003796295 85.4700012181515 84.6700001265796 81.6599998419889 82.1124992281466 80.7700004800478 81.0874996089899 81.7025012905459 82.3125019003563 82.8099994632228 83.395000453528 83.8625011412708 84.0424995385683 84.1125011511643 83.7599983310355 83.7075004501322 82.440000545786 81.4650001499631 81.4025001313006 82.380001074508 80.8050003006154 82.1024989877807 80.8750000084344 81.7200012360458 85.7375010363923 86.4774990374874 84.4524993959428 -9999 -9999 -9999 -9999 -9999 -9999 -9999 -9999 -9999 -9999 -9999 -9999 -9999 -9999 -9999 -9999 -9999 -9999 -9999 -9999 -9999 -9999 -9999 -9999 -9999 -9999 -9999 -9999 -9999 -9999 -9999 -9999 -9999
83.6774997719252 82.8775005842822 80.5799999157549 80.3499984328564 80.0375003780227 80.7750015158148 81.4550018102829 82.2800006846977 82.8199996908986 83.4999999910985 84.0624999958886 84.1649990084297 84.189998623673 84.30000114237 84.1774997730442 84.119998931626 83.9925003110395 83.5524997833255 83.1049995485828 81.9850006380519 82.3074989518714 80.3949985523064 84.8675021639547 86.4050005647213 87.8549976453725 86.6250000802883 86.0075015396559 86.9500007665999 -9999 -9999 -9999 -9999 -9999 -9999 -9999 -9999 -9999 -9999 -9999 -9999 -9999 -9999 -9999 -9999 -9999 -9999 -9999 -9999 -9999 -9999 -9999 -9999 -9999 -9999 -9999 -9999 -9999 -9999 -9999 -9999
79.2075023617765 79.667499536785 80.1075000729027 80.5625019029865 81.1200008344794 81.3050003001439 82.1024989986385 82.8975009846399 83.3899993776264 83.3699989662532 84.2199974070026 84.3674983971996 84.325002672565 84.2800006904688 84.0975017582275 83.9875011476429 83.927497867809 83.4874992476926 82.927499775217 82.2725010023421 82.4125003386821 82.0649986188735 82.1299991994028 83.8025015955829 82.9300004022911 85.4624995300488 86.1950016018927 85.9850006151379 85.9750003959292 84.6350002771224 -9999 -9999 -9999 -9999 -9999 -9999 -9999 -9999 -9999 -9999 -9999 -9999 -9999 -9999 -9999 -9999 -9999 -9999 -9999 -9999 -9999 -9999 -9999 -9999 -9999 -9999 -9999 -9999 -9999 -9999
80.3174991608814 80.7350006043198 81.1874980878565 81.6675014471089 82.0750007612752 82.4725017479313 83.0974998361808 82.1525001461379 82.635000220541 81.2900009150328 83.6399993490344 84.4224987041328 84.3475017574172 84.1175022180047 83.8199996997037 83.5949993167177 83.3299999299608 82.9700012254286 82.6325016070651 81.7899990198981 82.0149993362646 81.5300007147433 81.7600002615304 82.1749992647344 81.3099994750471 82.0349997212875 85.5850008782562 85.4825001203681 84.7099991264363 82.9400005620313 81.1324997188177 -9999 -9999 -9999 -9999 -9999 -9999 -9999 -9999 -9999 -9999 -9999 -9999 -9999 -9999 -9999 -9999 -9999 -9999 -9999 -9999 -9999 -9999 -9999 -9999 -9999 -9999 -9999 -9999 -9999
81.4025001497122 81.6249999942006 82.1349983191945 82.6524982349821 83.1425018214277 82.0575008484578 81.8674984233083 81.5900001457718 81.6849975568764 81.4874992396569 82.1674995057322 84.2299995422363 84.1250000017709 84.1275005326556 83.904998783406 83.5699996945657 83.259998331697 82.752500542327 82.3775005357763 81.4475002367391 81.6625003883107 82.4874992990649 80.3824996737372 80.8774986167081 81.3650016817779 80.6175003211499 80.3900012488845 82.4999980971575 87.6974983281964 85.575000786347 83.6324997300246 81.257499707408 78.8225002729951 -9999 -9999 -9999 -9999 -9999 -9999 -9999 -9999 -9999 -9999 -9999 -9999 -9999 -9999 -9999 -9999 -9999 -9999 -9999 -9999 -9999 -9999 -9999 -9999 -9999 -9999 -9999
83.3325004647795 81.2749997064508 82.0000019136642 81.0525017101826 81.0124988450125 82.152498241525 81.8750000248774 81.7075004632414 82.7849979508583 82.6724986650482 82.5850010050276 82.5324993205111 83.1350021223164 83.7749996136874 83.5325012295632 83.0125007695366 82.3350010058947 81.7725009898526 80.6999988738374 81.08749961893 80.6224994872693 81.815000538651 80.8525009423279 82.9375000075346 82.0599994841518 80.6124973495755 82.2550009965044 86.5575026737794 86.2700004849838 84.9324989223227 85.3349990867713 84.4200000953845 83.4000015296634 83.7749996185296 83.027502075128 -9999 -9999 -9999 -9999 -9999 -9999 -9999 -9999 -9999 -9999 -9999 -9999 -9999 -9999 -9999 -9999 -9999 -9999 -9999 -9999 -9999 -9999 -9999 -9999 -9999
82.0000000115036 81.3250007610826 81.0550003292662 81.5925006931298 81.882501582562 82.6274986258705 82.184999494926 81.452501312699 83.1175003403831 83.9724998732511 82.2875004052656 80.6149997939665 81.4925002610303 81.2500000201371 82.6874999718792 82.889999388873 81.0600014126436 80.9400005364211 80.8275012815272 81.7825012754388 81.3375015034791 81.6700000849394 81.2100009662447 83.2525005435103 82.3674984081733 80.8724995055308 82.6375006716081 83.2000006393016 87.5000000303391 86.9899997791111 86.5075016123739 86.3050022159956 85.7050018295994 86.2224998469727 85.5925007000675 84.41499901857 82.655000707264 -9999 -9999 -9999 -9999 -9999 -9999 -9999 -9999 -9999 -9999 -9999 -9999 -9999 -9999 -9999 -9999 -9999 -9999 -9999 -9999 -9999 -9999 -9999
80.4675006957333 81.4750003745099 81.9274997560317 82.5650024329172 82.9325008398275 82.9599990887859 82.2574997021909 81.3500004002147 83.2324981911497 82.6049995506434 81.7275027943459 81.672498775439 80.0450000509951 83.7600002039023 81.0974998958201 81.9000015031137 82.2749995971606 80.8074989587927 80.5100002246504 81.3874988280234 81.3749999592242 80.8875007973867 81.9899996712645 83.2899990163985 82.6225013908108 81.7750015464368 80.3374996441245 82.3174992482102 85.3550012851314 88.1400013032766 87.8249988705327 87.1600017729837 87.5124988385576 86.8199996886692 87.1350002135419 86.802501691381 85.0999985733267 86.1825027307934 85.5475006180683 -9999 -9999 -9999 -9999 -9999 -9999 -9999 -9999 -9999 -9999 -9999 -9999 -9999 -9999 -9999 -9999 -9999 -9999 -9999 -9999 -9999
80.9925022538221 82.3850021160481 83.2175006844237 82.7024993987264 82.9475002228201 82.6875000020367 82.2325019910092 81.6525001368866 81.1025008989662 82.6399994257483 84.2074985692277 88.7474994075652 85.2000008777971 83.24249838572 83.4875010238387 82.3924998384629 82.1649989865498 81.6899986597866 81.3474998184561 81.592498757322 80.8775005384845 81.1949996461941 80.9000015726777 82.5450000313588 82.7725010024436 81.5750007846088 79.9050007090233 83.8175010783908 81.3399982492079 79.2825012185625 83.6900005375017 86.5675011576381 85.1649990038089 82.2975024369537 81.357500174967 79.9350013691349 80.3600006043759 82.564998557541 83.4150009784721 81.7050019355111 83.5400009332982 -9999 -9999 -9999 -9999 -9999 -9999 -9999 -9999 -9999 -9999 -9999 -9999 -9999 -9999 -9999 -9999 -9999 -9999 -9999
82.7374992392457 83.3274993851246 83.3200016089556 83.2499980964243 82.8350009944361 82.4300003111663 81.9700012284321 81.2449989433266 83.2425003057884 89.1949996518022 83.4624996336033 81.6550006901604 81.967500672099 82.1550007883509 80.5349998435598 80.9900017027842 83.1075000381136 82.5575008359508 81.9674988238552 80.5600013796836 80.609998699515 81.8850021378514 81.4099979596528 80.3125000069865 80.7474994216611 82.694999719549 81.4949989388773 81.5599994704482 81.3024978704326 80.8299999379782 80.202499416802 79.0174999345527 79.450000737608 80.6774997571967 81.0124988524931 81.0500010977964 81.8725013579023 79.5299987925287 80.8399983030421 80.2150000645752 80.5174980309128 84.1650008652675 82.0975000160456 -9999 -9999 -9999 -9999 -9999 -9999 -9999 -9999 -9999 -9999 -9999 -9999 -9999 -9999 -9999 -9999 -9999
82.8224983331517 83.1949996943602 83.1450004622077 83.0874996186482 82.5174999338085 82.0499992413734 82.0575008391126 81.8950004326889 82.1674995629687 83.7224997770637 84.0800019117843 79.6449985318351 81.2049999350901 82.2000007550359 83.7775001914955 83.0475006166898 82.2449989824433 82.2274989634184 81.9074993224766 83.582500451505 83.5225009804201 82.6975002817007 81.8525008846471 81.2074985354816 83.5849990836449 83.2224998544963 82.5974979424412 82.2749996244445 82.0300006866455 81.9550018313403 81.6100006083404 81.0524997822549 80.5324993164122 80.9225006444949 81.3649997348335 80.0149993667881 81.2425003196693 81.5599994731605 81.4224987509704 80.7600002358863 80.2650013175302 81.8024978407975 81.2100009812732 82.2474994311339 81.6600017268073 82.1675014235159 -9999 -9999 -9999 -9999 -9999 -9999 -9999 -9999 -9999 -9999 -9999 -9999 -9999 -9999
83.344997410147 83.4549980205331 83.0850009972008 82.9074993160663 82.2524986408529 81.677499770039 81.4949989292273 82.0225009763626 81.0149993771354 81.5650005409808 80.6624984966704 80.9799995294308 81.5149993815526 81.0475006250079 80.4050006843337 80.1200008294021 80.4200000799423 80.7674999185867 80.920000086342 80.8675002805378 80.6000003838846 81.3500003833603 81.8024997747924 80.8999996670277 79.9325008465449 81.607501881825 82.8074989345422 82.7674999269449 82.3250007649242 82.3325004573354 82.7749996124961 80.9125003874009 82.5025005411909 80.2749996472525 80.8099994476526 82.2324981474199 82.7924995674861 82.5674991543018 81.8200015918837 82.3949985330566 82.0000000318708 81.5200004821244 82.7049979819176 83.0375003931759 83.7375011426811 85.0349998537314 82.1024990439404 -9999 -9999 -9999 -9999 -9999 -9999 -9999 -9999 -9999 -9999 -9999 -9999 -9999
83.2100009955023 83.2199993163702 82.7824993211898 82.2500019141865 81.5524997555483 81.7775001258702 81.0224991193733 79.8924999272358 81.2625007620803 82.0499992313735 82.2899990146572 82.3400001515838 82.597499843238 82.810001371507 82.5625000062922 82.3724994671066 81.8125018954916 82.42000197918 82.6699981538725 83.0424995375754 82.3174991743144 81.235000618187 81.0475005770219 80.9999999983552 81.2424983880319 83.4374999973607 82.7425022174193 82.552497861094 82.4400005349084 82.6674976318906 82.1324997498497 79.6924991522337 80.2800006674291 81.2499999862254 82.1625003698178 82.3700008671418 81.5375003645871 82.649999604998 82.2349987447659 82.5125007886729 81.6999988390429 82.9274978478893 84.4175014323653 85.4450015909349 86.2149982241954 86.9424991577651 87.6350002234779 87.4050006981593 87.3775005042998 88.3024997220884 -9999 -9999 -9999 -9999 -9999 -9999 -9999 -9999 -9999 -9999
82.8824997020716 82.3950004658832 82.1299991666141 81.8049984067876 80.3174991746726 81.2625007958873 80.5899982377519 80.0124988571733 79.5325012205809 81.8450012029006 82.8075008323812 83.2600002241112 83.5100002296407 83.4974975617799 83.5774993897769 83.6599998487055 83.4800014545365 82.9075012302852 81.7724990928027 83.9750003809368 84.0675010634204 84.2224998529504 82.7574997202633 81.7425003228481 80.3675002992432 80.7649974978569 80.9900016026623 82.2049999020203 82.4774990066191 82.6075000607368 81.3075009540271 80.1000003678748 81.0500011315979 82.0300006804906 81.7874984904942 80.737499198612 81.3999995802831 82.5874996448435 81.5799980160545 82.1075000691369 83.1000003633888 84.0500011277577 84.9250011326189 84.4099980040618 85.2725010610795 85.9999998840348 88.1574993074734 88.71749877402 88.8749999958176 89.3024997586582 90.0925025785309 -9999 -9999 -9999 -9999 -9999 -9999 -9999 -9999 -9999
82.0525016829528 81.1475009995922 80.9800014535609 80.5500011644527 81.3125000115281 80.6099987049197 80.0700016036219 79.9550018135274 80.207498615065 80.8774985843037 82.6925010473095 83.7574996901793 83.9799995414774 83.9774990070317 84.010000224773 82.1125011750641 81.1350002708399 80.6200026940773 81.3949985271447 84.397499077148 84.7099990812536 -9999 84.5224990927714 83.2500000342495 81.520000453901 80.0675010679766 80.5025005420298 80.8999996633091 82.1124992794492 81.5825004596177 80.2674999232755 80.2900009644108 81.9249992286178 80.9175014778676 80.4250011801027 79.6825008191917 81.3574999503462 80.2899989678825 80.7600001577626 81.1974983219889 81.5399990069526 83.0625019327876 81.8500004640008 81.7124996127542 81.7474974984447 82.8699987843194 87.3549976034155 86.5525016444059 86.2549992074127 89.8924999164244 90.3549995331212 90.9749984639702 -9999 -9999 -9999 -9999 -9999 -9999 -9999 -9999
80.317499164792 80.9925002939242 80.6949997184475 81.5475005892468 80.917501455884 80.14500045369 80.8150005673894 79.2224998538632 79.2499999852789 80.1225013585793 82.2000007325408 83.5774993774711 83.9624996161268 84.0849990816687 82.4399987147952 83.0600013797584 82.1025008955898 -9999 82.3824997084431 84.1350002009149 84.7625007601227 84.8875007601026 -9999 -9999 83.3175011397105 81.3575000300378 80.7800006860856 81.0224991108049 81.797500619283 81.2024974641734 81.7474994629249 81.24250027813 80.6875018839099 82.0124987555054 83.1374988722616 87.4099998518659 87.9125022764176 81.8400002629532 80.6299991292941 80.5475005617769 80.8074989534896 82.2299996480035 82.0099982349658 86.0100002201416 81.2924997028929 81.3124998674448 82.7350005594901 81.6474990446578 81.8149986006511 86.1399974399053 83.9825001581704 89.7399996774677 -9999 -9999 -9999 -9999 -9999 -9999 -9999 -9999
80.5624999881511 80.1725025335909 78.9075012392975 79.8249988228144 81.1649990255316 80.4149990088981 80.0100002469966 79.4624996327716 79.7350005948946 80.0375023000688 80.9699992612776 83.2725009776352 83.917499536291 84.1299972516337 84.0600013809953 -9999 -9999 -9999 82.2274989710251 84.4774990133727 84.6924991574132 84.8575000758886 84.9149990054578 84.9549980147135 84.7650013052742 84.3100013796807 82.1125012153191 80.8500004099146 80.6674995075029 80.4174995432357 80.6800022067783 80.857500133132 81.0549984263613 80.2575016330928 85.8625010065027 83.0824985564975 85.2574995473586 87.6150016682419 83.3874988387987 80.7100010609525 81.2300013245546 85.6725006842039 82.9449997286433 82.3174991306407 84.0325012714301 81.9300002587259 80.6450004854194 80.9724979283916 85.1199990438425 81.21500012702 81.3124999418906 82.7374991671489 89.7299995033714 -9999 -9999 -9999 -9999 -9999 -9999 -9999
-9999 -9999 80.1150016861847 80.5150012880364 80.7499999997625 80.1499996206866 79.4049987734996 79.7374992308524 80.2350005998014 80.3924999270439 80.5799999007821 82.725002271745 83.610000602509 83.9899978609657 84.0774993910609 83.6399994095682 -9999 82.1624983999579 84.2124996043825 84.4675006889097 84.5349998447296 84.6850013716701 84.6925010696118 84.7200012168674 84.8099994659425 84.8050003046202 84.7975006214004 83.084999118267 80.9549999373162 82.5499992978616 84.6450023536151 81.4174995227129 79.7275009546892 82.4225005477794 85.8224984677037 81.3250006275503 85.1725004733445 86.2849998768827 86.1725006086877 86.767499922641 86.0375004128819 82.992500391672 79.7224998956601 78.9574985365243 82.297500514712 82.96749886572 82.1374990067493 84.9524975598527 83.4199999961878 81.0450002093076 81.2224998361812 82.9700011604537 86.3574999147432 -9999 -9999 -9999 -9999 -9999 -9999 -9999
78.9874992466084 79.7024993855885 79.737501155752 80.4549999147459 81.4225005997749 81.9724998341152 81.4274997589221 81.8250007782783 79.8800010641903 80.1075001041109 80.1274986171154 81.5350017243793 83.277498233981 83.7599983149057 83.9625015244664 83.4974994890961 82.367500333974 84.2450008329329 84.3749999992067 84.0249996238572 83.7150001558068 82.7875004080808 81.0825003621271 81.9324989103755 84.4599990828173 84.7399997655619 83.2574996938466 84.8200016018913 81.9174996186504 82.7924975399738 86.5124987390715 88.6600017547609 85.027499968135 79.6050014498787 79.8500003546259 84.6774995735311 84.7399998488063 83.1474990882279 86.7100010117954 84.5925007276064 82.6600017890833 80.3199997315195 80.3125000001566 80.672500656399 76.5175017680788 73.5275022180833 73.3799991617169 78.4499988696604 80.6950014657649 84.2700005101922 83.4024982431254 80.1625002991155 82.9199980490562 89.9875010355849 -9999 -9999 -9999 -9999 -9999 -9999
79.3225002041485 80.979999518109 81.7724990630717 81.8875007731975 81.8800010645499 82.8800010678757 82.4375000100236 81.8125000130245 82.692499125559 81.2350006259285 80.6024989709273 80.65249826294 82.4975013377461 83.5949993113154 83.8675003009385 83.8099994718925 83.3775005130781 84.2024993892547 83.7449989472226 82.8000011622552 82.0950012308977 81.4125004037589 80.0799979894216 82.1625022590912 82.7949999943517 84.4425010635314 84.6125011425911 84.7174987785928 84.6450004620169 83.7224998915136 81.8574981558715 80.1800003051763 81.5275001055653 81.0975017408394 82.0675010541031 84.3150003116778 80.829998051618 80.0424976663127 83.0499989574292 85.6200008858284 83.6825008611445 83.02499771704 83.0524978797484 81.7724972397162 76.3824997562298 67.2749997942178 65.8725011852566 71.3724993909488 74.1199989135473 81.7625006630989 82.3549997343057 80.3149985304376 80.9825019337439 88.7649992859617 -9999 -9999 -9999 -9999 -9999 -9999
80.6124991969125 82.3449992894598 81.4775028279051 81.424999230694 81.1324996937544 81.7099971766443 81.4724979428409 80.8999977138596 82.9874991962103 81.8100014155718 79.7099990682769 79.9174995436177 82.1450004296816 83.3599986943363 83.6874999967898 83.8425006836703 83.9249992373212 83.8049984049151 81.9400005525678 82.3474998589996 81.277500176866 80.815002447351 79.9650001076941 81.1425018177659 82.9425010064508 84.1350021348413 84.2600002291614 84.352499006348 84.2800006897645 84.2175006862174 83.482498211329 83.6250019304891 81.2224998749277 81.5675010632799 80.4400005485124 81.6899985792051 81.1724987157017 81.4025001948394 85.7025011739754 86.4624996530953 85.3699989233046 84.7574997338317 83.7275009355392 80.3725014446239 74.8750019795901 68.9425011175692 71.2649992815652 75.1525000971027 77.1100005112653 81.38750063915 82.4125005867231 81.710001016053 81.3274993624768 87.5424993784228 92.4825019784783 -9999 -9999 -9999 -9999 -9999
