socal_rasters/aridityIndexThornthwaite_SPHAsouth_aggfac2.asc
NCOLS 210 
NROWS 130 
XLLCORNER -119.45 
YLLCORNER 32.483333333 
CELLSIZE 0.0166666666666667 
NODATA_value -9999 
[rows 0 to 25 of 130, columns 0 to 59 of 210]
-9999.000000000000000 -9999 -9999 -9999 -9999 -9999 -9999 -9999 -9999 -9999 -9999 -9999 -9999 -9999 -9999 -9999 -9999 -9999 -9999 -9999 -9999 -9999 -9999 -9999 -9999 -9999 -9999 -9999 -9999 -9999 -9999 -9999 -9999 -9999 -9999 -9999 -9999 -9999 -9999 -9999 -9999 -9999 -9999 -9999 -9999 -9999 -9999 -9999 -9999 84.7475013929967 -9999 -9999 -9999 -9999 -9999 -9999 -9999 -9999 -9999 -9999
-9999 -9999 -9999 -9999 -9999 -9999 -9999 -9999 -9999 -9999 -9999 -9999 -9999 -9999 -9999 -9999 -9999 -9999 -9999 -9999 -9999 -9999 -9999 -9999 -9999 -9999 -9999 -9999 -9999 -9999 -9999 -9999 -9999 -9999 -9999 -9999 -9999 -9999 -9999 -9999 -9999 -9999 -9999 -9999 -9999 -9999 86.2124996363294 83.4799995428711 83.3999996144561 83.4400005345302 83.4974994659905 85.6149997717064 -9999 -9999 -9999 -9999 -9999 -9999 -9999 -9999
-9999 -9999 -9999 -9999 -9999 -9999 -9999 -9999 -9999 -9999 -9999 -9999 -9999 -9999 -9999 -9999 -9999 -9999 -9999 -9999 -9999 -9999 -9999 -9999 -9999 -9999 -9999 -9999 -9999 -9999 -9999 -9999 -9999 -9999 -9999 -9999 -9999 -9999 -9999 -9999 -9999 -9999 -9999 85.8350010094302 86.9500007634493 86.9800014494112 84.46499825687 83.8225002376331 86.2849998277804 86.3899994077931 85.3549995420417 85.5100002272085 83.6924972517641 84.0149993894442 84.0974998488168 -9999 -9999 -9999 -9999 -9999
-9999 -9999 -9999 -9999 -9999 -9999 -9999 -9999 -9999 -9999 -9999 -9999 -9999 -9999 -9999 -9999 -9999 -9999 -9999 -9999 -9999 -9999 -9999 -9999 -9999 -9999 -9999 -9999 -9999 -9999 -9999 -9999 -9999 -9999 -9999 -9999 -9999 -9999 -9999 86.4199981657777 83.9124984907859 86.5524978647601 86.5799980157893 86.7224998472044 86.7800006859657 86.8874988551999 85.1125011795207 84.5899982466905 84.1974983053758 86.2399997512706 86.2674999033128 87.4775009146916 85.4475021775785 83.6974983236272 84.6450004785743 85.9425010656266 84.162498474067 -9999 -9999 -9999
-9999 -9999 -9999 -9999 -9999 -9999 -9999 -9999 -9999 -9999 -9999 -9999 -9999 -9999 -9999 -9999 -9999 -9999 -9999 -9999 -9999 -9999 -9999 -9999 -9999 -9999 -9999 -9999 -9999 -9999 -9999 -9999 -9999 -9999 -9999 85.8400001523168 86.1424999261799 85.8225021348343 86.1625003806979 85.5874996335012 83.3649997797011 86.4274997716333 86.472499847047 86.512498855217 86.6275005335053 86.725000381296 86.849998473766 85.277502052544 -9999 84.0299987882747 83.0774993912392 87.2999992367656 84.157501241804 83.9775009197663 83.4400024402616 84.7024994104719 83.9874992349568 84.2174987783637 84.552501673831 -9999
-9999 -9999 -9999 -9999 -9999 -9999 -9999 -9999 -9999 -9999 -9999 -9999 -9999 -9999 -9999 -9999 -9999 -9999 -9999 -9999 -9999 -9999 -9999 -9999 -9999 -9999 -9999 -9999 -9999 -9999 -9999 -9999 -9999 91.7274990069315 91.9575004572036 92.2025012945908 86.2499980905607 86.1499996221818 86.2899990043564 86.5375003817338 83.4049987831627 86.5899982480129 86.3350009928763 86.4950027439239 86.60500144916 86.5825004569384 86.7400016789108 85.8300018115559 84.2625007773374 -9999 83.8375015297838 83.5625019041534 84.1175002929967 83.6650009127698 83.5999984740172 83.7174987755351 84.3374996195555 84.5200004635827 84.1475009908717 84.342500685566
-9999 -9999 -9999 -9999 -9999 -9999 -9999 -9999 -9999 -9999 -9999 -9999 -9999 -9999 -9999 -9999 -9999 -9999 -9999 -9999 -9999 -9999 -9999 -9999 -9999 -9999 -9999 -9999 -9999 -9999 92.3524971035958 91.7974987023715 92.0249996184061 91.8600006132935 90.8125000021406 91.8274993860225 90.6849994885198 89.3724994631117 85.4874992228364 85.3924999338489 85.1499977352307 84.5100002362514 84.8425006828733 84.2000007788885 85.730001438624 86.3899993882586 86.7175006850031 83.9624976901881 83.5200004607266 -9999 84.0649986295051 84.6525020556592 -9999 83.3199996928834 83.5724964164218 83.8850021396213 83.3199996952559 83.537500379219 83.7775001519736 83.8325004592975
-9999 -9999 -9999 -9999 -9999 -9999 -9999 -9999 -9999 -9999 -9999 -9999 -9999 -9999 -9999 -9999 -9999 -9999 -9999 -9999 -9999 -9999 -9999 -9999 -9999 -9999 -9999 -9999 90.8950004529206 90.6899986415237 92.0474987071077 91.5925006845105 92.2500019057354 92.162498475816 91.0625019141002 91.0599994654002 91.6725006089229 91.9899978626955 90.7024994139438 89.1099987514207 86.3349990782865 83.9875011334341 83.4225006057664 84.8974990595112 86.4249992382503 86.3675003050456 86.5924987798741 85.2074985809314 84.0475006112316 84.175001145449 -9999 -9999 83.4325008403861 83.5974998436838 84.1125011338473 83.6425018406446 83.0525016779813 83.2725009908879 84.5474987233883 83.7124996176781
-9999 -9999 -9999 -9999 -9999 -9999 -9999 -9999 -9999 -9999 -9999 -9999 -9999 -9999 -9999 -9999 -9999 -9999 -9999 -9999 -9999 -9999 -9999 -9999 89.4700012177091 90.3850021336011 90.8550014493829 91.2749996170603 92.3175010658022 87.5599994466209 90.5800018141699 91.8950004584851 92.184999464143 92.2749996196815 91.6700000801141 91.5474986997157 92.0925006852865 92.0825004585154 92.3850002253535 87.7825012438951 84.6024990346635 84.350000374734 84.987499238723 85.8125019221765 86.8174991615738 84.8474998489341 85.9824981526554 84.9850006443597 83.9074993059006 84.7725009858198 85.4225006153173 83.9574985471208 84.4349994650398 83.9400005389609 84.7099990707367 83.6024990161793 84.1949996727083 82.9049987779793 83.03249931207 83.4699993076737
-9999 -9999 -9999 -9999 -9999 -9999 -9999 -9999 -9999 -9999 -9999 -9999 -9999 -9999 -9999 -9999 -9999 -9999 -9999 -9999 -9999 85.4424991547532 88.2275009136156 89.6075000726374 88.9899997739255 89.4025001514919 89.8149986239763 90.6925010659358 91.642501829558 90.5399990254748 86.2325000790016 92.4375000005713 92.4999999998139 92.4224987039943 92.1224994678856 91.6024990045526 92.4475002259899 92.4724998481639 90.932500862203 86.3325004526731 84.8575019877006 -9999 83.7074985550006 85.0149993950474 84.3675022191942 83.9449996800575 86.5849990831411 85.7474994826734 83.2500019008667 84.9025001486655 85.2274990109267 84.7574996946765 84.0574970262903 83.6374988516584 85.2100009934861 83.8199977979666 84.0149993867358 83.5700016131525 83.4225025137348 84.2100009923894
-9999 -9999 -9999 -9999 -9999 -9999 -9999 -9999 -9999 -9999 -9999 -9999 -9999 -9999 -9999 -9999 -9999 -9999 -9999 90.9774990078247 90.2099971801373 88.3574981686368 89.8600006062273 91.0474987024417 90.4574985536194 88.9400005389756 89.702499385929 90.3524990064721 91.3624992340945 92.3075008369518 86.8649997414824 90.8824997131373 90.8174991392064 92.145000460514 91.6699981717777 91.6349983179409 92.4850006068671 91.0725002076546 90.9949989571699 88.1449985721341 85.4575004548625 -9999 -9999 83.9099998484921 83.2875003849114 85.8250007437407 83.8525009316396 83.2975006084016 83.2749996182523 84.1424999142077 85.2825012246081 84.4874992390763 83.8474998511708 84.579998006551 85.0249996253981 84.2000007753376 84.3074989343122 83.910001749161 84.0725002249159 84.2925014548682
-9999 -9999 -9999 -9999 -9999 -9999 -9999 -9999 -9999 -9999 -9999 -9999 -9999 -9999 -9999 81.9075012229667 86.9875030527135 92.6175003054267 92.0774993900547 91.872499467413 91.4575004584879 91.4324989300995 91.5574989310045 92.0350017554787 91.2325000803879 90.4799995449637 89.5974998533582 89.9549999187176 91.4774970947073 89.332500493339 86.3325004767194 83.2650012986813 86.9174995126728 92.07250022885 92.1300010710794 92.1874999984073 90.8474998702333 86.2649974840182 92.5299987822372 92.395000455652 88.3299999440444 84.0950031168784 84.2175006752426 85.849998456595 86.704999926425 85.6400013123718 83.9574985687469 83.5774993872452 84.0374984715747 84.5474986959624 85.3149986296978 84.5049991619464 84.3649997706171 85.0674991577532 84.7949981696737 84.364999775039 84.757501602119 84.5325031362313 84.7799987593017 83.0000000023856
-9999 -9999 -9999 -9999 -9999 -9999 -9999 -9999 -9999 -9999 -9999 -9999 83.112501144636 82.5575008409483 86.4249992451439 81.1049976366039 88.0649986195319 92.9249992368266 92.8600006109872 92.6424980173065 92.5374984738665 90.0674991823387 92.6499996190028 92.1050014521429 91.0925025977143 90.5350017591928 89.8525009119091 91.0550003026548 91.7725009875493 90.9274997891747 83.7450008468618 84.735000612697 88.4450015515429 90.9274997912341 92.5424995420715 89.3275012968304 87.9099998663683 85.6800002961538 90.952501272481 88.0224991040447 84.6175003334385 84.4824981666075 83.6024990053789 84.5924987670438 85.0650005355005 85.997499486053 83.3699989339265 84.0124988534597 84.0275001484672 85.0275001483822 85.3774986264679 84.9450016007959 84.9025001546426 85.0724983212779 84.632499692379 84.5475006082851 84.3425006907995 83.8124980954516 83.2774982488698 83.7124995993869
-9999 -9999 -9999 -9999 -9999 -9999 -9999 -9999 -9999 82.9950008399045 82.7525005325438 82.9475002307816 82.3025016797676 90.0525016634708 89.8924999413082 89.8199996765715 92.5324993128346 92.4524993896315 92.3725013735909 90.6650009286695 89.1124992360654 84.652502080606 86.6550006638792 92.3750000012564 91.5524997720308 91.6475009904339 91.792501451736 92.2925014472483 88.7825012175711 85.4875011522672 83.4775009120633 84.809999467446 85.4899997620603 87.0849991145301 86.2749996222191 86.1000022853615 84.1774997780527 84.0549983914541 85.184999461457 85.7099990839435 84.2999992355143 83.8225021384092 84.0975017398679 85.1400012974939 86.7374992348086 85.7999992497443 83.8924999181572 84.4074993097727 84.9349994632572 84.8474998521844 84.2150001525876 84.7199993129609 84.940000534659 85.0150012967927 85.0025005339015 84.6250000050866 84.5025005314145 84.4550018313841 84.4249973316109 83.5049991633801
-9999 -9999 -9999 -9999 -9999 -9999 -9999 -9999 83.8474998468031 82.8349990855248 83.0150012987225 86.7650012705083 92.1425018307566 92.2249984741214 92.2075004584421 91.9075012218715 92.0825004570233 92.03499793856 92.4200000757284 86.5849991057315 82.8574981774973 81.9400024366038 83.5450000707529 84.7599983118878 90.8824997122061 89.1874999986636 87.7874984900376 85.0924968835808 84.2724990942966 83.864999766949 84.9999980919526 85.064998626709 84.3275032084717 83.8675002926088 84.5125007613931 84.6325016051903 84.4400005409569 84.3524990091448 84.632501601695 84.689998626709 84.607500078575 84.5449981717188 84.4874992371009 84.5050010710224 84.0125007640012 84.4925003043503 84.6474990822086 84.4875011458153 83.9500007649767 83.5374984784216 83.2299995415617 83.4375019048416 84.0425014481318 84.3825015995683 84.5375003805853 84.0675010671086 83.5974998484376 83.150001525001 83.7299995411197 83.6350002304727
-9999 -9999 -9999 86.9475002249904 88.4724998548079 -9999 -9999 82.6550006879912 83.880001069414 82.9875011464499 90.2674999134907 86.8325004579894 88.5200004655192 87.0375003823799 86.7000007632389 90.0975017725252 83.4149970996019 84.2174987975514 81.9750003802691 82.8600006147454 82.7049999223753 82.649999618161 83.5050010664398 83.6999988502512 84.3850002288335 82.320001597888 82.6150016766961 83.9099979384883 84.3399982441509 84.7849998453841 85.0900001524714 85.1450004580042 85.1025009159927 85.0950012211508 84.9499988546687 84.8425006855272 84.8824996949984 84.8800010682584 84.7124996210662 84.0725021374743 83.8950004600058 85.8299999227565 85.290000918856 83.7425003005653 84.5824985301488 84.7674999430347 83.949998855058 83.6924991579097 84.6574993334952 83.1574993181271 86.820001609597 86.9600009860199 83.1324996919675 83.7550010640293 84.0799999230816 83.7625007673371 83.2025013000721 84.4374980936926 85.377500557796 84.2825012168987
85.2400016782586 92.2650012971112 88.6725006116111 91.2800006847215 86.697500239138 81.9825000752919 -9999 82.8549995442829 84.6824989318766 82.2674999239692 81.6500015259589 81.9225006089569 82.32749938892 81.5275020629145 87.3074989423409 81.5799999236171 82.2825012193957 82.1025009132723 82.4699974096434 82.7374992384934 83.1774997714508 83.0575027418001 83.7100009929381 84.0700016042813 84.2824993098687 84.6525001527096 84.730001448775 84.9899997713806 85.0974998478747 85.0375003813853 84.9824981693238 84.8099994660027 84.6925010693254 83.9099998494594 84.0275001528189 83.4174995453884 84.6550006904769 85.48749923867 87.1450004493086 88.0475006355776 89.3900013027941 90.732500048121 89.0724983205972 86.9775009580133 87.2250003846991 86.6950015996541 87.9099979147606 86.82000160308 87.9825000494857 89.5275001523489 86.1025009163471 86.7499999979355 86.0900001716323 83.2875003822359 83.3649997691413 83.3474998444982 83.1500015280368 83.6274986056824 84.1749992453252 89.3924980184566
-9999 81.9599971771989 84.7750015235604 85.310001371518 92.4975013732951 92.3000011447554 89.7299995489007 85.690000540573 84.1250000004061 82.9774990047772 82.2825012215555 83.1000003805038 82.5424995446594 85.4250011353621 90.1249999838291 85.2900009386955 82.8825015993541 83.2224998462932 83.130001069422 83.3425006846909 83.785001754135 83.4225006049952 84.387500763219 84.7600002280295 84.8799991597373 85.0599994656502 84.9850025180038 85.012498855407 84.8624992389924 84.3199996970208 84.1474990852584 83.5250015240745 84.8275013020554 88.1075000542617 87.8449992894458 86.8024997857262 89.1674995419197 87.5424995180022 92.6575012216221 92.3475017557036 92.3774986261292 92.4724998479273 92.2974987047479 92.2924995411979 89.137500762305 92.5550022140013 92.1925010681597 92.2525005318356 90.7000007308092 92.2225017548079 92.2149982433108 90.8299999566473 86.292499537976 85.9099979617195 86.8024997755404 85.562498115806 85.3699989562678 86.1949996995452 90.627498588116 92.2600002283137
-9999 -9999 -9999 82.027502061008 81.5499992374807 86.7274989952632 89.3799991683118 89.8549995498548 83.2099990813554 85.127502442014 83.9624996192829 83.2600002285966 82.0100002307439 86.8175010365942 92.6899986263765 87.1624985086935 82.5275001499582 83.6574993127363 83.8724994674076 83.9450015996036 84.6774997707462 84.9974994660039 85.0675010677501 84.7699985527931 83.7849979424499 83.6075000680397 86.0275001724474 85.0450000779204 85.1599998264587 85.4425010563122 86.5100002298717 86.7825012203724 86.7975006122443 86.2624988581171 86.2450008371254 86.2849998490389 86.0450000774092 89.3374996196371 90.8225002031897 92.5275001534553 92.4575004574157 89.0274983011469 85.6725006101487 87.619998960959 87.5950011918129 87.4050007160953 92.6650009157049 92.4050006869174 92.2600002291595 91.9200019860997 91.8350009908572 92.1550006829092 92.380001069619 89.0149993876026 89.3299999223506 87.299999276691 87.510000260275 90.6375007258848 92.3099994649371 92.3899993883986
-9999 -9999 -9999 84.2799987791504 83.7100009931449 82.7899990101207 81.1949996933606 82.1774997704959 83.4399986253293 85.3600006107327 82.590000154613 81.9749984743411 82.0474987021081 83.1974983216214 87.5199985608542 82.4775028181264 82.4374999983147 83.6574993096632 84.7824993125953 85.0025024410526 85.2500019071921 85.0900020610857 83.837501530066 85.9925002923695 88.2274989996412 87.6375007784963 86.357501982808 84.4375019318994 83.9699992993679 85.8675003199626 84.742500306251 87.0624999996695 87.244997022861 87.2775001513409 87.2250003798892 87.0674991597842 85.6324996787608 86.8250007642284 86.6299991610609 88.1075000539318 87.7900008927146 89.0550003062822 89.2099991401452 86.2474994594219 86.3874988567381 86.1375007619406 89.1300010691806 90.8950004282886 92.4500007621985 92.3825016027872 91.915000917263 91.8575000777198 91.7850017543597 92.0699996918618 92.2674980150567 90.7074985849089 84.9849987219916 83.299999260666 84.354999541788 83.217500663297
-9999 -9999 -9999 -9999 -9999 -9999 82.1900005349996 82.6500015252497 84.5249996159489 85.419998169671 83.1075000767257 82.2449989286997 82.1350002299087 81.7449989305437 81.7850017528496 82.4250011421899 83.2999992357373 84.4124984709304 84.1774978706395 83.4399986265989 81.4150009156839 82.3199996869432 83.3550014387608 83.090000159184 84.897500992595 83.5025005450391 83.7349987152502 82.6725006125309 83.8299999127657 82.6525001527849 83.0049991618145 82.7974987029126 82.8575019837355 83.8524989927959 82.5499992367971 82.8699989309358 82.9149990097116 83.99750135693 86.3250007821258 87.4849987054917 87.1574993154035 86.6374988577698 86.7024993914744 86.8749999964282 86.8125000026765 86.7474994711976 87.8549995166667 92.3375015287355 92.2924995399677 88.93999862709 89.0349998463543 89.1000022912792 92.3525009167803 92.3374996162319 88.8875007601818 87.4599991214564 84.6075020309505 83.1475009898996 83.2100009902571 83.2325000746464
-9999 -9999 -9999 -9999 -9999 -9999 -9999 83.395000455316 85.630001067044 85.0374984773781 83.0725002296746 83.3899993888578 83.1125011430845 83.1250019070396 83.4249992370888 83.9400005327562 84.8174991593652 82.3525009209552 81.657499313231 82.6000003759236 82.8899993856955 82.5550003056276 83.0499992349561 83.5674991598022 83.4874992367566 83.3149986251023 83.2925014486489 83.4150009156329 83.6075000775188 83.6199989310963 83.5850009912973 83.4200000770758 83.3325004563057 83.4974994655909 83.4725017545964 83.6275005344305 83.610000612024 84.477498991818 84.1525020440948 86.3124980734567 87.3275012985051 87.2600002287235 87.4049987780796 87.582498549792 87.5424995421089 87.3999996191385 86.8600006098192 87.8474998196152 92.262500764097 90.7924995728111 86.1300010702366 86.7974987069854 86.1774997679607 86.5125007646252 86.5499992359161 85.6899986509747 83.9149990278132 83.2199993085237 83.7199993198335 83.7025012930774
-9999 -9999 -9999 -9999 -9999 -9999 -9999 -9999 -9999 -9999 81.8050003057973 83.5925006868998 83.3824996951482 85.1000003819595 85.01750183129 84.9824981684866 82.2450008447776 81.8150005324539 81.9699993131779 81.8575000766848 82.2625007598679 84.5049991606431 84.4299983986432 84.3349990851902 84.1849994657082 84.2000007632802 84.2425003048974 84.2775001528767 84.4099998479019 84.1825008391487 84.2099990834244 84.2600002290021 84.1524982461389 83.8675003054637 83.6400012982487 83.0674991626306 86.1675014690633 82.8500003841904 84.2175007054993 82.9300003066087 85.3024997317974 87.7799968732161 87.6674995423579 87.5749969476607 87.5725002291792 87.545001983382 87.5899982450617 86.9800014587442 89.1374988589735 88.0124988780377 86.0425014668928 85.0575008403659 85.187501908403 84.0850009674088 85.3875007619526 83.3150005315141 84.0174980126352 82.6125011820143 81.0100002282116 82.7349987028908
-9999 -9999 -9999 -9999 -9999 -9999 -9999 -9999 -9999 -9999 -9999 82.0824985504921 81.975000382019 81.6749992373185 81.5775012967619 81.8225021353284 82.2624988548194 82.3299980162238 82.3050003051052 82.2674999231664 82.0249996208395 81.3174991615671 80.9099998482283 83.6175002981083 83.7074985507652 83.687498089023 82.7924995419059 82.6750011460896 83.0774993809679 83.3824996983446 84.2949981547386 83.11249923691 85.5150012982396 85.6549987803219 82.9025001524891 83.3700008393011 83.0374984766646 87.2375011475951 87.3775005314483 86.4950008203048 86.499999980128 87.7274990086145 87.6324996956762 87.3274974861621 87.1849994691716 86.6849975598097 86.5649986253767 86.305002212977 89.0699996976976 84.5450001079542 83.0524997704915 83.1824989305574 83.4249973292109 83.3950023657255 83.7849998455392 83.8775005335808 84.207498548635 80.8675003038033 81.1275005334432 81.3274974811068
-9999 -9999 -9999 -9999 -9999 -9999 -9999 -9999 -9999 -9999 -9999 82.3250026701783 82.3999996181721 82.4324970245232 82.4950008389287 82.6000022887 82.549999237281 82.4749984739874 82.4374980927749 82.5725002288259 82.4725017556803 81.8499984758448 81.7299995357934 82.5074996922904 82.1524982530294 82.2999992451931 81.4400005343611 82.6775016793347 82.6275005327796 82.8149986250203 82.8224983205739 82.7775001541829 82.5124988553129 83.1275005265432 84.4500007502263 86.2074985368927 87.2000026748877 -9999 87.3050022134068 87.1499996183043 86.9724998499254 86.5174999243007 86.2974986992295 86.4099979422234 87.7125014967737 89.2600021415267 90.6724986726838 89.0949993100018 85.657499333495 83.9250011635006 83.03249931186 83.2649993876819 83.4800014479812 83.8449993120265 84.0925006864894 84.1749992365307 82.5349998462268 80.8449993119271 81.1075000740039 81.4300003054031
-9999 -9999 -9999 -9999 -9999 -9999 -9999 -9999 -9999 -9999 -9999 82.4549980160279 82.4674987791178 82.6149997708088 82.6675014494603 82.6200008391742 82.6324977872394 82.6900005339908 81.4675006954913 80.2899990076181 78.965000162919 80.2475013805335 79.7050018283037 82.3299999247381 81.902498245637 81.7950000765862 81.8500003815204 81.682500837527 82.3624992338226 83.1075000594797 84.4475002281567 82.1674995297575 84.8975009867648 86.4324989154787 87.6374988566776 87.1824989344943 86.5275001536681 86.2700004566181 86.4074993152287 87.7924995155022 85.7800006881145 89.039998953103 90.5899982746189 90.5699996657529 90.6249981236657 92.510000228187 88.9524994515712 86.6149997666746 86.3624992597018 82.8624992362572 82.9524993874791 83.2099990835877 83.5250015245758 83.8225021337278 84.1424999223013 80.5274982439147 80.6424999220338 80.8825016012395 81.1874999990505 81.3400001519062
