socal_rasters/aridityIndexThornthwaite_SPHAsouth_aggfac2.asc
NCOLS 210 
NROWS 130 
XLLCORNER -119.45 
YLLCORNER 32.483333333 
CELLSIZE 0.0166666666666667 
NODATA_value -9999 
[rows 104 to 129 of 130, columns 120 to 179 of 210]
-9999 -9999 -9999 -9999 -9999 -9999 -9999 -9999 -9999 -9999 -9999 -9999 77.8775005111624 78.9950008466254 79.1350002260568 78.6224994702112 78.5724983247908 78.7574977865566 78.7899990060632 78.7574996981535 78.0749988800024 77.3050003043651 77.1000023005178 76.6025009052525 76.219997427526 76.5949992955743 77.3674984178271 77.6000003687961 77.2600002592207 78.2525024369815 78.1375007987141 76.9000014966641 78.2925014197407 78.1749992320779 79.1999988479224 79.8724994601536 82.7000007733998 86.6899986655034 83.5349999109677 80.0000019591209 78.1175002578295 79.5275021106623 81.189998678836 79.489997845974 79.8124999926184 80.4124984215101 86.2124994912138 84.4974994472338 85.1249999517435 86.8299998615694 86.7000007860531 85.6849994525165 85.9675006950443 84.5999985009541 83.5650005477181 83.7849998410451 84.1299991725616 83.5924987726879 83.2724990897554 83.2475013710632
-9999 -9999 -9999 -9999 -9999 -9999 -9999 -9999 -9999 -9999 -9999 -9999 77.4899997650463 78.2674999080296 78.6925029717401 78.5600013709628 78.8749980931725 78.8749999947493 79.0475006075748 78.909999848744 78.6949997020672 77.66750146512 77.5375003775249 77.2224998609745 76.4325008418545 77.0050010442237 78.0475006493729 77.7075003911579 76.7449989574036 77.2699985384263 77.0049992320277 77.1650009140811 77.5875015498992 78.0874996248311 78.2049979871526 77.6975002376404 77.5824985096269 77.7649994052852 78.4099998171478 78.312499942898 78.594997346861 79.9549980866639 80.1075000308394 80.7899991761332 79.0999985030174 79.7724989869917 84.2400016295105 85.0299987760988 87.0024985734665 86.504999152352 85.9400005106188 86.4200000726917 86.2749977171105 84.0074997142035 83.7074985435849 85.0899982579734 84.6049976281477 83.6649990047896 83.5149975289925 83.0550002969504
-9999 -9999 -9999 -9999 -9999 -9999 -9999 -9999 -9999 -9999 -9999 -9999 77.4174995347731 77.7325000759115 78.0125007522817 78.2649993862854 78.6124992358878 78.8174991569599 79.042499538402 79.2175006883767 78.9449997026038 78.6949996948242 77.2075023954494 77.4374999842452 77.7325000488416 78.002498624903 76.1000003755956 77.4125003497859 76.7549991735268 78.3874988303284 76.3775005327637 77.2725009725862 76.9200000745462 77.6275005400661 77.3499984251525 77.2700004951728 79.5349998596631 79.5974998120773 78.2325000852211 77.6775016405519 79.3750000042919 82.9600008509004 83.7775000801392 85.4525013536556 82.4249991820919 82.9399986627293 84.8699988740259 87.0150012442291 86.717500619889 87.4400005295268 86.8624992417806 87.3700008317017 86.6525001448477 85.5100002454447 84.3375015373732 86.3274993335204 86.3649997738139 85.6549987965806 83.4850006447746 83.2675018291696
-9999 -9999 -9999 -9999 -9999 -9999 -9999 -9999 -9999 -9999 -9999 -9999 77.4500007614217 77.8500003740777 78.0225009909223 78.155000682765 78.6075000730363 78.7450008334577 79.1249999973557 79.3074989322843 79.1499996236274 78.7349987089467 77.2649994092384 77.6849994207335 77.9774990237668 78.7124996256148 76.6775016766486 76.914998960583 77.0149974698242 77.3649997599857 77.4850006092021 77.6525001507076 77.4249992519098 76.0150013090133 78.7874984813485 78.4050006952557 77.9575023694453 78.7924994774307 79.1100006633123 79.7875003532999 79.0675010832846 78.9850005360364 86.9249991545283 86.7575015776669 84.0625019543042 81.845001145182 84.8499984664903 86.3575000431946 86.6975002238951 87.530000660755 88.0249996191814 87.5625000342188 87.2324981793201 86.6225013857137 86.3274993834849 83.9100018080396 85.7600003215578 83.8999996097191 83.607500077487 83.0649986349345
-9999 -9999 -9999 -9999 -9999 -9999 -9999 -9999 -9999 -9999 78.2799987902605 76.815000555902 77.3449992759126 77.994998941316 78.0825004501879 78.3250007619047 78.6200008350636 78.7100009868334 79.0124988509631 79.3474998430173 79.5250015266837 79.1775016834649 77.8900013138662 76.9400005713201 76.3875007498344 76.8624992374772 77.0974998377615 77.2749996174036 77.4449996928395 77.7725009742659 76.5725002652305 76.2250003811809 76.8549995611621 76.0874996327446 76.7925014093179 78.3624991974243 79.052501571642 79.1875000365376 78.4125003392521 79.2374992658393 78.9724997988401 79.0999984901575 82.0900000629202 83.7399998092068 80.7500000091088 81.9425011649635 84.5874995446189 86.6349983570324 85.4450016201899 86.5475005370494 87.6474971854258 86.335001042576 85.1800002933184 86.5049991498346 86.280000753949 84.4174994938164 86.2099991340118 84.5424995627404 83.947498317273 83.2199993424867
-9999 -9999 -9999 -9999 -9999 -9999 -9999 -9999 -9999 -9999 -9999 76.520000461279 76.9324970056884 78.1149997851376 77.8624992338504 78.1950015980336 78.4549999195362 78.6224994650236 78.8924980117296 79.2199993093593 79.4675006905352 77.6474990829854 78.697500232283 77.7200012283737 77.1049995717575 77.2500000077786 77.2000007458774 76.4149990039537 77.4174976338953 77.1000003971696 77.6800003074739 76.5550002722004 76.6525020172816 77.7224997654962 78.7674979896608 79.3550014332549 79.3850002623482 79.3100013585554 78.9875011851124 78.1650009210085 78.0050010849697 78.5299987068313 78.5125007094171 80.2375011052296 82.1000002687099 80.0249996709835 81.6800021435423 84.8274974958906 86.1950016217991 88.1424999280751 87.1800003286149 86.7824993338202 86.4174995397663 85.1900005161691 86.3350010461311 83.427499775977 84.6900004073448 85.7075023768046 83.412498483153 83.3850021276623
-9999 -9999 -9999 -9999 -9999 -9999 -9999 -9999 -9999 -9999 -9999 77.9249973254434 77.9499988512896 78.6324996773635 78.3799991712957 78.224998473345 78.3775005360122 78.5650005324825 78.7974967923488 79.1949996889644 78.8424987373131 76.6474990754217 76.607498197922 76.6124992108937 77.1350002123268 78.3225002354103 78.3749999921678 78.5125007698394 77.1499996097405 77.3225002293099 77.2474994703962 76.9524993961563 76.4449997082174 78.867498353718 78.8725013796332 78.6800003117077 77.2525005064169 78.0825004958051 79.114997843493 78.7250003604557 78.162500377639 77.7600002264148 78.6800003241024 79.4075011565496 82.4824998804573 85.024999614422 85.5150013647093 85.5124987921105 84.3125000078816 87.1574992504088 86.0874995988364 87.5025005453544 85.585000968438 86.3024997033736 87.3824997216454 86.8124981119195 84.702499504735 85.1975001270385 83.8849983423231 84.209999039232
-9999 -9999 -9999 -9999 -9999 -9999 -9999 -9999 -9999 -9999 -9999 -9999 78.4825000721197 -9999 78.9000015346104 78.3974990833085 78.4250011504033 78.6000022819928 78.7199993096525 79.4300003014472 77.2124996521964 76.5450000933148 76.0025024448073 78.5049991741922 76.8949986461526 76.9274997654217 75.2975006054565 76.1649989597377 76.9850005950403 77.3350009932485 77.4349994639311 77.4075012254758 76.7275009238255 77.2899989434074 77.7450007752199 77.8450011874504 77.5475006320157 77.7950000516343 78.7825011684993 78.7399978835648 -9999 78.5949993512823 78.115001698324 79.287502263688 78.8549995928051 82.7600001562064 84.6399993000012 85.4600010004563 84.125001825954 82.6125010817841 84.0074995035686 85.9549999325484 87.2874984976701 87.4675006838293 86.9099998534094 86.3624992311967 85.7650012939644 84.4875011300049 85.079999944837 83.890001297682
-9999 -9999 -9999 -9999 -9999 -9999 -9999 -9999 -9999 -9999 -9999 -9999 -9999 -9999 78.994998930087 78.530000687163 78.6525001451602 79.2124996120984 79.6950015997929 76.6525001087726 75.8850002302235 76.1450004599252 75.9425010704281 76.1399993871826 75.792501446136 75.8499984682871 75.8024997676217 76.0225009677413 77.3074989127453 76.3099994667996 76.370000846417 77.2674999325285 76.1050014594844 77.3400000711112 78.2199974428802 78.2500019358516 77.9850006414279 77.654998803355 78.1000022264763 78.2499999668048 78.8049983913919 80.3975009299939 84.7174988529856 79.2974986869257 80.052499754941 80.4274997109226 84.6050013751987 85.5874996177308 79.8249989498528 81.120000744084 87.682500869346 86.4849986944891 87.0424995503055 86.8375015283635 87.3975009966523 87.0424995413984 85.8474980150474 85.454999937601 84.8324985499048 85.6550007240036
-9999 -9999 -9999 -9999 -9999 -9999 -9999 -9999 -9999 -9999 -9999 -9999 78.6099987024969 78.7399978604559 78.9124984724517 78.724998475673 78.7474994592965 78.9574985542215 78.8325004557803 79.0124988527942 75.4424991555354 75.7474994622952 75.8525009197446 76.1149997702965 76.2274990047301 75.8075008388164 76.2499980828614 76.0725002324026 76.7249984293215 77.0174999586735 77.4525012853598 78.2275009110443 78.1724986816029 78.282501250744 78.5100002746053 78.052501615078 78.2449989327811 78.6124992143566 80.7950000345326 78.8299998917287 78.5974998653397 77.7000007663316 80.3199977359697 85.4975013971728 85.4750003569702 82.9925003005959 80.4799995422364 81.6000004227225 79.340000139398 85.922500630255 85.4575003973752 86.145000557309 86.8099994573789 86.9650001525881 84.2099991467787 84.032499240136 84.8575001014005 82.1075001557676 83.7899989665974 84.1374988585045
-9999 -9999 -9999 -9999 -9999 -9999 -9999 -9999 -9999 -9999 -9999 -9999 78.0624980925251 78.2849998410395 78.8999977057886 78.9800014506197 78.6550006897727 78.7750015206285 79.0399990034187 78.2075005047754 76.5799999768225 76.0874996062374 76.2875022930356 76.1449985424693 76.377500530057 76.6375007641895 77.5475005990226 77.1875000192919 76.8075008388082 77.1599998377069 78.8800010554719 78.9549999124256 79.212499615182 78.3399982569626 77.8075007865772 78.5225010020646 78.862499245278 78.5174999097217 78.0000000323813 79.187499999237 80.3024978007932 79.3074990390405 81.2174987735572 83.3574980067667 87.0224991860809 83.0550002881142 80.9874993119268 80.6449986182132 81.5325011298175 85.4075012334866 86.1175002021416 85.2875003871988 86.6825007860418 85.2900009701877 84.8724994850999 83.3400001485666 84.425001094533 81.1925010493056 82.2724990175021 85.0025005140076
-9999 -9999 -9999 -9999 -9999 -9999 -9999 -9999 -9999 -9999 -9999 -9999 77.6575012048912 78.8325004548324 -9999 -9999 79.1049995445819 78.9550018260668 79.2975006067816 77.6299992606484 76.2674999182069 76.6075000748079 76.5599994694796 76.7799987814889 76.8625011393052 77.0674991528491 78.039999012095 76.305002191121 77.3299999169014 77.7600002100421 78.540000947422 77.5650005198832 77.3400001531698 76.7725010110183 76.6625004125909 79.2025012977394 79.0625019015223 78.0324992903488 78.8474998757089 81.3000012120156 83.352500910775 84.530000601845 84.5574989500355 84.0799999249546 81.7550013187601 79.1249999532347 79.8200015675218 79.9349994058199 83.4475002097378 81.0100002486236 85.9974994830334 85.0699996666632 85.1050014446431 83.8199996580529 83.149999804779 84.3274993341901 84.0174999970031 81.3624992406191 83.5275001578706 81.0949974084053
-9999 -9999 -9999 -9999 -9999 -9999 -9999 -9999 -9999 -9999 -9999 -9999 77.8924998917027 -9999 79.0100021334055 -9999 -9999 78.4549999785741 77.5400010202459 76.1075019723225 76.5999984679509 77.1574993086264 77.3750000002719 77.2599983196154 77.3750000049663 77.5749988297546 78.4949989310456 78.6825008292353 -9999 79.0074977956106 77.0974998418084 77.2299995685572 77.3924999136617 77.0799999653241 76.5300006760257 77.7049999008448 78.8500004122471 79.2099990667297 78.9850006342595 79.310001375423 80.3700007037815 83.9475002913225 81.8349991825172 80.3274994653546 78.7949981510416 78.3999996137906 78.5874995954829 80.4925021256975 80.5824985019979 82.2674998510517 85.6599998728042 84.9300003032112 84.1950016196293 83.5399989826708 84.4675007564484 -9999 81.299999223243 82.8500004543348 82.6150017350444 80.9600010206109
-9999 -9999 -9999 -9999 -9999 -9999 -9999 -9999 -9999 -9999 -9999 -9999 -9999 -9999 -9999 -9999 77.4950008340194 -9999 -9999 76.7075004477757 77.18749999155 77.4500007578062 77.6924991598145 77.4974994732031 77.3524990124553 78.0050010528362 79.0674991653822 -9999 78.0325012701803 77.654998766452 78.2499980857546 77.8050003063333 77.0899982560127 77.5500011584781 78.5725002588235 78.2974987120585 77.5524997736586 77.4800014637189 78.299999208008 79.0299987741202 83.0599994729886 82.3499985277732 83.2775000078468 84.4650002409362 81.7099991937775 79.8400002050409 79.1149997809735 79.6450004769521 78.9475002226086 80.7425003399656 79.8749981128345 84.9174994847679 85.0624999948952 85.3999996440385 -9999 -9999 81.4874992439691 80.7399997633231 81.0100002384247 80.8774986052886
-9999 -9999 -9999 -9999 -9999 -9999 -9999 -9999 -9999 -9999 -9999 -9999 -9999 -9999 -9999 -9999 -9999 -9999 -9999 -9999 77.7350006082053 77.8625011380602 78.239999774383 78.1424999265827 78.672500606075 79.5750026508412 79.9025001532873 79.6574993326463 77.7950001106022 77.5699997193733 76.9649982225384 78.5474986898415 77.4174995834361 77.8649978816479 78.4525012885898 78.6925010679672 78.8400001236029 79.060001394341 78.735000591891 78.7175006831422 78.5150012838192 78.8225001707549 80.0799998833699 83.5199983762179 82.0550003937506 79.9099999589541 79.2450008468621 79.6550006389944 81.4199999874992 80.8724994285622 79.587499541539 78.9750003559291 79.9375000357357 79.572500241636 84.2299994099639 84.6799982999791 82.3125000965498 81.5850009677582 81.1075000795313 80.4174976223794
-9999 -9999 -9999 -9999 -9999 -9999 -9999 -9999 -9999 -9999 -9999 -9999 -9999 -9999 -9999 -9999 -9999 -9999 -9999 -9999 78.112501138105 78.4475002230734 78.8850002248008 79.1499996105848 79.7474994627695 79.3000011380191 78.9524993861519 78.8700008459924 78.4749984837613 78.2749996173888 78.6350002127908 78.6075001076778 77.7100009830871 77.9375000162661 79.1075000245225 79.4950008499225 79.7574997341176 78.4274997664564 79.4225006198847 79.0774993541694 80.119998913498 78.7424983652943 81.9850005262669 85.9175014612917 81.2149982012665 78.8375015152933 79.8749999987278 78.8600025068267 79.6999989160727 78.8975009683583 80.0249995384469 80.2524986720607 79.3974990889193 82.8225001498745 80.5874996200304 79.5825005105415 79.5925006807466 79.4874992745098 78.7374992225759 79.2900009491151
-9999 -9999 -9999 -9999 -9999 -9999 -9999 -9999 -9999 -9999 -9999 -9999 -9999 -9999 -9999 -9999 -9999 -9999 -9999 -9999 78.4350013617558 78.7724990846076 79.042499537475 79.4025001529989 79.2299995499613 78.8799991585441 78.7999973274741 78.9024982400289 78.7800025908753 78.7299995311038 79.507501602891 79.989999775746 79.5924987788598 79.6200008169584 79.5675010564632 79.1425018219993 78.9899978721361 77.600000399212 78.7350005785758 78.6949977618937 78.925001119894 79.9549999252474 78.5200004025356 83.400001540241 78.5500011855559 80.1049995090575 79.9500007823315 78.7700024002909 78.8575000291621 81.0275001537202 80.7775002028845 80.2100010239121 79.5299987914834 80.4824981561919 85.5574989537084 84.4025002268123 79.8074990291101 79.8524989869964 80.2549991444069 79.757499741265
-9999 -9999 -9999 -9999 -9999 -9999 -9999 -9999 -9999 -9999 -9999 -9999 -9999 -9999 -9999 -9999 -9999 -9999 -9999 -9999 -9999 79.2699985504151 79.3625011442732 79.5874996156534 79.4425010712881 79.2525005344743 79.2374992296481 79.5324993132139 79.0825004666952 79.2374992186493 80.2600002375023 -9999 80.5749988611228 80.1149997743414 78.3300018767777 78.4350013237079 82.2925013959514 79.5124988289767 78.2699985561658 79.5450000823848 79.7950000389067 79.3899993588131 79.1749992836011 79.2374992543876 79.2600002046973 81.0400028020212 79.7524986106553 78.7875003742744 80.6899984484807 80.5174999944197 79.6050014430743 79.3999996322833 79.487499200996 83.3725012495605 84.8799991574348 84.4499989229456 80.7200012854076 80.4449996877071 79.0050011066274 78.3900012997388
-9999 -9999 -9999 -9999 -9999 -9999 -9999 -9999 -9999 -9999 -9999 -9999 -9999 -9999 -9999 -9999 -9999 -9999 -9999 -9999 -9999 79.6650009147168 79.8600006095353 80.0224990873495 80.1325016031383 80.0299987781857 79.7299995492292 79.9150009146823 79.7999992404629 80.4799995236816 81.3200016082067 80.7000007849227 78.797498658892 78.0849990440279 78.2574996805167 78.6625022785746 85.5499991626558 81.6474990957464 78.9925002681037 78.5400009426319 79.344999267386 78.967500733671 80.9449996994783 80.5649985589651 81.5325012437891 80.8875008278742 80.3900013564437 79.5224990683232 79.6649990123605 79.5825004653692 79.5924987810874 78.9149990216046 79.1849993901897 82.1075021229441 82.8100011393979 79.1624985027717 80.4274998228486 78.4100017459489 78.3500003787432 77.2475014056792
-9999 -9999 -9999 -9999 -9999 -9999 -9999 -9999 -9999 -9999 -9999 -9999 -9999 -9999 -9999 -9999 -9999 -9999 -9999 79.3374996098738 -9999 80.1525020560191 80.302499763364 80.6375007545827 80.9824981632895 81.0575008321491 81.2700004602813 81.3250007691356 81.1075000432622 81.4900016670482 81.3975009979986 80.282501252087 78.9999980877021 78.2600002491057 78.5100002946653 82.4949988051075 83.8925001094155 83.3625010705817 81.9700012379503 79.8475018045537 78.4800014471335 80.0999984130651 81.0574989469344 80.2924995167933 78.1599979460308 80.1824989367832 79.2474994247747 80.102500926561 80.017499961185 79.1024990219324 78.9724998690601 79.4250011555432 79.4299983573162 78.7700023359599 79.3000011673988 78.4974994577326 78.8049983637903 79.5500011244134 78.8300018665004 77.5699997565164
-9999 -9999 -9999 -9999 -9999 -9999 -9999 -9999 -9999 -9999 -9999 -9999 -9999 -9999 -9999 -9999 -9999 -9999 -9999 79.6874980879901 80.0524997664236 80.3924999192481 80.715000146602 80.7975006093924 80.5825004612123 79.5275001571718 79.8649997630065 80.0374984697558 80.402500148193 80.7974987020037 80.732500079311 80.6825008466093 79.7850017934849 78.4200000628114 78.3200016098429 79.2975004688798 79.937500094576 78.8274993991215 79.230001412059 79.3449992171189 82.8850002160104 82.7425002488991 81.9375020145469 79.9150009198972 80.2350005186351 83.562501972916 79.1350002225243 78.9950027785629 78.8124999917958 79.2199974073003 79.0174999294027 79.4600009633332 78.9125003819633 78.8099994401032 79.1775017062872 78.9624976915788 78.747501335715 78.0525016769415 77.8600006256883 77.0100002148296
-9999 -9999 -9999 -9999 -9999 -9999 -9999 -9999 -9999 -9999 -9999 -9999 -9999 -9999 -9999 -9999 -9999 -9999 -9999 79.9574985500154 80.4349994570899 80.7975006110271 81.0549983902089 81.4350013658935 81.3449993185969 80.0575008546519 80.3799991478995 80.6149997691468 80.9400005315059 81.2699985467042 81.2824993183831 81.520002356435 81.8024978682828 81.3925018561139 79.7199993425596 79.4600009656939 80.9550018761775 82.1550007534055 81.8174990928259 82.6924991816278 82.5074977784351 82.7800006804774 82.989999757466 81.2900009423761 78.7124976984615 79.7624988459528 79.4874992407167 79.4324989096587 79.5375003986814 78.5799999376218 78.3524989735081 78.7824993203943 79.3550014080853 79.3824996999587 79.3874988437627 79.2725009775797 78.8700008665308 77.9150009263725 77.800001151566 77.9050006863027
-9999 -9999 -9999 -9999 -9999 -9999 -9999 -9999 -9999 -9999 -9999 -9999 -9999 -9999 -9999 -9999 -9999 -9999 -9999 -9999 80.1700000950726 80.0100002221284 80.3875007579067 81.7625007584185 82.0949993100436 82.1225013820419 81.4499988821642 80.7875003779492 81.2775001473424 81.5475006039289 81.8724994574658 82.2350006065912 82.5649986173916 83.3050003001929 83.3225002054294 83.0874977045011 79.8774986881158 78.7750015460273 80.1175002493416 83.2075004323349 82.9274997654491 82.822500234278 82.102499013298 81.5499992626602 80.3625011565017 79.8525009122086 80.4625015390716 78.4075012496462 78.1449985545975 78.6025008855917 79.2025013235283 79.814998647993 79.6150016804434 78.8099994808496 78.5749988632546 78.2299976750992 -9999 -9999 -9999 -9999
-9999 -9999 -9999 -9999 -9999 -9999 -9999 -9999 -9999 -9999 -9999 -9999 -9999 -9999 -9999 -9999 -9999 -9999 -9999 -9999 79.4150009557666 79.0675010542011 79.2075004641573 80.0400008755245 81.6675014350999 82.3500003775802 82.4124984776177 82.084999087853 81.7874984938276 82.1700000668745 82.9074993043037 83.4524993961571 83.5900001601579 83.2950019962449 83.1949977865904 83.2074985591736 80.9524993900976 78.2024994285916 78.7474995030147 79.8524989337178 82.9250011266353 83.2075023671166 81.7450008829818 -9999 -9999 -9999 -9999 -9999 -9999 -9999 -9999 -9999 -9999 -9999 -9999 -9999 -9999 -9999 -9999 -9999
-9999 -9999 -9999 -9999 -9999 -9999 -9999 -9999 -9999 -9999 -9999 -9999 -9999 -9999 -9999 -9999 -9999 -9999 -9999 -9999 78.6599998975774 77.8500003844419 78.4874992211439 78.700000774173 78.7974986846561 80.8649997227796 81.9275016601455 82.6324977802942 82.9600009884189 83.3575000681586 83.364999773417 82.9400005279834 82.9524993877557 82.7450008459742 82.4250011385096 82.7625007547747 81.1224995210738 78.7149982954601 -9999 -9999 -9999 -9999 -9999 -9999 -9999 -9999 -9999 -9999 -9999 -9999 -9999 -9999 -9999 -9999 -9999 -9999 -9999 -9999 -9999 -9999
-9999 -9999 -9999 -9999 -9999 -9999 -9999 -9999 -9999 -9999 -9999 -9999 -9999 -9999 -9999 -9999 -9999 -9999 -9999 -9999 77.9899998151132 77.6750011284695 77.8924980132285 -9999 78.1024990127308 -9999 -9999 -9999 -9999 -9999 -9999 -9999 -9999 -9999 -9999 -9999 -9999 -9999 -9999 -9999 -9999 -9999 -9999 -9999 -9999 -9999 -9999 -9999 -9999 -9999 -9999 -9999 -9999 -9999 -9999 -9999 -9999 -9999 -9999 -9999
