socal_rasters/bio08_SPHAsouth_aggfac2.asc
NCOLS 210 
NROWS 130 
XLLCORNER -119.45 
YLLCORNER 32.483333333 
CELLSIZE 0.0166666666666667 
NODATA_value -9999 
[rows 104 to 129 of 130, columns 120 to 179 of 210]
-9999 -9999 -9999 -9999 -9999 -9999 -9999 -9999 -9999 -9999 -9999 -9999 139.616660998893 142.645240824596 147.628578064477 147.990478531641 142.869052899742 137.657142650161 141.647617339832 136.552383436549 136.859527513669 134.595237615371 131.330951721898 127.364284503766 126.526193656216 125.492857007546 131.111904185712 131.442859618276 130.292858200605 130.190471512698 132.273807595828 132.485714129262 134.026191757321 130.392860404084 125.390478175172 120.995239263186 121.711902487636 107.188095289383 103.702377485775 112.914283342903 123.845238231741 110.626189956033 115.190477264827 121.747619592922 122.290477719475 120.411903425734 103.211906620058 104.864284404362 102.338094877368 98.0166683932116 91.2952386331522 84.666665985039 85.045238545846 79.7238122070713 72.1523820331011 73.0809497577931 73.3976193958766 66.2428559524249 61.0047620068187 44.5809536352321
-9999 -9999 -9999 -9999 -9999 -9999 -9999 -9999 -9999 -9999 -9999 -9999 136.549999323438 139.749999930934 143.7714271088 146.15000163712 143.619045275935 144.711906332473 141.77142715857 143.200000889264 140.138095631651 137.652385508913 141.500003798373 140.907138860602 129.366664882796 126.840477002844 128.130951009653 131.788089580403 128.850004308098 128.978567065916 127.866668625915 136.992858951044 134.545238596782 135.395240795976 131.423807291665 133.547616822894 141.957141742469 140.428577418518 133.385709988544 131.866661318313 137.838096719634 133.114284529769 129.871425803592 122.959522029824 126.52856842427 121.135715636442 111.730953415618 106.538097445552 98.9642888538671 90.8714314012546 87.0333346576461 88.9238109866178 86.8714256989267 76.0476170892326 72.1809520480269 81.3523827084214 76.1761913257835 69.6261883574399 64.3285706528455 55.4571450927105
-9999 -9999 -9999 -9999 -9999 -9999 -9999 -9999 -9999 -9999 -9999 -9999 138.061908724333 136.964283001274 135.526191748479 137.459518383709 137.290481620747 137.595233924237 137.045234686346 136.545234680557 136.102378857606 139.249992150738 138.96190279617 133.573806853114 132.049999161516 128.621425688059 130.895236904525 133.430954049901 133.971431741898 132.738094250451 133.650001508224 137.769046727387 147.442852027195 145.000003845398 146.39762117038 143.661903481166 132.983333652672 132.597621882928 133.321430147361 141.454757880553 124.619052919067 116.021427317386 113.207138155938 102.997617896239 102.445239734937 108.552379486884 103.29762094998 99.6357175270502 98.064289132084 94.4357166328801 90.8404731820233 92.4285697905816 87.2238120722172 82.7333336665176 75.6738110491355 77.7071421119019 81.6499974969454 79.8261929905895 66.6928599176095 62.3285694200654
-9999 -9999 -9999 -9999 -9999 -9999 -9999 -9999 -9999 -9999 -9999 -9999 143.071430222446 141.588096722192 137.471427924571 135.14761734674 134.438095097241 137.466667174293 134.414283808857 137.266670238973 136.707145698711 137.657146363031 131.735710191074 129.550003086071 130.207141794633 129.659523058011 135.269050425117 136.297615061866 138.552379594383 141.069045881999 144.185710897956 149.614288334485 148.566673302378 145.183334409063 142.354766876747 140.766662633567 137.06428533794 134.028568291878 134.671424719884 135.095237912917 128.792861987363 120.719045798505 107.840477303417 84.8571437799902 91.7952382866765 99.5857124120995 107.664283783478 97.0928575245464 90.8928584769058 88.3452357187054 90.3071423207785 93.7428552207789 90.8761902225608 87.6595249988427 85.0619068091819 83.5761927648826 83.9452398626832 68.1833346932019 66.180952112394 60.8619042154447
-9999 -9999 -9999 -9999 -9999 -9999 -9999 -9999 -9999 -9999 142.752384225895 134.92142497345 137.004760800982 136.642856613437 136.157142653346 135.380950928474 135.100002295024 137.073806715816 134.604763092708 135.91667161912 137.988094343247 136.833335912745 132.680950216879 130.27857217737 133.373809779112 134.433334352967 134.607143390777 142.207141733928 149.828571323901 147.754757007554 144.845237694307 145.976192487314 146.464283002951 144.954757718203 142.685710924402 135.166668111285 124.942855973268 129.469045445574 133.833332007582 129.680955977912 124.973810282166 120.911905363729 116.752384264391 110.70475946309 109.247621516506 110.990476444566 111.523811421774 101.926189626516 96.7571411528012 96.0023823023272 88.1809540104926 88.3071425441323 73.8333339317925 71.988094285191 77.5119036830115 78.8690511284903 76.1499979421083 59.9880935551367 68.4523830407333 62.2404777465357
-9999 -9999 -9999 -9999 -9999 -9999 -9999 -9999 -9999 -9999 -9999 135.690475527954 133.392856551037 137.602382688679 137.39523697511 138.04285436378 138.242855077234 135.783340460729 135.576190955286 134.28333659311 136.961906354926 137.783332839503 136.842861320387 140.635707746806 132.419048527158 127.883331185188 130.726192473698 131.904766076593 137.902377860435 145.333335782944 143.940479298681 143.811904967144 142.823810590425 138.204757776955 132.802379678248 131.073810574422 131.069053724888 131.909519040041 129.38809215731 126.500003830068 125.211904558298 122.180952079486 122.26190379946 118.188095165467 116.138097766653 116.05475804888 112.788093681789 105.878568752692 100.009523511829 97.5023842001234 92.3595296023585 89.0880928880015 83.0190469901646 82.2738110726356 82.964286769776 89.514285865738 87.6190453865915 77.1095279526286 57.4476195495072 62.3119048535324
-9999 -9999 -9999 -9999 -9999 -9999 -9999 -9999 -9999 -9999 -9999 143.973812017065 141.359519960302 142.178569705213 143.228572803389 139.828567512767 141.171428576918 137.935710924609 136.761901909113 134.471427890591 135.702384996123 141.499999926409 143.209522143662 146.102378897534 142.169044601179 130.773809532064 127.504764548893 128.130949003354 133.064281439725 135.673808914633 145.138095718337 146.507141135733 144.38095098874 135.9047624548 129.852382698964 125.459520533799 129.385715523606 133.48570787869 135.499996328834 128.561904939708 126.864282681141 124.419046417541 125.8738099 122.514282278892 115.116667041956 107.257142984516 104.428569827608 103.602380817894 102.214286788266 97.990474817127 98.326189014316 92.5952378479433 94.1880969315805 90.8285695305416 89.1809559909208 78.9761887573308 79.1666659159892 83.7214264844489 54.3333322548993 67.4833352004088
-9999 -9999 -9999 -9999 -9999 -9999 -9999 -9999 -9999 -9999 -9999 -9999 149.671424957041 -9999 151.600002336268 148.56189726847 147.319042236588 139.047618854966 138.721431721978 139.585712465333 140.399997711184 144.369045203922 147.914283777576 142.954761556924 143.769042948386 143.259517667429 141.04047788469 131.957144007804 131.778575832812 132.747619636246 141.107139225485 147.161907208166 145.22618869641 143.13333507752 135.938095234373 134.033328984564 142.421428594052 142.569053742267 132.002380509008 129.209522174516 -9999 130.695240110616 130.614292140047 128.39047628062 125.957147657198 116.676187750291 109.680954032171 106.645242757286 106.826189076833 108.466667163276 105.064285508522 95.9785766833849 89.7642880830178 89.8571414329128 82.6357158112992 68.5261897898771 66.9357146891034 73.6880935374099 60.980951524734 60.9071435375072
-9999 -9999 -9999 -9999 -9999 -9999 -9999 -9999 -9999 -9999 -9999 -9999 -9999 -9999 152.214279186544 149.907142659733 148.50238420304 148.854766916082 147.435714736661 146.285717052098 149.407142643122 149.221427947715 147.480953242466 146.445240026624 145.740474704474 145.088092802765 144.223812125649 141.166664182008 128.554761885383 129.004760761763 128.730951311531 134.823806491626 136.914283797923 138.859523615074 146.385715602617 144.519050557429 145.276187970151 139.347621993332 136.854759190223 133.719043892371 126.685716648876 121.416664264942 113.795234622853 119.428573619105 120.70952220813 117.399999729878 109.904760447305 107.478570902627 113.388093889382 109.302383617495 93.852382822684 76.1023828206772 78.3071424890309 73.4452362065285 74.8714294652537 72.3333321096372 72.0309543149045 83.6880951081037 70.9761887654816 71.9119052878788
-9999 -9999 -9999 -9999 -9999 -9999 -9999 -9999 -9999 -9999 -9999 -9999 151.883335113165 152.083335868332 152.166664124024 150.854763074985 150.36904906941 149.192863495482 145.099998597525 142.233333588658 140.721427910194 137.835712390019 142.271430984264 141.985717771608 143.838092692805 141.680954152261 140.521427152273 143.766666456343 137.230945589189 130.561901082745 130.302387207584 134.390476066478 136.350006063447 143.671432385981 137.771427351762 129.764287772584 138.964290662007 131.388096108172 119.092859385634 125.747617615981 124.719049516485 121.219051379586 117.311906900418 109.149999737605 108.590476909277 110.623813590327 105.700000781403 109.976186665513 110.290473649365 107.261905829824 98.5119020044459 81.5000006514769 73.1666640595444 74.054761871296 75.9380950023386 75.2595253786978 76.9309556690764 85.6809520166244 82.9333308416549 78.7071416860846
-9999 -9999 -9999 -9999 -9999 -9999 -9999 -9999 -9999 -9999 -9999 -9999 149.402378086975 142.738094461656 141.78809355601 149.28095615128 149.680954017466 145.957141973477 143.907142643312 141.314285375219 139.697616587496 139.980949382814 139.214283030962 137.523811329894 137.247615824719 139.342857487841 138.390472402252 145.697624246911 144.702381151451 140.076191205392 137.295238500071 146.1357153382 148.15952305698 145.892864284935 138.452381321704 129.792858159546 126.154760399564 128.235717811672 121.9166680626 119.430953979059 118.988096250756 117.999999940679 117.016668324579 109.478571288499 99.3452396415288 92.1595229366709 98.7023829131604 105.714286636073 100.249996478984 104.09523589486 95.895235207364 88.8690474292239 75.7833305185217 81.7333315872234 84.0190469056124 82.9285698214602 80.2666624111829 84.1952399713674 88.1261922456148 78.3023815127274
-9999 -9999 -9999 -9999 -9999 -9999 -9999 -9999 -9999 -9999 -9999 -9999 142.933334542617 141.880954735391 -9999 -9999 152.371425642065 149.67380906314 149.326187143486 143.123813710323 142.10476303535 141.557136542335 146.454761423635 147.088096629743 147.00714111026 144.907142742746 140.961910175344 142.180953982711 136.719051320039 140.769042950131 144.909526764473 144.009525302651 143.107143419706 140.588096677687 138.09285355134 136.271430976873 132.557140478688 122.721429800913 124.747619710474 113.607145407048 113.797618874286 111.711902658496 103.504762687951 95.8023780966807 97.833335824118 106.864284204965 113.152378128296 111.650001407555 106.052373729851 109.233333592579 105.316663817251 95.1404764814439 82.4976215006611 80.9095248002375 90.3142871307728 90.3547591839161 84.1523779266141 87.983335511621 87.0238151962526 87.5571422681365
-9999 -9999 -9999 -9999 -9999 -9999 -9999 -9999 -9999 -9999 -9999 -9999 141.573806755826 -9999 142.138099674079 -9999 -9999 152.016670215675 151.202377341876 145.792854390891 145.223808182545 151.264286047049 149.89523698817 148.316665665724 147.692859662665 145.102375117964 142.816669351826 146.85000596364 -9999 147.94523242466 133.697620550162 128.57380689259 129.133329375401 133.666669590463 137.985717745905 139.076194827087 133.250003953999 127.135715330962 130.171426761828 126.940473732716 114.957145971688 108.830955382472 112.214284882668 107.399999873326 108.254762549174 106.402381806239 114.738092274742 111.211900808984 113.142858562238 109.292858210543 103.859525774329 99.4499989037729 95.9619045872385 82.1642819824946 87.5690458283721 -9999 91.7285670961306 90.2404746529969 88.7309511743355 86.7357159357785
-9999 -9999 -9999 -9999 -9999 -9999 -9999 -9999 -9999 -9999 -9999 -9999 -9999 -9999 -9999 -9999 143.276187895737 -9999 -9999 146.799995517237 152.421432501377 151.757144941616 150.176197080765 148.561904931494 146.907142655321 139.111907928956 141.121429446424 -9999 145.497623593069 137.764282224248 120.250000409262 116.607145148436 126.102378787122 127.75238408726 128.442859699381 133.978568910727 136.723804304834 138.104759255546 133.852378955891 126.288091784697 112.678571818816 112.283328908547 111.071424665394 104.071432220979 100.67143046422 102.826190878515 114.771426978941 114.207140057658 122.054760109316 115.185714836342 112.461904611642 105.380954918946 99.5690440461906 97.669048562202 -9999 -9999 91.9976177817361 88.9142875706892 87.4166678734755 86.5547618825175
-9999 -9999 -9999 -9999 -9999 -9999 -9999 -9999 -9999 -9999 -9999 -9999 -9999 -9999 -9999 -9999 -9999 -9999 -9999 -9999 152.885707864933 152.126190191079 151.119045281149 149.440483108004 149.519046776352 147.445239988072 149.392860326149 149.892864278123 144.190475581334 138.699996879732 136.616668780393 135.738094423218 137.44999691233 130.883335164743 129.604763005998 131.430954010738 130.07143013743 136.335712174669 137.316665746398 129.845239625792 127.702383129375 118.216667220373 115.654762419804 110.442861615578 102.597618469614 98.1761893299178 106.090472970688 107.209524254872 105.480951168884 107.869045344649 111.614286217492 119.400001586696 119.685716649415 116.704763515326 100.783332794402 97.7166674294823 96.5166702178986 91.4238127993961 88.9214306009127 92.230949388635
-9999 -9999 -9999 -9999 -9999 -9999 -9999 -9999 -9999 -9999 -9999 -9999 -9999 -9999 -9999 -9999 -9999 -9999 -9999 -9999 152.992858881992 152.733329772435 152.476192480066 152.030944831656 151.904758453894 150.440479304625 148.664287589383 147.119049097477 144.647613565626 143.169048316802 143.72380824561 142.509525408712 132.623806142287 129.904760440826 133.426193227052 137.276191726983 141.88095096359 138.75476074777 140.333332111342 136.938095114528 132.397621177697 118.350002486025 110.626188325625 107.350004252508 104.399997787159 103.138095698625 118.466667325161 109.242857134401 113.114286587574 110.009523368922 99.8738081444408 96.290475804173 101.819046022077 101.583332074854 110.383333219977 107.983333613657 105.31428527415 97.7404767472282 94.1738128485214 95.719047584577
-9999 -9999 -9999 -9999 -9999 -9999 -9999 -9999 -9999 -9999 -9999 -9999 -9999 -9999 -9999 -9999 -9999 -9999 -9999 -9999 153.109519953642 152.433330546953 151.880950939395 151.242855085591 149.045230884792 147.607147242858 146.31428529164 145.790473947912 144.883331303824 143.421436306416 145.264282240655 145.776195555048 143.528572094719 140.378566849542 142.533328963653 138.657146576862 135.711902667787 135.642860452693 137.32619084372 135.723808357315 135.400001581916 127.738094575054 115.197620479163 109.00000390924 105.916667916842 112.959523621248 123.397619487372 114.680955832319 104.147619502666 103.280950533017 98.2857150597427 102.56428328443 102.980949465846 94.9833376173547 85.997617819768 85.1857109194303 89.9523771976975 93.4357167037512 92.1523799639803 97.090475018095
-9999 -9999 -9999 -9999 -9999 -9999 -9999 -9999 -9999 -9999 -9999 -9999 -9999 -9999 -9999 -9999 -9999 -9999 -9999 -9999 -9999 152.72381592363 151.776187912535 150.533332846887 148.771427180291 147.561908748911 146.661899562388 146.133331316799 144.640476251515 144.045234641708 141.780952749441 -9999 145.385719294047 143.492858937937 138.2761918474 130.354759479702 116.861902096636 127.347618315246 127.371427299377 133.223808405168 129.928571626333 130.857143445858 124.092859421701 119.326187248109 114.985715935191 124.483331544426 125.076193058985 117.323812498143 105.11666888394 100.607143236738 104.86904906653 103.257139263314 98.9547616257351 90.7380964564519 82.019052532148 84.4761886073312 88.9404771775206 93.1928558125286 98.1809520393623 100.819046061635
-9999 -9999 -9999 -9999 -9999 -9999 -9999 -9999 -9999 -9999 -9999 -9999 -9999 -9999 -9999 -9999 -9999 -9999 -9999 -9999 -9999 152.859519978951 151.952381145176 151.078571348675 149.590477000256 148.054763831119 146.983329787202 147.09524154368 145.583335893882 146.316665614479 146.133331180878 146.311912603425 137.526187936524 134.642856651496 126.842861484015 120.342859465843 104.276187937426 107.828567927331 103.209524060421 107.973808191558 112.652381836265 118.252381983591 120.509521589572 125.007140873794 129.626182579935 136.769046665629 132.807140545166 122.657142690632 119.0547600226 117.521429057112 110.428573663581 101.240480474588 97.6571464861656 94.199998819622 91.3595258177794 94.5547637044256 100.030954147043 103.230955105987 101.511905663837 97.8595200621316
-9999 -9999 -9999 -9999 -9999 -9999 -9999 -9999 -9999 -9999 -9999 -9999 -9999 -9999 -9999 -9999 -9999 -9999 -9999 152.678573601423 -9999 152.866664890077 152.376190191248 151.807147992392 151.114288334545 150.692855837209 150.402381898971 149.759525330857 148.990478479171 149.319042212334 147.528572109611 144.959522343319 137.516666512322 131.680954224008 119.869047321263 108.961904745462 100.13095487178 97.4452383615726 97.0928593893908 102.792857721351 116.988092455612 121.535714929441 125.804758323962 122.442855874204 112.416667807353 117.288095344082 117.383333092482 119.585714416956 117.426193204668 116.592859286833 117.245235331656 112.652378380729 102.180951937891 106.940479336776 106.526193720478 105.60952570703 104.335712528665 100.073808757997 96.9809455819639 97.1595249543228
-9999 -9999 -9999 -9999 -9999 -9999 -9999 -9999 -9999 -9999 -9999 -9999 -9999 -9999 -9999 -9999 -9999 -9999 -9999 152.380954744968 152.326190948103 152.419055934089 152.040473954702 150.730953244082 148.91905215135 145.66904832454 145.683334359511 145.471427922577 145.56904983453 145.609523775096 145.178565980783 144.347618128371 140.323810703562 134.238090588826 124.557146235338 115.945238159632 109.776188021659 110.616670916255 114.302379375701 116.3976189004 131.49523725473 132.714286806253 129.542862209151 116.361902310966 103.957144210732 88.4880961961033 105.309522444099 111.385717276227 114.857143375136 115.973804486359 114.902381944563 124.997613977183 120.626192329876 116.290473802325 120.140476099723 118.447618629063 108.483333925126 107.859521830817 106.661903437496 100.742859095945
-9999 -9999 -9999 -9999 -9999 -9999 -9999 -9999 -9999 -9999 -9999 -9999 -9999 -9999 -9999 -9999 -9999 -9999 -9999 152.54524612617 152.502380372499 152.547618862879 152.616661072944 152.297618880189 150.504756971373 146.004760791929 145.895233116202 145.699996964604 145.65714263565 145.995235446106 145.240474719674 145.202381113235 145.471431746875 143.188095184189 135.457145896854 133.045238304151 127.285718894517 136.738094413753 137.097614150421 133.169044587586 137.95238111565 137.235717827624 143.283336566564 138.016670384186 124.742857223469 115.299999338482 116.05951878033 119.497613693509 122.647615476558 117.054764035746 117.466666724183 124.780954374994 123.414287657789 119.457141855078 122.811903000987 123.516666371982 120.588092928326 115.242857029724 112.907140744307 113.230957054588
-9999 -9999 -9999 -9999 -9999 -9999 -9999 -9999 -9999 -9999 -9999 -9999 -9999 -9999 -9999 -9999 -9999 -9999 -9999 -9999 151.409526864808 149.538097351489 149.609527552393 151.94047925782 152.583332061374 151.161907235466 148.399997763396 146.207141877427 146.157146447646 146.138095846469 146.285713190601 146.771427146276 138.623809791159 149.345241520531 148.333332081993 147.685718544294 136.971435702545 132.480953283285 134.323808502304 144.078571264329 143.242855082238 142.807144200133 140.935718543321 139.571430266953 132.157142677752 128.473810196372 126.426191411249 124.107145297115 117.66428376455 113.638094203881 103.973810337145 100.454765156567 102.778570212344 98.7357140147411 97.6857166696468 100.721429640211 -9999 -9999 -9999 -9999
-9999 -9999 -9999 -9999 -9999 -9999 -9999 -9999 -9999 -9999 -9999 -9999 -9999 -9999 -9999 -9999 -9999 -9999 -9999 -9999 148.121425743759 145.800003036576 144.928577460927 145.747615764889 149.576190900662 151.866664871393 151.590477027043 148.81428147945 147.628566764899 148.01666639781 149.126193956049 150.714286796212 150.783336651744 148.569046068377 147.102378830746 146.53809742853 138.519050634004 127.335718449186 120.28571313153 122.60476284596 132.095237650798 138.345241245465 139.395237080692 -9999 -9999 -9999 -9999 -9999 -9999 -9999 -9999 -9999 -9999 -9999 -9999 -9999 -9999 -9999 -9999 -9999
-9999 -9999 -9999 -9999 -9999 -9999 -9999 -9999 -9999 -9999 -9999 -9999 -9999 -9999 -9999 -9999 -9999 -9999 -9999 -9999 145.266666526558 141.661907191672 142.716667160135 142.199996977729 142.038093552707 146.592861070367 146.149997506724 150.985710131169 151.807144155183 151.940475475421 151.395240808595 149.12143326343 147.495239288592 145.628570597114 143.542858115352 144.445240002514 138.766670403494 125.990478879356 -9999 -9999 -9999 -9999 -9999 -9999 -9999 -9999 -9999 -9999 -9999 -9999 -9999 -9999 -9999 -9999 -9999 -9999 -9999 -9999 -9999 -9999
-9999 -9999 -9999 -9999 -9999 -9999 -9999 -9999 -9999 -9999 -9999 -9999 -9999 -9999 -9999 -9999 -9999 -9999 -9999 -9999 142.826187244032 140.483333576712 140.319042221099 -9999 138.816669445586 -9999 -9999 -9999 -9999 -9999 -9999 -9999 -9999 -9999 -9999 -9999 -9999 -9999 -9999 -9999 -9999 -9999 -9999 -9999 -9999 -9999 -9999 -9999 -9999 -9999 -9999 -9999 -9999 -9999 -9999 -9999 -9999 -9999 -9999 -9999
