socal_rasters/bio04_SPHAsouth_aggfac2.asc
NCOLS 210 
NROWS 130 
XLLCORNER -119.45 
YLLCORNER 32.483333333 
CELLSIZE 0.0166666666666667 
NODATA_value -9999 
[rows 26 to 51 of 130, columns 120 to 179 of 210]
6170.07580576361 6191.59045350819 6235.38806122795 6259.19604458561 6278.79235822999 6286.20886230093 6291.56249979563 6283.04480042663 6253.30224614028 6265.81689388922 6287.3999029511 6286.00048707995 6293.02795438811 6313.06005864614 6320.65222130522 6329.99279783004 6313.55371147714 6320.05725174612 6262.69726615955 6233.74462883304 -9999 -9999 -9999 -9999 -9999 -9999 -9999 -9999 -9999 -9999 -9999 -9999 -9999 -9999 -9999 -9999 -9999 -9999 -9999 -9999 -9999 -9999 -9999 -9999 -9999 -9999 -9999 -9999 -9999 -9999 -9999 -9999 -9999 -9999 -9999 -9999 -9999 -9999 -9999 -9999
6158.71557578291 6186.8703609547 6208.82788078099 6231.27648884813 6257.64550754282 6276.59399389028 6297.31848121539 6312.23046869024 6311.75500490439 6309.06201207271 6322.70837367353 6332.420898183 6335.22033701489 6316.94433636639 6321.92761169731 6352.61303647245 6367.66259813806 6311.96313578294 6292.91638202981 6298.11071717452 6275.0971693701 -9999 -9999 -9999 -9999 -9999 -9999 -9999 -9999 -9999 -9999 -9999 -9999 -9999 -9999 -9999 -9999 -9999 -9999 -9999 -9999 -9999 -9999 -9999 -9999 -9999 -9999 -9999 -9999 -9999 -9999 -9999 -9999 -9999 -9999 -9999 -9999 -9999 -9999 -9999
6142.87255841496 6162.72802707037 6187.86657679924 6212.69103980727 6233.86767552177 6253.04956036134 6273.57922341504 6295.63635226833 6317.26769997306 6335.11950663465 6342.91137676801 6341.83068867005 6331.91833514464 6329.14416504159 6331.82617273273 6334.54650751619 6360.89367759187 6321.26855445903 6345.66320819044 6351.12170432448 6320.06567438122 6302.82751403856 -9999 -9999 -9999 -9999 -9999 -9999 -9999 -9999 -9999 -9999 -9999 -9999 -9999 -9999 -9999 -9999 -9999 -9999 -9999 -9999 -9999 -9999 -9999 -9999 -9999 -9999 -9999 -9999 -9999 -9999 -9999 -9999 -9999 -9999 -9999 -9999 -9999 -9999
6119.15820296905 6139.46557595762 6160.74804655796 6184.05346660826 6208.02441375958 6229.97204562933 6247.81909151851 6262.32482894086 6280.44335894977 6309.4561765035 6327.65844702088 6344.04858392181 6347.21289065214 6346.09130858994 6315.71228078532 6330.02075105848 6325.92016727523 6262.11193814313 6341.24377342153 6352.83020059426 6323.80114795629 6315.16174305032 6367.79406671949 6394.31433093997 -9999 -9999 -9999 -9999 -9999 -9999 -9999 -9999 -9999 -9999 -9999 -9999 -9999 -9999 -9999 -9999 -9999 -9999 -9999 -9999 -9999 -9999 -9999 -9999 -9999 -9999 -9999 -9999 -9999 -9999 -9999 -9999 -9999 -9999 -9999 -9999
6097.17895486179 6113.70812966834 6135.2115476121 6156.94116191629 6176.97558564344 6201.69519012554 6221.2735593061 6242.83654758911 6264.26635710747 6282.75390604235 6299.64086888759 6318.35290505968 6332.70165993434 6346.33129862162 6350.2998047994 6361.29760726197 6348.17199743984 6332.82995600247 6347.57336393305 6366.74292041221 6325.83935598547 6345.40661614924 6380.73095580807 6390.25878923102 6388.741210747 6342.71631019183 -9999 -9999 -9999 -9999 -9999 -9999 -9999 -9999 -9999 -9999 -9999 -9999 -9999 -9999 -9999 -9999 -9999 -9999 -9999 -9999 -9999 -9999 -9999 -9999 -9999 -9999 -9999 -9999 -9999 -9999 -9999 -9999 -9999 -9999
6070.33105448808 6088.32592754647 6106.84008773295 6127.77600072032 6146.47790500934 6170.41223116965 6192.63806123795 6213.47033664643 6235.41711398854 6254.96630834492 6273.22558573206 6291.8342283058 6308.83996559237 6325.08081043016 6337.1815184002 6351.56030249036 6356.08789059581 6357.99426292284 6358.1907956397 6353.44079597957 6328.25341783645 6369.06799282453 6379.63024921125 6357.76428257264 6325.87475615067 6302.49536190507 6264.88549815245 -9999 -9999 -9999 -9999 -9999 -9999 -9999 -9999 -9999 -9999 -9999 -9999 -9999 -9999 -9999 -9999 -9999 -9999 -9999 -9999 -9999 -9999 -9999 -9999 -9999 -9999 -9999 -9999 -9999 -9999 -9999 -9999 -9999
6041.18811017172 6059.74096659312 6078.73718239716 6099.24047828776 6119.87158181261 6139.01293911935 6160.42040986168 6183.57775856763 6204.25952121546 6225.18969699102 6243.64721658919 6261.84948704435 6278.56262181264 6294.66186509523 6309.46984847866 6326.12780736918 6337.35363757049 6350.70935042266 6361.37988260303 6357.63952656688 6348.82153302253 6343.52246167528 6301.56408686801 6307.60156260802 6299.64990251036 6316.84997512297 6319.35351624906 6313.22595199036 -9999 -9999 -9999 -9999 -9999 -9999 -9999 -9999 -9999 -9999 -9999 -9999 -9999 -9999 -9999 -9999 -9999 -9999 -9999 -9999 -9999 -9999 -9999 -9999 -9999 -9999 -9999 -9999 -9999 -9999 -9999 -9999
6011.81640604987 6030.10241672909 6049.86132791839 6068.02624487196 6088.85705541211 6108.07275374079 6130.51281706238 6153.08703586365 6174.11511201886 6194.47888159466 6213.06713846294 6229.35058566517 6247.21874984372 6262.25732405515 6277.67504856323 6293.89453106342 6306.30407701042 6319.59497059388 6330.84240703032 6341.09008781018 6343.47229005892 6334.92712425483 6322.5732423505 6307.07031254131 6311.43615711677 6289.36767657047 6263.45800739143 6273.14538538594 6282.1103514356 6247.80822905955 -9999 -9999 -9999 -9999 -9999 -9999 -9999 -9999 -9999 -9999 -9999 -9999 -9999 -9999 -9999 -9999 -9999 -9999 -9999 -9999 -9999 -9999 -9999 -9999 -9999 -9999 -9999 -9999 -9999 -9999
5979.75024390273 5998.22448707733 6017.8983151985 6039.691039769 6059.29528783067 6078.64672821655 6100.37194799649 6123.20361302723 6141.98254368363 6161.77856425012 6180.25488260081 6196.27770975735 6212.74938944817 6228.40026836259 6240.95312477129 6257.12023909203 6270.26196266256 6283.23767073185 6296.17236317934 6304.59887692472 6311.41918941542 6313.24121090099 6314.08569340295 6310.03051754503 6317.70483412824 6305.00537132222 6285.26806691607 6229.81897072458 6220.95703226697 6147.85070924874 6098.97216803788 -9999 -9999 -9999 -9999 -9999 -9999 -9999 -9999 -9999 -9999 -9999 -9999 -9999 -9999 -9999 -9999 -9999 -9999 -9999 -9999 -9999 -9999 -9999 -9999 -9999 -9999 -9999 -9999 -9999
5947.73352028564 5966.37316874721 5986.28942849897 6007.94226049936 6027.97692848315 6049.4605711077 6070.31188940521 6089.90026834077 6112.33996555312 6128.15185524479 6144.25952124104 6162.62487770196 6176.08227517638 6193.78881810879 6210.20703093297 6223.5413815894 6235.62316881669 6250.29357893696 6261.02526843028 6271.09387196087 6276.5583496546 6257.80383335169 6240.87341339769 6252.66406175522 6294.1204832138 6299.11352537635 6295.87109381622 6289.00073247235 6266.51391648912 6230.32153373051 6161.94421530572 6100.97668497249 6056.61108450871 -9999 -9999 -9999 -9999 -9999 -9999 -9999 -9999 -9999 -9999 -9999 -9999 -9999 -9999 -9999 -9999 -9999 -9999 -9999 -9999 -9999 -9999 -9999 -9999 -9999 -9999 -9999
5894.46679659293 5917.73742650999 5949.09716783463 5974.15832493688 5996.89501925683 6019.66833469411 6032.42919896348 6056.10363757811 6069.80346663368 6083.42700164756 6097.51550285499 6113.54113749827 6133.25012171116 6152.70593239748 6173.57214337107 6185.41772442516 6196.91052230243 6209.34045396714 6218.46044915908 6223.47241197345 6230.5782469998 6236.643310406 6247.4978026935 6264.4722898289 6272.30407710414 6271.98986831132 6254.0083011113 6249.77832064788 6210.82067923473 6198.33312980867 6214.9238280174 6198.82360894224 6162.28124990615 6199.91870126088 6170.83654814043 -9999 -9999 -9999 -9999 -9999 -9999 -9999 -9999 -9999 -9999 -9999 -9999 -9999 -9999 -9999 -9999 -9999 -9999 -9999 -9999 -9999 -9999 -9999 -9999 -9999
5858.23791464942 5897.33569303614 5906.39575192235 5938.04052699882 5962.53283659878 5985.70812969542 5999.32690402489 6019.55444316936 6027.1761474873 6016.22045837856 6056.64318831361 6064.52087400248 6071.37280258247 6098.2109371603 6130.80004838691 6147.99023424004 6156.37377924738 6161.66821269995 6172.8916014333 6184.64672825834 6205.74975547917 6224.51782209854 6230.82507318183 6239.99792471509 6248.42211904244 6249.89843762018 6234.6937256779 6243.65429712387 6216.85327185787 6222.05395502215 6221.68591300854 6228.76062023708 6226.46447720416 6257.31689433236 6250.19641155093 6221.90124558637 6171.75317473862 -9999 -9999 -9999 -9999 -9999 -9999 -9999 -9999 -9999 -9999 -9999 -9999 -9999 -9999 -9999 -9999 -9999 -9999 -9999 -9999 -9999 -9999 -9999
5841.55371072629 5865.38891565346 5882.02868626855 5907.97473109001 5931.29052711916 5950.49987766229 5965.1497801158 5980.30847145792 5991.22558583948 6002.97070299687 6004.91564943093 6026.31225557744 6039.38891586769 6046.83215332279 6074.88281194905 6105.93029750457 6129.17333955733 6138.19213862619 6149.06018057908 6164.64428689379 6178.71813936094 6191.18676744876 6202.4327390897 6212.79699690552 6221.46325674506 6229.41442871605 6228.20068380456 6223.46020475687 6223.66760274974 6230.64208971524 6231.85388206551 6228.27551290043 6252.97888129905 6248.67871049162 6278.01379345543 6279.7279053247 6274.7709957407 6284.16638115847 6285.91894577055 -9999 -9999 -9999 -9999 -9999 -9999 -9999 -9999 -9999 -9999 -9999 -9999 -9999 -9999 -9999 -9999 -9999 -9999 -9999 -9999 -9999
5797.56774880288 5831.16430626109 5853.52478006124 5871.48120096465 5887.27795370506 5911.70532200954 5927.38854954188 5935.25366216697 5933.979248154 5935.34179656715 5955.43774397136 5949.29675306332 5970.98132241038 6008.26953117699 6008.6483152847 6040.04321238251 6074.46215783484 6105.01061976192 6122.71374499898 6131.98706051171 6141.81225557433 6157.10913065352 6170.81799298175 6184.78320297082 6196.80590805018 6202.28881829953 6199.72863778336 6189.3426512731 6217.14318831362 6232.906616034 6231.7650145935 6235.44897423645 6254.67040999972 6274.97192387995 6292.72753806688 6321.32910144774 6337.54858381007 6327.99072251553 6305.46057108915 6358.69494508638 6361.63903811701 -9999 -9999 -9999 -9999 -9999 -9999 -9999 -9999 -9999 -9999 -9999 -9999 -9999 -9999 -9999 -9999 -9999 -9999 -9999
5773.31311009846 5797.05847137246 5818.56457503055 5834.22692848309 5854.08935529013 5871.92687966884 5890.19604471594 5903.9163816834 5909.39624055761 5872.69262705321 5911.45141514761 5947.69189434652 5956.88732870674 5963.05920447648 5969.0720211521 5992.18054177334 6021.87902788186 6054.51855437445 6075.57824667709 6098.79772926967 6120.06701637425 6136.34960911627 6149.8010252175 6162.67602517594 6176.54296860726 6182.26049804286 6188.46313467809 6203.02453598613 6217.79577618598 6228.33972154954 6233.90808124698 6230.61779777682 6252.50500425301 6283.41357371724 6300.82739235707 6329.5179442552 6341.13561963219 6371.63073736807 6367.33825653928 6383.04260280467 6371.41613785849 6373.38354465 6399.58447254523 -9999 -9999 -9999 -9999 -9999 -9999 -9999 -9999 -9999 -9999 -9999 -9999 -9999 -9999 -9999 -9999 -9999
5734.48461886947 5755.76538057785 5777.82897924143 5796.91162079973 5813.83496073363 5832.40344220931 5851.38757301095 5865.72985829852 5872.30102526776 5865.13708524264 5867.86498962674 5915.3240962543 5937.44042950356 5945.98657221592 5953.84887665658 5978.49121048176 6006.73242159791 6025.07043439961 6037.42736808515 6049.85253883408 6070.39611783958 6090.22033663076 6111.87451126994 6132.53710928846 6143.95288068273 6156.71289042099 6172.28491194775 6185.46032685823 6199.59777804982 6214.54516576547 6227.91967758519 6234.63256837737 6244.20507789852 6273.18212836775 6295.55139174831 6327.01061985867 6352.63317832585 6376.20007307448 6377.53637662027 6382.30493197576 6401.46252446554 6436.25060998999 6445.37060479244 6488.56298752623 6475.04443288793 6540.37988189591 -9999 -9999 -9999 -9999 -9999 -9999 -9999 -9999 -9999 -9999 -9999 -9999 -9999 -9999
5697.22814916432 5718.30566377106 5737.14807111623 5757.33825659223 5774.25537090207 5784.56750460954 5802.80456524097 5820.98791496301 5831.61071751708 5852.20153785842 5866.03710914889 5888.73742643137 5909.87646453888 5927.49072243704 5943.63220181724 5964.55541958055 5982.0485836995 6005.81323222359 6026.00378402683 6041.02807600444 6056.14501925209 6069.74023422773 6080.06091286068 6099.10681121609 6116.80175758587 6132.6518552807 6146.21936015505 6162.19543438573 6176.31091286272 6193.32678193418 6214.33032198851 6232.33557110784 6240.47912583507 6267.00305120989 6296.85082967312 6329.5823969917 6359.77795366684 6380.71997046596 6392.68469240484 6410.99560504052 6440.17700164657 6462.11010730584 6493.81579541427 6516.64050211642 6549.40173295694 6574.58752406267 6562.69616718427 -9999 -9999 -9999 -9999 -9999 -9999 -9999 -9999 -9999 -9999 -9999 -9999 -9999
5657.2385251489 5676.83703590495 5696.84655738673 5714.05444317553 5729.76940902333 5743.58251932397 5753.8331297899 5770.39868146033 5795.59374973784 5816.05432105275 5836.17150860023 5856.14953588 5878.6177975537 5899.28039514411 5917.34387188838 5937.61633272011 5957.54101520147 5981.56311015509 6002.58044410112 6025.53478981334 6043.0378417081 6056.31762676901 6069.92065407747 6085.85974096372 6091.60900886882 6103.90100077983 6117.13830550493 6131.89599581427 6149.25598124871 6170.66174285042 6191.67736789291 6215.99890098874 6236.73266562535 6262.43749961404 6288.19140588119 6314.30285601075 6343.19872996231 6369.93029743135 6390.30700673017 6411.54235804998 6441.77636661875 6471.92065380706 6499.27587842336 6525.91479454909 6550.72546343113 6576.16235324187 6600.34741178308 6614.4661864083 6630.82971130048 6643.97485336346 -9999 -9999 -9999 -9999 -9999 -9999 -9999 -9999 -9999 -9999
5615.54894996534 5635.3222654363 5654.96508765614 5673.18701153051 5690.53210430057 5700.25817863412 5717.12499977011 5733.00012188677 5752.32214326263 5778.03564423559 5802.02624488653 5823.2650143576 5847.00744604593 5866.87499973142 5888.9935300279 5911.19995094903 5931.23120086751 5944.31860350928 5952.78271429059 5995.7877194988 6021.06506308479 6040.54418926286 6053.56762681567 6066.07983387406 6069.00085455995 6083.86364728898 6088.05700700379 6100.39123486972 6120.09228494439 6141.23266561434 6163.89660629995 6189.35668900623 6216.91992150573 6242.35278279028 6257.76538081112 6280.77624451852 6298.52941886039 6334.37182577246 6371.87585386724 6402.37573202391 6429.66772421104 6455.01061967126 6481.44116163832 6491.38879404659 6517.44982915003 6543.0859361797 6585.38110313208 6608.78173800012 6627.51769988571 6647.6826168261 6677.5108638571 -9999 -9999 -9999 -9999 -9999 -9999 -9999 -9999 -9999
5571.64257790559 5588.97119115572 5613.21765116533 5624.52111802589 5643.3570553748 5659.65551739865 5676.65722631545 5694.96765117103 5713.05346647695 5739.15978958104 5765.21435521449 5790.38232398493 5814.20678681009 5834.65795872064 5855.5621336324 5870.47228989126 5888.23974590808 5894.23645016236 5927.73181105387 5969.1423335992 5988.7587885835 -9999 6032.03503397318 6045.3930663492 6040.81762669512 6067.85595669117 6074.78637693044 6085.60986298439 6097.71643020442 6121.72607395072 6142.55493160068 6152.25134236781 6178.26879855745 6184.8820801846 6160.01330569462 6177.50353921107 6206.36242639204 6238.45117118797 6288.24413944032 6338.56677214038 6318.35766568504 6393.40527265614 6385.40576300777 6372.82934674343 6380.26818693827 6492.47411934752 6550.1339109102 6558.9548336363 6560.76074247192 6622.85693253187 6659.51562459183 6682.25793431203 -9999 -9999 -9999 -9999 -9999 -9999 -9999 -9999
5522.99731422724 5542.14331033211 5562.42407197054 5585.54943834472 5601.20275854809 5615.17749000758 5633.91455051392 5656.53002903073 5677.32849091978 5701.26452608207 5729.40417447007 5755.3825680485 5776.4138180505 5799.65344213975 5814.83398441668 5816.18127406502 5854.42443806945 -9999 5901.90295388239 5928.74279725989 5958.36645471907 5979.64575187172 -9999 -9999 6031.22460935286 6045.79577581274 6058.14392087137 6064.43969708333 6076.05419898219 6106.23742644136 6128.42309547944 6134.0781250682 6126.32714851436 6106.23376508682 6098.87036106078 6100.23303212984 6124.92565866412 6165.04308994724 6208.15563923268 6232.59423826274 6225.03222688224 6222.4146722967 6257.81884840076 6193.58288584638 6275.98010130722 6369.31750243503 6469.79040523379 6405.47692753365 6452.68432411114 6565.07116633253 6560.04077124802 6641.25414897085 -9999 -9999 -9999 -9999 -9999 -9999 -9999 -9999
5481.85522418759 5497.47705060812 5514.86022924712 5537.69873009899 5562.80041482661 5581.79223608663 5602.22351049944 5619.62695289171 5641.68603487113 5664.88073708557 5690.14709430163 5718.43347130737 5743.3533932404 5767.51110804608 5788.68640111389 -9999 -9999 -9999 5861.25952071908 5903.83251926853 5924.33361778602 5949.80688444563 5973.21667448027 5995.7850338673 6015.59667953185 6032.6057127195 6036.56152364373 6044.63720642371 6066.67199672961 6083.9169921086 6098.36206025383 6112.2971193728 6095.15197750102 6097.37792990417 6082.79833983336 6090.65954580622 6098.58483878931 6111.42675736621 6144.77014109228 6177.02978493287 6177.12475610023 6114.24292151137 6058.44848715026 6057.46838267155 6189.61401154382 6301.3322743246 6337.11242615453 6272.86316107217 6299.48254204245 6384.88281124401 6426.10912870919 6521.38989058128 6631.94360292195 -9999 -9999 -9999 -9999 -9999 -9999 -9999
-9999 -9999 5478.60839809171 5501.52441373529 5523.79736307103 5541.26196267487 5561.57434055764 5583.97399873505 5607.37414518132 5628.1835934975 5652.42260707483 5680.91918912566 5706.35571258851 5732.68505830452 5755.72058076729 5776.87988249328 -9999 5802.47338846292 5846.57507284159 5870.06188934693 5892.78112763028 5915.4150387057 5937.49975560439 5960.56152304252 5986.33056612394 6007.74584932646 6027.44836404529 6029.22680708526 6011.48498553879 6009.21435568177 6009.65478473823 6052.76000921175 6047.81286652229 6045.83349595401 6055.02807569715 6082.00195319148 6070.42236342308 6046.83703621441 6067.61755320435 6094.26867636304 6090.60681196611 6028.80310252535 5951.22448822245 5961.32519442805 6052.69616378341 6087.19983104886 6157.52709813893 6171.51391757144 6141.93432371075 6305.18249278848 6446.94128269464 6502.59460423897 6566.56689246692 -9999 -9999 -9999 -9999 -9999 -9999 -9999
5391.62158177639 5415.83764620713 5436.17565892525 5455.61303688855 5472.91821267118 5497.58679166825 5518.50366191931 5541.03015110177 5564.94213841142 5589.11315879705 5615.47131314307 5641.17199669718 5670.12890586435 5695.5642086141 5717.90795859322 5740.01428204116 5755.62524390707 5788.26940877526 5813.28942838572 5835.59765597056 5854.68505830659 5872.69653300096 5871.07702644361 5898.31518445824 5950.0607906206 5975.09167445008 5998.13964811452 6018.94934046708 6025.02185085515 5992.89111396149 5967.20153826507 5981.32067849374 6002.85119635386 6032.27258261999 6054.29479928482 6045.54968294557 6060.56823691649 6070.81311037821 6050.47485364451 6018.04614332403 5973.09375083232 5927.74145573021 5953.37353424186 5958.96789601129 5920.45422293738 5885.25415236075 5904.45324719674 5996.6937250588 6055.7683069588 6220.89550555839 6282.46105807025 6339.26183941478 6483.46362039237 6616.86193671019 -9999 -9999 -9999 -9999 -9999 -9999
5350.25659158215 5363.98059061116 5382.09887678455 5398.0041501108 5422.15405244622 5447.49157684335 5468.72326637312 5488.75329567278 5512.77380326151 5544.43676716996 5572.15332000916 5594.81433066428 5631.94494581907 5660.63977021047 5684.65368623431 5705.38403286492 5727.04968234516 5757.50952115604 5776.66564920414 5795.36877422303 5813.22033664777 5830.89916988403 5837.99389627345 5848.03161603934 5908.20690827015 5941.56823698851 5965.36877407877 5987.90039024791 6011.47644018166 6029.68457007645 6028.71936075312 6010.30444317274 6029.8524165274 6060.6903072245 6066.15979038149 6035.56274494017 6056.58715727144 6080.68078636754 6062.7204593318 6021.05163672225 5985.87731955884 5976.32531738955 5997.36206049118 5971.62085096078 5882.56250121701 5785.90161270413 5770.35095029966 5854.68041906056 5913.89758176457 6073.09704328226 6225.04186783542 6321.31249885263 6411.83752246925 6586.83849905605 -9999 -9999 -9999 -9999 -9999 -9999
5308.74438461842 5322.3698729913 5337.58471654627 5359.48754852613 5381.20373511281 5404.06188934326 5426.21899386068 5444.96179167133 5476.80773882183 5509.3225093971 5538.98095671273 5563.42285125779 5594.29479936641 5624.37329063986 5650.56579555639 5673.09094208815 5694.70532216528 5720.08532685743 5731.38610839363 5738.46520982913 5753.54748514081 5785.22473095203 5810.69128410142 5820.92163048916 5873.5715324411 5906.4371337439 5932.96411104562 5957.24206512433 5977.30322232902 6000.99133265136 6022.76586888522 6036.73010253196 6042.30981435601 6067.07971154596 6076.01330583168 6076.89904785516 6080.204101372 6075.49987846005 6037.77050819053 6011.06469783165 6005.07739199766 6009.87121619093 5986.41284246097 5921.21203752175 5843.56054790634 5782.43334992677 5825.06640512133 5887.32983314618 5939.98010174052 6062.31567146616 6201.96008085668 6284.06249813841 6402.98193105574 6534.83617928699 6625.74060005708 -9999 -9999 -9999 -9999 -9999
