socal_rasters/bio08_SPHAsouth_aggfac2.asc
NCOLS 210 
NROWS 130 
XLLCORNER -119.45 
YLLCORNER 32.483333333 
CELLSIZE 0.0166666666666667 
NODATA_value -9999 
[rows 0 to 25 of 130, columns 0 to 59 of 210]
-9999.000000000000000 -9999 -9999 -9999 -9999 -9999 -9999 -9999 -9999 -9999 -9999 -9999 -9999 -9999 -9999 -9999 -9999 -9999 -9999 -9999 -9999 -9999 -9999 -9999 -9999 -9999 -9999 -9999 -9999 -9999 -9999 -9999 -9999 -9999 -9999 -9999 -9999 -9999 -9999 -9999 -9999 -9999 -9999 -9999 -9999 -9999 -9999 -9999 -9999 86.4595241262616 -9999 -9999 -9999 -9999 -9999 -9999 -9999 -9999 -9999 -9999
-9999 -9999 -9999 -9999 -9999 -9999 -9999 -9999 -9999 -9999 -9999 -9999 -9999 -9999 -9999 -9999 -9999 -9999 -9999 -9999 -9999 -9999 -9999 -9999 -9999 -9999 -9999 -9999 -9999 -9999 -9999 -9999 -9999 -9999 -9999 -9999 -9999 -9999 -9999 -9999 -9999 -9999 -9999 -9999 -9999 -9999 87.9547633545168 95.5404739867432 92.7928580502769 88.0309524922749 81.461904543389 78.6023807863253 -9999 -9999 -9999 -9999 -9999 -9999 -9999 -9999
-9999 -9999 -9999 -9999 -9999 -9999 -9999 -9999 -9999 -9999 -9999 -9999 -9999 -9999 -9999 -9999 -9999 -9999 -9999 -9999 -9999 -9999 -9999 -9999 -9999 -9999 -9999 -9999 -9999 -9999 -9999 -9999 -9999 -9999 -9999 -9999 -9999 -9999 -9999 -9999 -9999 -9999 -9999 91.5476226645276 85.0119038228264 81.4976177017424 96.778570084066 101.55238347355 86.3761902561894 81.7833366328845 81.4309520884475 80.733335450894 90.0095233647103 97.0976238249263 94.2309551073003 -9999 -9999 -9999 -9999 -9999
-9999 -9999 -9999 -9999 -9999 -9999 -9999 -9999 -9999 -9999 -9999 -9999 -9999 -9999 -9999 -9999 -9999 -9999 -9999 -9999 -9999 -9999 -9999 -9999 -9999 -9999 -9999 -9999 -9999 -9999 -9999 -9999 -9999 -9999 -9999 -9999 -9999 -9999 -9999 89.6333350493829 103.252380380669 86.8714295301554 77.3761883067991 78.5357131369805 84.2666683601663 85.9142875725999 95.0309542826239 105.961908351683 95.5619030489143 84.4666652789303 85.788095511114 77.2738113590162 80.2595251637523 95.8809529048364 84.0928574052895 80.5452365846434 83.6714344050306 -9999 -9999 -9999
-9999 -9999 -9999 -9999 -9999 -9999 -9999 -9999 -9999 -9999 -9999 -9999 -9999 -9999 -9999 -9999 -9999 -9999 -9999 -9999 -9999 -9999 -9999 -9999 -9999 -9999 -9999 -9999 -9999 -9999 -9999 -9999 -9999 -9999 -9999 87.8333320517623 88.5523815792141 75.4285697646483 87.7690486553366 96.0595245023351 107.05238345761 90.9952354941346 75.9880982023867 78.0380935185567 85.5833358735902 89.926191320979 88.4404735672992 96.3952407245322 -9999 104.807142302197 96.3666706412086 86.5380955228427 88.5595263963645 101.204759600696 88.8285675565153 85.773813222194 90.1857127907978 93.5333346941998 94.2785720696976 -9999
-9999 -9999 -9999 -9999 -9999 -9999 -9999 -9999 -9999 -9999 -9999 -9999 -9999 -9999 -9999 -9999 -9999 -9999 -9999 -9999 -9999 -9999 -9999 -9999 -9999 -9999 -9999 -9999 -9999 -9999 -9999 -9999 -9999 67.6928596650366 70.7976179062337 76.7476195546693 95.3619060019248 95.6904793131379 96.8785743204801 97.5142860477981 108.407142637943 97.4071426885574 86.1952400447184 87.4642829041047 94.1619072088303 89.3619022601856 94.2309513125457 95.2500019198309 102.14761920881 -9999 105.730955151955 102.876188255164 105.471424068893 102.580945996648 100.085716242507 100.704763392393 104.7595233964 103.214284919017 96.666666096946 87.5095215279777
-9999 -9999 -9999 -9999 -9999 -9999 -9999 -9999 -9999 -9999 -9999 -9999 -9999 -9999 -9999 -9999 -9999 -9999 -9999 -9999 -9999 -9999 -9999 -9999 -9999 -9999 -9999 -9999 -9999 -9999 88.8071461792212 71.7976207636649 76.1214275341467 72.1238098645199 56.5214262470662 68.4666671024819 82.026193587751 90.2880954322802 99.2452411621194 99.8238047902042 108.285715069348 113.085712453162 105.311903000841 106.102380740022 98.7500000723907 90.2452411632978 96.4452342672953 103.200000757065 105.726188659093 -9999 109.13571168567 110.033334725968 -9999 103.197618485227 103.107143415428 105.566665641743 99.0142879906341 92.7785702207113 83.6523819471903 80.4785728949619
-9999 -9999 -9999 -9999 -9999 -9999 -9999 -9999 -9999 -9999 -9999 -9999 -9999 -9999 -9999 -9999 -9999 -9999 -9999 -9999 -9999 -9999 -9999 -9999 -9999 -9999 -9999 -9999 63.3761910731426 87.86190597438 85.2999993205707 69.0761899617048 83.9833316588177 79.5166683666365 61.3452406649423 59.5452365699992 66.1166658089879 73.4428558205035 83.8904780950879 88.0119017925144 99.3904742708547 113.314285246322 109.554759938709 103.349998547179 98.8380947346936 96.2333335934395 98.6285705389706 105.15952296789 110.397619233812 110.097618095423 -9999 -9999 105.854763045182 105.94999883132 107.573810559605 105.676193313904 97.1095257186618 89.3261909658977 87.4547653046664 86.8857115887704
-9999 -9999 -9999 -9999 -9999 -9999 -9999 -9999 -9999 -9999 -9999 -9999 -9999 -9999 -9999 -9999 -9999 -9999 -9999 -9999 -9999 -9999 -9999 -9999 53.485712986888 61.0023822527737 67.0380954752589 73.9499988189107 90.5333308652146 102.290479678649 90.142856636545 77.1976146933625 83.4809550671699 85.5285721082832 71.1642857360994 67.6547593638903 77.7952365563932 78.6714267821383 84.304763737448 96.9690475096453 105.692853866083 116.466667165407 107.588096625729 104.711906417875 103.704761515647 105.557142257358 104.733331703549 104.59285922453 111.238098111461 114.792860021361 116.502382294283 109.838098517197 111.011903771073 109.157142663287 110.835712391584 106.226192517408 102.502380389226 99.4380969893501 94.7428608244918 99.4071425472364
-9999 -9999 -9999 -9999 -9999 -9999 -9999 -9999 -9999 -9999 -9999 -9999 -9999 -9999 -9999 -9999 -9999 -9999 -9999 -9999 -9999 31.9714288428516 44.757142044904 56.7619046948722 51.1380958806674 52.4809513074856 55.5523805453945 64.2523822480337 77.1738090212168 91.3809546746132 107.516664527437 95.9047565554135 95.2119026261206 90.9309501908955 81.5047607997129 69.3571433460698 87.2857188510139 90.2452373903206 92.7404765627409 102.733333544912 108.416666049041 -9999 113.559526455503 109.185712858553 109.171428638258 109.240476642486 102.230957038395 104.05000111077 108.935714691564 116.030950514987 117.709522270088 114.904764184873 111.07381058966 108.609523772611 113.414289481127 108.699998888795 108.859521860349 106.176193260623 105.171426755413 107.785715118191
-9999 -9999 -9999 -9999 -9999 -9999 -9999 -9999 -9999 -9999 -9999 -9999 -9999 -9999 -9999 -9999 -9999 -9999 -9999 76.1928577309771 66.3047619263633 50.6619052749292 60.6404752400929 75.1547622398824 66.340477023894 51.0000009871567 55.7357139365948 60.9214296146146 74.3738097683486 92.51190370286 110.445236216728 95.9095229996561 96.7833347464992 87.3309555533419 72.5809536537917 69.7738093629133 90.716665197028 94.8809490713884 96.1047630145572 102.873807848751 113.380952813434 -9999 -9999 115.971431748792 113.476192490794 107.77857210705 108.588096596965 110.983333582765 110.480955121254 114.657140696977 118.733333609593 114.7357158873 111.259525312484 113.535715070509 115.085716279866 111.026193654652 111.023807527792 109.528573973137 109.74047468832 110.635713596368
-9999 -9999 -9999 -9999 -9999 -9999 -9999 -9999 -9999 -9999 -9999 -9999 -9999 -9999 -9999 118.335710535136 112.597620021913 104.07619095883 94.6523780946569 91.1833362786606 83.1142864508377 82.585714314844 84.9714279313145 92.1214275259086 77.4166699059376 65.2523784851313 53.5761900296586 58.1428565588428 80.2380961472523 105.066667506973 113.795232764672 119.726190573519 107.552381571815 87.1619034052256 85.2380943729344 82.9595260235112 95.1047629924492 105.480955129766 93.0857163108458 89.0119056253099 105.311902921629 119.652379930833 112.5499973963 109.233337404556 106.369047186077 106.749999977787 110.438096989386 114.033332811838 115.764287944155 117.345237703718 120.214286815402 116.128570571155 114.740476613767 117.416666019842 115.70237923932 112.95476152405 114.261905676845 113.295240415188 109.64523699511 106.399999645039
-9999 -9999 -9999 -9999 -9999 -9999 -9999 -9999 -9999 -9999 -9999 -9999 124.721429826659 121.330951693733 118.509527207822 116.35238075527 113.354761130481 110.911905292529 108.442859654904 106.75714493489 103.757141111527 107.742858861891 105.719047574208 92.2285709775153 80.2261905811288 69.1404772085238 62.030952472096 72.4190463610625 83.0047606761061 101.238096201233 115.554763760142 126.285715108131 106.159525027304 100.238096193567 97.6238079209023 101.676187501893 104.257141059918 110.604763067623 100.014286059951 104.483339267708 111.314283333338 122.433332431237 116.61904717705 114.885713598471 111.350006128645 109.8142871788 113.609521862039 116.330949769376 116.580951674359 120.419048295465 120.921426782575 119.749996183757 119.276189812859 118.699998857731 116.357141489598 115.695238107852 114.407148381397 111.63809395579 109.4833355109 106.480951345019
-9999 -9999 -9999 -9999 -9999 -9999 -9999 -9999 -9999 126.035713199317 123.504758833425 125.092855458585 122.071428305066 115.021427160915 112.235712058182 108.65713882846 106.433336255651 104.830949792882 102.152381904402 101.54999923218 108.173812854819 116.188095069415 112.20714380957 99.2523803995975 83.5761890677453 84.3880920214294 87.7809524712117 94.1190490183056 97.5523833959059 113.638093910595 124.085714316532 128.059524558555 114.088092840327 109.838094649845 108.85475924225 107.273811304796 114.745235382489 115.645238923838 115.192857709305 117.952379217567 122.121427521468 120.619045283151 114.502378477619 113.621427541907 108.347616191712 110.547618835438 117.01905056407 120.169050197632 121.038093571482 121.326187144004 118.757143020445 119.680953976869 119.778573987052 119.647617343201 118.623809820399 117.438097013545 116.219047541045 115.521430974833 115.104763032496 111.971429844956
-9999 -9999 -9999 -9999 -9999 -9999 -9999 -9999 128.826190946267 125.078569415091 124.17381287472 113.702381144924 104.638097767409 102.826189042505 100.507144945057 95.266672138087 97.9166717453814 99.5809516886322 103.049997324407 111.21190832118 117.10475920725 118.873807887773 119.769048718388 113.447616583684 104.245235452403 104.869049075346 110.628570530276 113.17857169717 120.371431327328 126.280952437999 130.278570167101 131.035713200067 126.86904908163 120.659526845995 115.93095588781 114.738094341061 119.290475797281 126.052385341926 126.990476604215 127.561904906795 126.230953222922 124.857143400136 124.866662982139 123.733331689948 120.826189056876 122.045240398952 122.150001518734 121.526189815436 118.954761518576 116.683334359183 114.326189041001 115.10000418774 117.557142251963 118.226188652518 118.478570945791 116.080951698445 114.111902243156 112.338094714756 113.823810564946 113.621433262548
-9999 -9999 -9999 116.226190568917 117.369047161186 -9999 -9999 126.033334734005 130.159523012287 126.669048316072 117.035717021298 114.878570555253 114.145236967644 116.530956266385 112.080949786518 112.180955884221 116.716667169249 116.626188266476 119.864286421907 119.133333197456 122.714286797975 121.971427915722 125.747617710553 121.966663385382 119.180952068537 120.202381117687 121.649997705569 126.519046771996 129.645236964615 131.326190942988 132.378566742748 131.9976120008 131.564285279 130.861907963797 129.883331300178 129.433334348844 129.557140351271 129.149997713398 127.911905296151 125.56666565997 123.347620023041 120.419048319059 117.692857737321 121.249999985561 118.271427162712 118.778566342725 118.597621916497 118.514282229584 116.759525304582 115.32857132723 110.49047854152 110.654762247605 114.804761874759 116.821426382019 118.042858122689 116.619050996469 113.926193254824 109.590478911421 108.611906038709 107.792856200144
119.461906433735 108.585712434333 118.292860030015 115.73095130856 117.083333964042 124.238090512608 -9999 126.466667179505 130.328575133844 123.966665271539 121.283332828 121.545238487227 123.676187512325 121.040477764803 115.59285545084 120.223808286967 122.497621531169 122.07380866325 122.402385722013 123.709526064421 125.828575131891 125.366668684558 128.169044500745 129.399997719213 129.18808745119 131.326194761629 131.571430204032 132.383335113099 133.052379607014 133.123809815526 132.578571322491 131.345237735227 130.123809820363 126.821430219915 126.447616572822 124.940477389711 117.373807935481 120.930953990371 112.097616214201 110.052377727961 104.133333251327 97.0714225827965 100.340476978351 108.664285615611 114.426193263325 111.292858107194 107.547622708484 111.65238191183 104.466669113245 104.190477368339 104.764286019913 110.171426763146 112.759523379457 116.109521859133 116.164283748924 115.592855452533 114.335712441133 112.09047509296 108.776189844187 101.971424149965
-9999 123.695236205938 123.764286044542 118.673810961335 111.580955506131 109.123809816991 113.273809423793 124.566665640357 130.616661075264 126.478569020853 124.823806768369 126.857141492242 125.166671761478 118.37856674657 114.423807151839 117.304761870817 125.230953206489 126.430955883135 126.190481194255 126.776187886518 128.830955499464 127.747619616789 131.642848971658 133.45237731673 134.109523771634 133.697612764515 133.592853546986 133.299999238111 132.366664890361 130.404762274503 128.91190338398 125.445238104724 119.819047968332 112.326190973913 109.826192849715 110.154766108808 105.97142792518 107.20952606092 102.259523410732 97.3761921188273 96.3809528171168 99.3476181096717 95.447620418205 94.2690505661444 101.407142639035 99.6523819223727 92.9785709550638 94.1214294015963 94.8357143435109 91.452383042188 92.4095229716847 98.8976211406896 108.607139558428 112.835714321093 111.621425649423 111.280952441804 111.050003049445 108.138097792862 96.0333348232264 85.4047622925178
-9999 -9999 -9999 126.952381136168 123.840476990958 116.833330159098 110.6357135727 114.60714529995 127.690477359959 133.380958561794 129.826189044395 128.059528352369 123.564283381237 116.30238534114 110.799999231783 116.84047888271 124.528570166382 127.757148742389 128.269044877864 129.471424092925 132.792861936221 134.321426388533 134.933330535316 133.942859655641 129.628570567782 122.466663377759 118.511901850245 123.133331302683 123.514287981938 117.935716645099 115.52381133595 117.892858498748 118.185710918152 113.254758856492 112.599998462577 112.940475474873 110.00952531049 107.133331309399 103.276191728439 100.757143021493 100.033332815576 103.526193602813 106.280950543868 106.126192096809 105.964284901825 104.816665631583 102.521427165151 96.464286833605 93.0095272092397 85.7166653343225 81.68333048534 93.8523825947381 98.0761890769393 102.945239980138 106.933334346724 104.847616193258 108.535715083575 102.033332878454 94.5666675026096 95.1619014616587
-9999 -9999 -9999 133.685714721834 132.909523012793 130.14285660612 122.749996182144 126.040477748372 129.19524001613 134.369049072188 126.635715493318 124.211906436589 123.047620769587 118.802381524406 117.461908334784 119.319047934057 123.85714339568 128.866662969995 132.819042200362 134.314285276122 135.15237808153 135.090473178098 128.535709407672 118.323810593881 110.830953606153 111.069046018402 115.642858496336 120.221425990153 123.495241171587 120.909524921252 121.421424871464 120.197618484928 120.276189803251 120.083332065089 119.919046394765 118.957141881129 117.085714346187 116.254764557808 114.595237739217 112.964284910824 108.585714361128 105.123806009418 105.664285631154 110.640476199554 111.854763042782 109.488098157975 105.538099301116 102.980951334511 99.5999984962543 98.2738075481826 87.3785725126153 85.5595245532278 84.6000003598939 90.7142905693764 95.7666644792376 103.635711598319 111.078573187729 113.70952415341 112.911905284815 113.092855459391
-9999 -9999 -9999 -9999 -9999 -9999 127.623809819107 127.254760740656 132.938102715628 135.704761508894 128.142856602563 125.578569405715 124.459526065229 123.028573984465 122.564285273743 125.152379984326 127.797616952992 131.588100423947 134.714290616844 135.545238493721 135.938098907918 131.680954005801 122.407142638485 121.597620003259 123.100000383474 123.019050591233 123.597618101508 124.697618487072 125.145238884144 124.959524153991 125.502378460778 125.704761505012 125.250003816735 124.061903006517 123.888092040106 124.785717010046 125.390476231651 124.385711677081 122.288095480228 120.776189817365 118.183334366308 114.440473562291 114.649997720881 116.495237331715 114.43571282481 114.45476151857 110.649999641147 100.28333287182 98.8309497393634 104.845237718566 104.395236965042 104.971435564851 100.107137740623 99.402379928965 103.878572511705 104.645236897892 115.085716228139 117.838096610077 118.028575897855 117.983335495049
-9999 -9999 -9999 -9999 -9999 -9999 -9999 129.745235435311 136.799999233536 134.369045266096 128.164291385763 128.926189418121 127.885715479823 128.011901855605 128.588096617981 130.247621532762 133.026191707782 135.376193996681 136.254760741498 136.269050601849 129.659524927011 125.86428451243 126.754764545779 128.690473553486 128.159526824796 128.099996565568 127.966667171679 127.911903379424 129.064283370532 129.259525298724 129.421428679228 128.728570942063 128.347620009668 128.092853546175 128.078571321118 128.307144162038 127.947620391845 126.245239266712 125.033334741647 122.692857741915 120.649997718952 119.999998099445 119.809518812852 120.66666793317 120.683332446758 119.366668712259 116.057146084142 110.900003473565 98.3499965910709 105.590473120054 111.411907200316 113.871425624729 111.640478128285 112.899997710502 113.395238866433 115.645233147486 117.81190679603 119.133329386252 120.147617347854 119.757143006239
-9999 -9999 -9999 -9999 -9999 -9999 -9999 -9999 -9999 -9999 137.780952453803 136.238090515931 135.392848968926 134.461902619144 134.016666413527 134.019050596791 135.188095090868 136.695232388716 137.240474700776 136.814289095286 134.038093575876 132.776191710369 132.635715485784 132.150005341323 131.742862701995 131.67142486665 131.916667936907 132.321426393027 132.554759981036 131.876190186995 131.852382658303 131.909523010998 131.480949403687 130.845241548611 129.630950934604 126.811903011659 123.076187142018 125.745241168741 125.566667543742 126.397619252069 125.130954747402 124.033334736735 123.157140733975 122.649999619361 122.214282993144 121.661905287207 121.069046025031 117.869047208921 106.033338583436 112.121429393359 118.071428280491 118.716667181987 118.630954738564 118.842857363563 119.12857055654 119.859521860243 121.638093939014 122.766668314264 122.869043353996 122.542856217404
-9999 -9999 -9999 -9999 -9999 -9999 -9999 -9999 -9999 -9999 -9999 138.269046784148 137.573810578769 136.580951691976 136.173809051818 136.421428679166 137.457141875261 137.792861939129 137.457149505952 137.428565978579 136.966670994053 135.423812868439 134.480949403492 132.495235450805 130.004764559467 129.983335489869 133.597618097461 134.045234684152 131.714282996135 129.085718160056 127.740472794326 128.247621534765 127.426189429962 127.664287564975 127.435712816056 128.640472410076 127.597620019037 122.428573630354 122.085718144758 125.473808292057 124.995237349801 124.302383426361 123.299999241388 120.447618501346 119.792854331135 117.19762039685 115.995239251215 113.526191732279 107.876190212089 116.76666443354 122.664285657173 122.642854689522 122.778573991062 122.388095854692 122.821426391454 122.68095207174 123.259521480522 123.985715864416 124.080957411975 124.069047927803
-9999 -9999 -9999 -9999 -9999 -9999 -9999 -9999 -9999 -9999 -9999 138.909526825139 138.714282990002 138.483333587658 138.297618865927 138.190475463698 138.109523773343 137.852382660358 137.757148742339 138.038089752091 137.785709383079 136.552383426369 133.519050607349 133.152374261466 134.454753874327 135.283336635021 135.852382662274 133.621429449936 133.552375790708 134.542858123242 134.007144929946 133.197616576259 133.178569794143 131.728572859347 127.709527979838 124.68571283331 122.304761892836 -9999 122.785711292724 121.764284133662 120.585716263025 118.114282624412 116.333332040979 116.633331311487 113.209520363357 110.454765343778 105.702383045314 109.366666746058 118.052383402035 122.119047145834 123.585714337547 123.966665266446 124.592859265372 124.828573225955 125.016664507432 124.630958557381 124.678573607627 124.923807143642 125.054759977918 125.171428681069
-9999 -9999 -9999 -9999 -9999 -9999 -9999 -9999 -9999 -9999 -9999 139.345237732132 139.014286041533 138.67380523705 138.438095092668 138.328571319834 138.147621154905 138.114288330078 138.3261909481 138.521427154204 138.442852021121 136.392860412619 137.195243832054 137.566661835657 137.166667939346 136.902381897738 136.614288331765 136.838092801305 135.052383440888 130.969049456441 130.254760740658 131.364284533106 128.611904159738 126.061903009868 125.271427159434 122.466667187945 118.602378853677 116.790475835996 117.071426400071 115.538099282402 113.20000077671 110.464286837897 105.928575500287 106.738092440837 106.88809202568 105.500001906854 108.495235402955 117.695238083866 123.509527196632 124.750001903433 124.421428676426 125.083328246368 125.447618481251 126.083333965663 126.40238189732 126.411901473949 126.138095857357 126.023815153984 126.12619209263 126.114286423271
