socal_rasters/bio01_SPHAsouth_aggfac2.asc
NCOLS 210 
NROWS 130 
XLLCORNER -119.45 
YLLCORNER 32.483333333 
CELLSIZE 0.0166666666666667 
NODATA_value -9999 
[rows 0 to 25 of 130, columns 0 to 59 of 210]
-9999.000000000000000 -9999 -9999 -9999 -9999 -9999 -9999 -9999 -9999 -9999 -9999 -9999 -9999 -9999 -9999 -9999 -9999 -9999 -9999 -9999 -9999 -9999 -9999 -9999 -9999 -9999 -9999 -9999 -9999 -9999 -9999 -9999 -9999 -9999 -9999 -9999 -9999 -9999 -9999 -9999 -9999 -9999 -9999 -9999 -9999 -9999 -9999 -9999 -9999 153.824996917703 -9999 -9999 -9999 -9999 -9999 -9999 -9999 -9999 -9999 -9999
-9999 -9999 -9999 -9999 -9999 -9999 -9999 -9999 -9999 -9999 -9999 -9999 -9999 -9999 -9999 -9999 -9999 -9999 -9999 -9999 -9999 -9999 -9999 -9999 -9999 -9999 -9999 -9999 -9999 -9999 -9999 -9999 -9999 -9999 -9999 -9999 -9999 -9999 -9999 -9999 -9999 -9999 -9999 -9999 -9999 -9999 154.372024475014 162.351188708445 159.725593490736 155.077980080402 148.541664141167 145.795238529337 -9999 -9999 -9999 -9999 -9999 -9999 -9999 -9999
-9999 -9999 -9999 -9999 -9999 -9999 -9999 -9999 -9999 -9999 -9999 -9999 -9999 -9999 -9999 -9999 -9999 -9999 -9999 -9999 -9999 -9999 -9999 -9999 -9999 -9999 -9999 -9999 -9999 -9999 -9999 -9999 -9999 -9999 -9999 -9999 -9999 -9999 -9999 -9999 -9999 -9999 -9999 156.980949384374 150.481544555255 147.124999979234 163.005950833269 168.155952504441 152.783927989259 148.257740012579 148.136306778162 147.635120345228 157.36607357987 164.875003813918 162.105953199729 -9999 -9999 -9999 -9999 -9999
-9999 -9999 -9999 -9999 -9999 -9999 -9999 -9999 -9999 -9999 -9999 -9999 -9999 -9999 -9999 -9999 -9999 -9999 -9999 -9999 -9999 -9999 -9999 -9999 -9999 -9999 -9999 -9999 -9999 -9999 -9999 -9999 -9999 -9999 -9999 -9999 -9999 -9999 -9999 153.679763726445 167.9047584623 151.330360500233 141.84166720343 143.275596557627 149.353572886044 151.263095860822 160.832137980353 172.282741557223 161.817855884174 150.647621164871 152.204753912075 143.692855852826 146.956550457848 163.230354379966 151.309524581202 147.902378078057 151.288688660756 -9999 -9999 -9999
-9999 -9999 -9999 -9999 -9999 -9999 -9999 -9999 -9999 -9999 -9999 -9999 -9999 -9999 -9999 -9999 -9999 -9999 -9999 -9999 -9999 -9999 -9999 -9999 -9999 -9999 -9999 -9999 -9999 -9999 -9999 -9999 -9999 -9999 -9999 150.417854297285 151.429168764543 138.301784484939 151.158927880332 159.875602686997 171.370834385464 155.146431020635 140.005355893657 142.330955455135 150.302974697396 154.969642629242 153.67975998912 162.051788267907 -9999 171.116069838466 162.677978547728 152.798214007492 155.118453929619 168.298217774981 155.801788381971 152.872619601426 157.638687107649 161.26190181607 162.24225996487 -9999
-9999 -9999 -9999 -9999 -9999 -9999 -9999 -9999 -9999 -9999 -9999 -9999 -9999 -9999 -9999 -9999 -9999 -9999 -9999 -9999 -9999 -9999 -9999 -9999 -9999 -9999 -9999 -9999 -9999 -9999 -9999 -9999 -9999 129.036310210441 132.504167549771 138.777980728084 158.063690134036 158.605953251194 160.057144112116 160.975593572598 172.322616574919 161.277977039341 150.072620415812 151.550598056711 158.704162610047 153.974403404191 159.201194765363 160.444641124867 167.758331258393 -9999 171.901191739181 169.180355047525 172.108924830651 169.352970150496 166.96665953993 167.814281441926 172.220237735351 170.82677843347 164.276191778605 155.09166721876
-9999 -9999 -9999 -9999 -9999 -9999 -9999 -9999 -9999 -9999 -9999 -9999 -9999 -9999 -9999 -9999 -9999 -9999 -9999 -9999 -9999 -9999 -9999 -9999 -9999 -9999 -9999 -9999 -9999 -9999 149.437500107728 132.388095844874 137.030357358156 133.170833637584 117.50000195347 129.913093491873 143.94464489542 152.668453172672 162.035121913502 162.869041375825 171.779758418353 176.921424885099 169.211910247356 170.230949387771 162.90119178497 154.464885708266 161.031551327887 168.204162590907 171.013687131925 -9999 175.029163377159 176.162506094677 -9999 169.555362700991 169.667259228411 172.382141104222 165.916667980027 159.735717819004 150.549999286879 147.50178532808
-9999 -9999 -9999 -9999 -9999 -9999 -9999 -9999 -9999 -9999 -9999 -9999 -9999 -9999 -9999 -9999 -9999 -9999 -9999 -9999 -9999 -9999 -9999 -9999 -9999 -9999 -9999 -9999 122.679763726014 147.842262188819 145.445240105371 129.180950130385 144.597022987466 140.283336686735 122.011314464789 120.364288311197 127.292262998492 134.998813613414 145.963687856235 150.368453914625 162.191074320829 176.697021450367 173.092857318349 166.963092878001 162.607742332242 160.162494664317 162.867855052597 169.782745316902 175.39166639756 175.265476217672 -9999 -9999 171.654171003558 171.919647190762 173.855358104542 172.13511665482 163.5470199965 155.798213974962 154.064880354273 153.748813544644
-9999 -9999 -9999 -9999 -9999 -9999 -9999 -9999 -9999 -9999 -9999 -9999 -9999 -9999 -9999 -9999 -9999 -9999 -9999 -9999 -9999 -9999 -9999 -9999 111.182142237808 119.096429798082 125.476190567502 132.730359992891 149.837501472122 162.051189440927 149.926788368757 137.001186394298 143.648807467648 145.916072870667 131.523811417457 128.206550553176 138.780952421204 139.923221596665 145.897018374203 159.067264518698 168.207145627088 179.434520710267 170.648212439001 167.936908705229 167.112495431639 169.270839689868 168.666667960786 168.766662551882 175.808334315708 179.669048298209 181.716075913206 175.072616567291 176.510120399039 174.812500024017 176.779758409342 172.272018475446 168.688087480433 165.768451678425 161.173809080688 166.138687038525
-9999 -9999 -9999 -9999 -9999 -9999 -9999 -9999 -9999 -9999 -9999 -9999 -9999 -9999 -9999 -9999 -9999 -9999 -9999 -9999 -9999 88.2017841041664 101.423810936044 113.855358101204 108.382144952911 110.013093946124 113.320240003294 122.420829741221 135.767261473839 150.500003745202 167.1214294655 155.545234688982 155.117259986451 150.990478541101 141.629760799964 129.513688983179 148.022613456135 151.272022286771 154.066665602251 164.490474656451 170.5327415643 -9999 176.25833512487 172.058929487275 172.301784471064 172.588089023322 165.689281469648 167.770236933411 172.998813597116 180.476192441017 182.436309836205 179.830951699499 176.127380381834 173.819641111567 178.982742315405 174.401195559049 174.768451683418 172.275001548831 171.441669445309 174.36964036426
-9999 -9999 -9999 -9999 -9999 -9999 -9999 -9999 -9999 -9999 -9999 -9999 -9999 -9999 -9999 -9999 -9999 -9999 -9999 132.130359637807 122.368454019273 106.744049057775 117.077978100354 132.069045991256 123.334526095981 108.023214373536 113.066669441026 118.560119608433 132.443456602607 151.10773461875 169.628570566607 155.059524524461 156.21429063269 146.856548357411 132.114284571464 129.46964256692 151.023216174278 155.512500814189 157.029762250463 164.173213898582 175.132144905299 -9999 -9999 178.510116592902 176.209522262793 170.644046807151 171.723220801722 174.431549066596 174.139881130317 178.636310540792 183.042861959573 179.197616597446 175.869644177413 178.454170192307 180.253578217649 176.348812138821 176.559524537263 175.25000379658 175.720237718022 176.849391955556
-9999 -9999 -9999 -9999 -9999 -9999 -9999 -9999 -9999 -9999 -9999 -9999 -9999 -9999 -9999 173.217857369864 167.712493907642 159.332740793721 150.060714733843 146.789287587758 138.877971676947 138.53392979851 141.244644178377 148.746425617865 134.058334411344 122.014883062391 110.37321284928 115.254762609428 137.944641021012 163.365470834832 172.53511809359 178.800003057372 166.661907252313 146.199405693808 144.485118909106 142.442264517424 155.012500722317 165.859535222264 153.472621981239 149.580360365919 166.43095008419 181.263091981602 174.325000829353 171.205947877279 168.525592824599 169.159522986366 173.154163348538 177.058929428882 179.082141870577 180.936904876783 184.105957041053 180.184520735061 178.994647983997 181.987491595007 180.463089001249 177.889286059678 179.446430211642 178.717266094645 175.185119654822 172.105358150085
-9999 -9999 -9999 -9999 -9999 -9999 -9999 -9999 -9999 -9999 -9999 -9999 178.358928681582 175.1994133025 172.633930207242 170.673213961077 167.930950171221 165.695240024131 163.466663365329 162.00893021278 159.236904141992 163.544639561837 161.750598935184 148.336311379593 136.419645322753 125.438692120573 118.498809832406 129.250595050339 140.225593498889 159.008926354439 173.789882625049 184.927379612792 164.773811450935 158.999401047581 156.608932508452 160.957141861661 163.897026006831 170.582729375561 160.031551378962 164.874999956454 172.055957755525 183.558925615275 177.97678376385 176.474998494392 173.145828271724 171.800598136142 175.937503809909 178.926780685191 179.440475445987 183.614292129249 184.393455514106 183.411308285658 183.170238502653 182.852378845871 180.681549065564 180.234523766002 179.164878864623 176.573215491247 174.588100447792 171.745239293303
-9999 -9999 -9999 -9999 -9999 -9999 -9999 -9999 -9999 178.373210910315 176.124401090894 177.93690491198 175.121425634726 168.29226303715 165.723812109719 162.340473178912 160.406547543665 159.019054421953 156.572021491522 156.213687891453 163.18690489508 171.534519171533 167.76190188104 154.914287595418 139.305950191202 140.363094309483 144.061306017023 150.740482274974 154.48988339472 171.050590476181 181.95059201618 186.222023032139 172.308925664391 168.245826658172 167.516075159693 166.180957757281 174.036304411666 175.19345097517 175.004161800059 178.0595207116 182.604171737125 181.292259241825 175.373214734907 174.691070561182 169.595237726834 172.108928648206 178.903564417296 182.36011503092 183.536308291871 184.0601158234 181.692852018724 182.8898849453 183.277381893154 183.36130523858 182.564285283028 181.568454754908 180.554168694661 180.092266087038 179.909515381073 176.921428699384
-9999 -9999 -9999 -9999 -9999 -9999 -9999 -9999 180.316665646959 176.82619095119 176.162498482404 165.864883433363 157.000000004058 155.414882661074 153.30595018159 148.273216250975 151.241065970687 153.136310574965 156.932735437235 165.417854289312 171.611907949553 173.655956248452 174.861900356885 168.739879614279 159.691665658167 160.595840456596 166.670829745735 169.504760737608 177.064884161239 183.333332045026 187.641662588755 188.666072848802 184.711910256369 178.695240041385 174.188095092911 173.244636546347 178.112491558524 185.264884959357 186.486309046411 187.325000761323 186.240470891697 185.150588986473 185.422019960476 184.552387246052 181.813095107197 183.307739253229 183.67440795056 183.25535965997 180.938095105627 178.882141121068 176.744049070775 177.760120382236 180.542858116692 181.425003043854 181.932140356561 179.751777655549 177.96963882964 176.413101198696 178.163692459964 178.191070559576
-9999 -9999 -9999 165.820835115336 167.226188655813 -9999 -9999 176.695831300527 181.097030641602 177.838687903226 168.365478526172 166.473213194086 166.013683317427 168.657138822138 164.41547394091 164.767265316898 169.614883416354 169.773807513419 173.266075132828 172.876193990743 176.726192467414 176.30297088389 180.369049060535 176.780357385375 174.244640345861 175.536304456656 177.275596612371 182.475593554886 185.933921808633 187.903572076162 189.221420288239 189.148807526107 188.961898803667 188.508930210038 187.812503815427 187.619049069523 188.011909485278 187.872024537352 186.910709387981 184.80535889635 182.836906444868 180.079166420605 177.644042962466 181.527378066432 178.685714728394 179.502975444681 179.552383420039 179.772026063382 178.216075901723 177.023212440095 172.385711695587 172.730354286385 177.236312852619 179.545829761263 181.052387235294 179.826190964054 177.323219316181 173.14940644619 172.400585160717 171.804759960608
167.750598908092 157.080360414023 167.058929442187 164.733329772219 166.34523391204 173.764286038534 -9999 176.550598148643 180.690479277795 174.493461612211 172.078571322544 172.597023002354 174.993450161528 172.611305248618 167.379169460956 172.298217771566 174.847023004587 174.711906425978 175.283336649167 176.885711671986 179.270832058781 179.079761487672 182.200592046308 183.689884193454 183.779758440379 186.214878080066 186.741672512844 187.833332060466 188.824398039002 189.142261505268 188.871429445384 187.91785431166 186.944641118667 183.905956281592 183.75833892308 182.519050615769 175.153572110681 179.020236979157 170.31488420308 168.560115840655 162.793449446168 155.934520726498 159.509521471279 168.189876509894 174.325595881116 171.402378064346 167.865482357868 172.3279724262 165.270835906088 165.206546779119 166.103569007579 171.815479266626 174.697029100823 178.367858877818 178.659526820864 178.338092801231 177.304759986415 175.25714875214 172.104167977186 165.441665695704
-9999 171.668449401751 171.93154144609 167.085716249979 160.203567505557 157.99880981686 162.431545248128 174.019046774168 180.363693240534 176.430950154713 174.992259984656 177.33571243008 175.912502297171 169.277969364785 165.606540687398 168.791667921804 177.016067494336 178.463100429166 178.501777656944 179.385723103333 181.710720055576 180.955356585172 185.125595095419 187.225002285422 188.178573606115 188.035713197192 188.211898803831 188.217853546305 187.540477756067 185.855949407607 184.609519960338 181.402381887334 175.983924905673 168.642860437582 166.418457023961 167.040477778326 163.089282996405 164.614879605912 159.845832843111 155.17618563316 154.471427898041 157.711906438957 154.011901880939 153.106548275872 160.636905668907 159.089290642849 152.578571334758 154.034519152217 154.975589754892 151.839881896777 153.01071544403 159.869052871299 169.995239227024 174.561309794205 173.59523393656 173.525005327682 173.490474697639 170.782737760937 158.700599761541 148.080356621527
-9999 -9999 -9999 174.732147218829 171.855949402978 165.098812107868 159.119045252841 163.393451680996 176.738090503683 182.719642643741 179.435718539444 177.885124207797 173.661300669136 166.657737742398 161.347614282684 167.700595840648 175.716674795546 179.23690414377 180.021427156155 181.519046773163 185.141071316723 186.955356594299 187.855350493214 187.115478521181 183.067855845746 176.144641892811 172.445835107609 177.383335116655 178.043449434803 172.65059663422 170.52082824178 173.213100425976 173.765480052186 169.072616598147 168.70535277082 169.326786051322 166.617259990193 164.010112771752 160.385120407275 158.130355835187 157.683334340092 161.429756147495 164.513095851944 164.660713198271 164.719051364946 163.853572826408 161.786903391028 155.921428709156 152.66547394008 145.512497014632 141.679161019473 154.276779107465 158.865474735822 164.009525256634 168.347625727321 166.554168697982 170.467861154396 164.104763083655 156.743453922799 157.574993119581
-9999 -9999 -9999 180.932144165274 180.295829775366 177.795841225067 170.673812862869 174.24762343913 177.652976984894 183.095233916852 175.6113090599 173.466667178494 172.543453212333 168.544048317898 167.472614282377 169.592857366611 174.442863457351 179.737503042161 183.987499230885 185.759525296378 186.898815153893 187.135715487111 180.815467860612 170.813690201646 163.558933265791 164.08810043071 168.959526052051 173.863098123739 177.43214035621 175.124996187772 175.927978520818 174.9738121027 175.355953215062 175.442855837429 175.557147971551 174.902973179384 173.288688664342 172.700595855844 171.284519201772 169.955947888872 165.779159566126 162.561309823578 163.383930176416 168.695831269726 170.195240030869 168.061306012155 164.338687907478 162.045837426927 158.929168722125 157.762500784576 146.988693285414 145.419044510296 144.707736945545 151.169048256887 156.601188631819 164.752376481892 172.624404866935 175.529762265166 174.981544489485 175.382736210344
-9999 -9999 -9999 -9999 -9999 -9999 174.907737736429 174.810119627121 180.754169457334 183.819644931545 176.489875797955 174.210720055404 173.348804476839 172.147018426837 171.985713953847 174.847618097419 177.775001519863 181.85356902077 185.274402615949 186.40416335881 187.064891815013 183.07619097418 174.042263029794 173.541065208216 175.30893325932 175.559524528317 176.357734678036 177.797023775425 178.523815162286 178.629760740711 179.461902614623 179.966072081638 179.80297851671 178.897022253063 179.033329008441 180.190471647717 181.1244049111 180.402980810878 178.544643406781 177.309528363022 174.966068282835 171.491077428085 171.986312874973 174.113098123824 172.306541451701 172.627376569012 169.068443320269 158.805954026174 157.64940257298 163.955356582879 163.799999232558 164.63631059421 159.982730925463 159.518459257257 164.300598191789 165.389285967761 176.20178602008 179.265472401365 179.706554411631 179.902973173655
-9999 -9999 -9999 -9999 -9999 -9999 -9999 176.738098136788 184.003574367578 181.826786049513 175.916667941968 176.910709376371 176.130355829855 176.568450927493 177.380355833871 179.34761809907 182.417858119468 185.040473933964 186.201190947267 186.485126498547 180.148811349405 176.637500759505 177.818454730574 180.076198574271 179.798812865455 180.043449399717 180.20416259335 180.448211667391 181.898216246491 182.384521483141 182.852973935888 182.469635012751 182.345836637802 182.407737731075 182.668445587685 183.216674800379 183.146427153943 181.725597389801 180.809520729977 178.726188658609 176.924407965585 176.572029119535 176.644042966606 177.807743066488 178.125595094949 177.075000772744 173.999404917215 169.086906472838 156.663688682985 164.255954685502 170.426784517758 173.170829767202 171.195243827908 172.731544492089 173.529766071244 176.028572074245 178.516075114691 180.12738799343 181.434528358065 181.269638045631
-9999 -9999 -9999 -9999 -9999 -9999 -9999 -9999 -9999 -9999 184.897613525261 183.604759216847 182.995235443143 182.392856598207 182.197616577999 182.488685605948 183.947025296691 185.710712429679 186.611904143446 186.401786805861 183.951786049902 182.973213194251 183.111305237312 182.92142486584 182.820240020629 183.054168701525 183.581546781585 184.286308289443 184.829170228068 184.444641113743 184.727989194676 185.068447112844 184.936313629897 184.593444825262 183.670234685901 181.126785289173 177.681549079441 180.664283754965 180.769645676839 181.914882663297 180.904163364434 180.110118869863 179.526191712527 179.30833435017 179.135124209062 178.904762265315 178.587497715314 175.676185650943 163.910717046321 170.361900278105 176.68155286723 177.608924870883 177.800598139196 178.285125733965 178.852977751408 179.814887993814 181.902378071769 183.304168694492 183.645233156983 183.651187896539
-9999 -9999 -9999 -9999 -9999 -9999 -9999 -9999 -9999 -9999 -9999 185.010120392262 184.566669465084 183.889884949434 183.74285507187 184.273212431055 185.580356596397 186.210117340299 186.172615050967 186.43690872094 186.264289859396 185.022617341867 184.359519959447 182.663692481409 180.454757692443 180.732742303789 184.660121911189 185.432739261132 183.376789098711 181.023220066727 179.96606826762 180.786899564173 180.263690954593 180.78630065608 180.922615052352 182.382743832488 181.6595268326 176.779758474131 176.707733142861 180.422622683249 180.263694761425 179.857734682166 179.127384188534 176.5434608616 176.172019979265 173.844047550254 172.933330527452 170.706550617734 165.318450952921 174.562503741466 180.825595851523 181.070232388712 181.471431732489 181.389289853574 182.05298232813 182.200004575568 183.068447107553 184.055358883124 184.42857360643 184.661899565163
-9999 -9999 -9999 -9999 -9999 -9999 -9999 -9999 -9999 -9999 -9999 184.905948638461 185.046432495197 185.106544494386 185.20059204061 185.424407958361 185.594043731277 185.634525299064 185.82500457688 186.423809050822 186.441661836105 185.515480044592 182.792854317734 182.695236198981 184.317852018068 185.435115809066 186.318454744028 184.377376561797 184.616069789857 185.942264555697 185.689285279636 185.167858121916 185.489883422267 184.332141889393 180.575603495248 177.895240801315 175.820232396602 -9999 176.886306766031 176.132740019452 175.238094344067 173.08571244809 171.595233895076 172.148807537048 169.023807548257 166.558929466455 162.017261507337 166.034526775804 175.061302162181 179.436908701108 181.242256160568 181.900009152042 182.808937068088 183.35714339974 183.805953980359 183.696426390617 184.002975461491 184.49285125552 184.901782986377 185.292259215916
-9999 -9999 -9999 -9999 -9999 -9999 -9999 -9999 -9999 -9999 -9999 184.873214721986 184.720245361209 184.67202758782 184.702976226296 184.883930206175 184.980957030912 185.255954741938 185.784526823908 186.285709380208 186.50119018591 184.744647979303 185.846424098979 186.515476226871 186.400596619148 186.457141876116 186.480350495295 187.020832058249 185.562503831781 181.749404909242 181.348815915455 182.783927934311 180.310119643212 178.086902626967 177.585712436955 175.03035737208 171.466075904858 169.998809803867 170.560115821777 169.334526054504 167.31130601186 164.814292940733 160.576183302259 161.693450945463 162.124996168834 161.016670225046 164.341072040489 173.847030608437 180.054763782789 181.599403376431 181.561901087066 182.503566739579 183.172023768575 184.086902613544 184.715476988904 184.947616575761 184.995243072382 185.134525296511 185.500591276414 185.741073607411
