socal_rasters/bio01_SPHAsouth_aggfac2.asc
NCOLS 210 
NROWS 130 
XLLCORNER -119.45 
YLLCORNER 32.483333333 
CELLSIZE 0.0166666666666667 
NODATA_value -9999 
[rows 104 to 129 of 130, columns 120 to 179 of 210]
-9999 -9999 -9999 -9999 -9999 -9999 -9999 -9999 -9999 -9999 -9999 -9999 181.897025983917 185.450000798079 184.835117319207 183.525600446378 183.037498481785 182.598808291824 182.626190180573 182.504165656675 181.020832103379 179.250003818621 178.813095116548 177.78393171153 177.498210935459 178.277378034783 180.591671024223 181.398216208968 180.71072013233 181.077377176679 185.095237714008 184.332142041302 175.045833628793 171.752387988206 167.033329047233 168.719047546595 166.837501566814 149.633335307342 156.92380893896 171.287498053382 179.578571817053 163.448211627153 165.191070446452 172.181549029932 173.075000725396 168.106548560196 147.810718720453 149.704166297718 147.404766247066 143.241073677863 136.719043867101 130.25476450722 130.86071018984 125.664884666131 118.24405111376 119.37499997359 119.928573752265 112.847022930245 111.318449087455 110.608331596982
-9999 -9999 -9999 -9999 -9999 -9999 -9999 -9999 -9999 -9999 -9999 -9999 180.297630303131 183.158332794179 183.694053645745 183.55832672113 183.489887250176 182.885715492057 182.528572082141 182.169647219175 181.755355849108 179.703571361199 179.264282206481 178.988697082564 177.573806753236 179.315475400963 182.422615123465 184.097614255876 179.02381526021 179.62142937927 184.525600350122 188.612499294395 175.416069126536 176.580360419614 178.636901659585 186.932735297812 186.936904946711 182.708332051892 175.963093026828 180.881545887854 180.941074468781 176.471431743482 173.485710315058 166.783927694007 170.586902772911 165.42857375804 156.25535603202 151.238697112802 143.875000138719 135.926784562807 132.313098827945 134.413684868477 132.597618168352 121.870239385587 118.176784487734 127.605358168978 122.548213950917 116.176189504189 110.988094614745 107.395833968586
-9999 -9999 -9999 -9999 -9999 -9999 -9999 -9999 -9999 -9999 -9999 -9999 179.770824428428 180.980957033192 181.000598890075 181.676780694432 182.070240017525 181.933338166158 181.896427153597 181.936305993192 182.019039159993 181.059524558711 178.904163406688 178.663093520707 179.97856894983 180.792850476855 184.889877246042 182.882743899052 183.855358126984 183.121425542755 187.248210880676 189.111896451601 188.171428682498 186.007141139027 187.698810589195 185.252971744923 174.861904205827 174.755351982495 175.745834287649 184.150600619158 167.573215513623 159.223217168827 156.64881143061 151.274406313404 160.638690956754 157.466667351947 147.659523184194 144.222023141567 142.861309086099 139.439880371208 136.038093569606 137.830955500225 132.804763759127 128.473213273213 121.570238202249 130.762498621944 131.515472431204 126.335121287885 113.284527092659 109.039882665665
-9999 -9999 -9999 -9999 -9999 -9999 -9999 -9999 -9999 -9999 -9999 -9999 180.738697061188 181.629768372554 181.674999236387 181.835720060531 181.747020716751 181.536304466533 182.026786799194 182.355354314758 182.336315155381 181.545829798583 178.413688699087 179.046432395305 182.633338840395 182.721427958624 186.441066702083 185.45951843738 188.18988035074 188.563102724955 189.44464491173 189.866073608501 189.114887255399 186.059524590004 183.504768397288 182.200592072791 178.822620447624 176.044048331091 176.956550447225 177.636905846943 171.594051406103 163.808925784201 151.130947422792 135.985713856316 154.318454522232 157.944046094465 151.917263057388 141.542854470656 135.512496916031 139.77201832185 142.018455564706 139.027382044015 136.351783785416 133.338691789787 130.87023924758 136.564288997198 133.660121992064 121.451784476412 112.635118521137 107.468452522445
-9999 -9999 -9999 -9999 -9999 -9999 -9999 -9999 -9999 -9999 183.467266151553 177.857734741662 178.701785958528 181.667263037651 181.795845037456 181.702377312007 182.0386886579 181.816074369182 181.90118789698 182.772022215384 183.320236211292 182.688686398799 179.080356642956 178.331546808334 185.480949358369 187.174400323207 187.943454722551 188.602977743868 188.998210906746 187.215480878526 184.653572039898 186.076786049628 186.869636544692 185.667266869534 183.699405682001 176.460125138258 166.545230998805 171.380355639456 175.973808229849 172.059528437914 167.652977071794 163.808925699327 159.900600508514 154.133331159903 159.177974675015 158.05297092005 155.673210222269 146.238693440033 141.291671790152 140.74285509213 139.715473204117 133.439287471409 125.743453936477 130.86964411452 136.842857274053 138.654762412953 129.175594561121 119.948215662023 114.819046020184 108.720834914968
-9999 -9999 -9999 -9999 -9999 -9999 -9999 -9999 -9999 -9999 -9999 176.766071338741 177.373214665992 182.238689442362 181.005352017787 181.351196291711 181.258930206081 181.173812864023 181.577976225138 182.858928625723 184.058330561309 183.36845017274 180.709522260725 184.935714733097 177.279163442741 180.233337278385 183.69405364091 185.471435533731 188.291065204688 187.235725450951 183.614288345679 183.793453272579 183.094051370026 178.780948720417 173.67380530115 172.27441024204 175.33808888809 176.496433270804 171.423812977462 168.807144176204 167.754764585487 165.001789095037 165.314285310678 161.475002358093 159.693447113749 159.836906408356 156.778568380522 150.105949499393 144.423214077428 142.174995434923 137.200599775398 134.13987740038 131.551193222406 137.764881082173 135.365478474929 138.802974750194 133.659523136389 126.744644293867 110.51011668536 108.723810137904
-9999 -9999 -9999 -9999 -9999 -9999 -9999 -9999 -9999 -9999 -9999 182.219051357257 181.898212427288 184.035709327756 182.944641159721 181.962497710966 181.883926384931 181.192855845962 181.479167934424 182.732139549923 184.580947914683 187.845233894078 186.75118638102 183.331550646908 179.804164989445 176.982139485536 180.126182540434 181.363090489924 186.954170193331 187.596424105162 187.198806768579 186.313091296258 184.493454035749 176.370239439104 170.623218571882 172.02797303568 181.930950198375 180.745834330572 177.382740158266 170.724998504282 169.298805306642 167.064292920341 168.789291464206 165.705352832373 158.549408205136 150.870830494546 148.294643431654 147.686904967456 146.532138806154 142.498218649763 143.066074341145 137.560119743006 139.378574296366 136.168453332141 134.748806099394 131.398214434077 131.874999877798 133.294643640749 114.112499428367 113.84761780379
-9999 -9999 -9999 -9999 -9999 -9999 -9999 -9999 -9999 -9999 -9999 -9999 184.613090513872 -9999 185.535713238847 182.842258439972 181.977977779957 181.996429424483 182.235118848243 184.546436282038 186.924411766305 187.203571376059 184.659523032215 180.073219345993 181.22559735837 181.034519188744 181.524406426613 181.305950175189 185.310718461711 186.895236967567 186.83034896765 186.816661842223 185.170234712689 183.427379567194 176.550602095807 177.674403951266 186.376777724234 184.016071408258 173.78571332896 171.226192398376 -9999 173.197021569136 173.41963957946 171.436306048776 169.254764611703 160.249405139136 153.434520767378 150.594646516791 151.059524567845 152.923809035104 149.745235670138 140.816661853345 134.794643534666 135.088687829724 131.378570659531 127.428571680786 126.16607089739 133.330356952024 120.67738363757 117.50119179211
-9999 -9999 -9999 -9999 -9999 -9999 -9999 -9999 -9999 -9999 -9999 -9999 -9999 -9999 185.920833594586 184.011905685319 182.989284528721 185.624401056306 186.610115058982 185.879165684707 185.310119627727 185.462497736624 184.050010702661 183.381542205909 183.020835875512 182.698215480551 182.193450942952 179.470237786048 180.593448561654 182.799400338869 183.111896507984 184.64464571182 181.939876596016 184.283328846373 186.796428794485 185.254760697089 186.277381967336 180.655357431113 178.417854279826 175.59821335137 168.805953995473 163.811908858559 156.453567443127 162.357738501529 163.90238185188 160.807735551791 153.552978599071 151.360713917318 157.520240719884 153.639881326249 138.3410684273 130.391668265828 132.876785290201 131.635719295295 133.399406449883 131.116664928919 131.106548257211 143.39702607133 130.742857081532 125.019050594308
-9999 -9999 -9999 -9999 -9999 -9999 -9999 -9999 -9999 -9999 -9999 -9999 184.741672509303 185.306541431431 185.755950922904 184.812507667676 184.649997703734 183.869041467747 182.110122694673 181.697021481046 182.516075121024 183.363098148326 182.981548320501 183.163692468332 183.187500007324 181.432148020151 182.963096609196 181.892253914324 180.53452682205 181.583930951942 184.422019920013 186.511310557042 186.378574323297 186.302387277603 178.088684273247 170.402980625486 179.872024574583 172.605957278125 160.574401968411 167.498809704671 166.756542263709 163.494640365503 159.854171834303 151.951194878616 151.630950840983 153.894645647468 155.317852035326 159.982738401485 160.617855184928 151.471428074827 142.905956413877 132.449409717085 130.796428609215 132.003570535503 134.279765983364 133.911312176235 135.994640124433 148.595832761323 142.697025605771 135.242858928337
-9999 -9999 -9999 -9999 -9999 -9999 -9999 -9999 -9999 -9999 -9999 -9999 182.127384186876 183.180953979007 185.37261579452 185.620838177941 183.837509187198 182.386314383433 182.705947874402 182.564289078178 183.463096624401 184.233921025326 183.996421848169 182.860713941974 183.10060119987 183.436904901802 185.263099652428 183.639286079214 183.011306774274 183.595237705699 187.377376481345 187.889286034993 187.691070599311 185.745231681522 178.640468780096 170.301193268406 166.932144198123 169.33809283682 163.276786923847 161.077384945106 160.879760752551 160.156551296954 159.438690186545 152.138695111677 145.223216819464 153.190479194148 158.869041403661 161.752975287555 156.608932787458 148.150596685498 140.160122059761 136.476783805968 129.983335298949 139.657142539066 142.27380764542 134.871429464741 139.14166240348 150.213088930271 147.842262419447 138.158332816464
-9999 -9999 -9999 -9999 -9999 -9999 -9999 -9999 -9999 -9999 -9999 -9999 180.227973889589 184.464881879524 -9999 -9999 186.366073618482 184.014884956513 184.04940033321 184.116069763484 185.572021481661 185.59523773084 184.639286069699 183.559524542657 183.810714714848 184.2910690048 185.266078996827 180.015476226069 184.324993084939 184.044647193043 186.129757002403 183.108932495563 182.51012040512 180.336311393959 178.129756927561 176.614879611512 173.214279297246 163.664878816967 165.950595931337 155.116661165751 155.577381137099 153.752971686725 145.788692509049 144.147022276265 155.357143155764 164.911903248711 168.682743111377 164.41964347478 152.886901893998 153.202980043316 149.514881205304 139.505947365023 133.41667171341 138.605953090511 148.477977691801 145.559524724585 142.902381732806 150.520240793213 146.525596654642 147.388687140441
-9999 -9999 -9999 -9999 -9999 -9999 -9999 -9999 -9999 -9999 -9999 -9999 180.923808922609 -9999 185.046436304678 -9999 -9999 186.202384933854 185.750595107664 186.482143373435 186.43036269506 186.825595856131 185.857730882289 184.622024547061 184.35000229749 184.290470084067 186.89107514137 186.82202146865 -9999 186.255947140427 172.430359040417 171.24523917221 175.895835852442 177.044048271853 177.894645658785 179.235714016282 173.740478649662 167.93333037815 171.24940107808 168.277977161919 156.625595369348 150.716071956721 154.363094312179 155.651187783523 162.724998366131 162.731552120976 171.570831238239 163.782146743661 156.767852835366 153.138095938547 147.942264647455 143.743454022178 140.455955565206 136.454166333597 145.524406232363 -9999 150.444637266126 149.258926335318 148.075591899209 146.38690573496
-9999 -9999 -9999 -9999 -9999 -9999 -9999 -9999 -9999 -9999 -9999 -9999 -9999 -9999 -9999 -9999 185.67916106188 -9999 -9999 187.320240007562 187.507137299095 187.213687904287 185.983337425989 184.695831317518 183.444049845256 184.703575097105 187.219055170787 -9999 183.345237874985 176.0023841794 163.665481695185 167.561305828584 178.832736974437 174.783336680643 177.150596436635 181.841072112599 179.723815901677 178.731552159 174.787498579862 167.503570678311 154.174404258077 154.0642851726 153.111908135102 149.264289779768 156.256549615374 163.330955426297 171.405361085201 169.688686454267 165.616665010338 158.967857470955 156.439285361803 149.591663534225 143.949405599629 145.520237006462 -9999 -9999 150.53571325301 147.714881892736 146.545238422083 145.982738484715
-9999 -9999 -9999 -9999 -9999 -9999 -9999 -9999 -9999 -9999 -9999 -9999 -9999 -9999 -9999 -9999 -9999 -9999 -9999 -9999 187.800006871692 187.422027589788 186.7696418964 185.444053660209 185.889877308135 188.421432456355 188.580951720711 187.242263840985 181.92023860802 176.789287493667 177.358928618811 181.658924048891 178.879165752396 170.252979325839 176.85059338621 181.655956292417 180.760112685792 182.102977807638 178.089290710693 170.925594311377 169.08750160778 159.871425669483 157.54702392157 152.586902673411 152.194045932935 158.230949299611 166.826782009221 162.435115907983 157.954761555305 160.730956911203 164.820243830029 163.524997770206 164.046432510642 161.289283850559 145.516666377844 145.924404178077 148.279167160971 150.089294359355 147.88333511961 151.580947856473
-9999 -9999 -9999 -9999 -9999 -9999 -9999 -9999 -9999 -9999 -9999 -9999 -9999 -9999 -9999 -9999 -9999 -9999 -9999 -9999 187.760120382425 187.869049066541 187.951782228279 187.874996186542 188.080951687783 186.980949424344 185.53036119222 184.32618715377 182.212501560815 181.040485384663 181.92321009954 181.01964197708 171.523212570435 169.150596694958 180.456546620534 182.19702149445 181.936904937889 179.117256164871 180.985115098286 177.844043749457 173.625000018753 159.855358316911 152.397621197927 149.423214010882 155.309524426051 163.060710740791 174.672024015742 164.208931119662 159.415477719444 159.645828219986 155.933929678254 152.658927869651 158.648811335001 152.340480813118 155.056552897947 152.898220084317 150.381546010921 152.964286714308 153.040481544419 154.952972446342
-9999 -9999 -9999 -9999 -9999 -9999 -9999 -9999 -9999 -9999 -9999 -9999 -9999 -9999 -9999 -9999 -9999 -9999 -9999 -9999 187.761306754934 187.419040683534 187.179763800035 186.903572090413 185.127979294889 184.005954763268 183.09047699967 182.873214726742 182.299999236723 181.189281455399 183.314876565667 184.186309843481 182.214286810229 179.424400433665 181.880958505716 178.298217889903 175.650592848745 175.881546056343 177.839881787919 176.551784580242 176.500591330283 169.122619869574 156.84464653737 150.92142877132 156.647025855048 171.316066285231 177.860714194361 160.558334481402 156.252380428543 152.655948620346 154.094051311089 158.809524441716 159.627380429046 151.872020935224 143.107734772952 144.221427819028 150.984519826264 156.629756886498 157.362499201963 157.782741589104
-9999 -9999 -9999 -9999 -9999 -9999 -9999 -9999 -9999 -9999 -9999 -9999 -9999 -9999 -9999 -9999 -9999 -9999 -9999 -9999 -9999 187.53691101338 186.962497721774 186.065483109179 184.661903402499 183.827972434764 183.242263786786 183.066070569482 181.88809969073 181.667266802444 184.348213220123 -9999 183.957736959946 182.397617384467 177.458923469181 169.88512446467 156.722621773011 171.281547522435 171.617862694641 173.883934132478 170.908927839006 172.082141916601 165.633339077451 163.948810511393 165.558326605805 178.361903999613 173.536903581162 160.111907969036 154.113685785349 155.876186197937 160.553569782308 159.318450978762 155.328571435248 147.369644381035 138.85654451577 143.270244435869 152.927379400578 157.764286011484 160.019641836418 159.735710180111
-9999 -9999 -9999 -9999 -9999 -9999 -9999 -9999 -9999 -9999 -9999 -9999 -9999 -9999 -9999 -9999 -9999 -9999 -9999 -9999 -9999 187.53453065425 186.977382669111 186.46964647744 185.330955512137 184.14762118713 183.42202759838 183.863098136015 182.711315167822 183.763095817652 186.171428688833 184.399993957778 175.959522283574 173.452976276878 165.967857663979 159.830356789016 144.08630374726 155.368450133404 158.725002183623 164.101188554096 169.364280633263 172.877982954684 172.880359748761 177.852981320054 182.90000154136 181.85952383421 175.285709571159 165.361312913685 162.030357399481 160.688095084606 159.896427203063 157.079166458471 153.802379634973 150.68392558453 148.160713328755 151.739883325154 157.699996724694 161.317851996539 159.898811328647 156.573211770905
-9999 -9999 -9999 -9999 -9999 -9999 -9999 -9999 -9999 -9999 -9999 -9999 -9999 -9999 -9999 -9999 -9999 -9999 -9999 186.465473165093 -9999 187.35476302959 187.261901856246 187.044643410939 186.695835114543 186.642856594791 186.683929441728 186.36607744908 185.930961567707 186.593456270519 185.159523033377 182.924404233853 175.830360507818 170.353573083694 158.883930360011 148.312496400096 144.747024365709 144.910114379947 151.029171031246 158.544642986148 173.488681817109 177.300586600552 177.980949647934 175.017856631048 162.517261544196 159.339877948465 165.371429323236 167.926792215244 166.094051322707 165.619049086369 163.554161150492 159.218448735321 158.183929301932 163.367858938936 160.173217660435 162.798210164268 161.888691042244 157.911308372937 155.095241536081 155.638095887211
-9999 -9999 -9999 -9999 -9999 -9999 -9999 -9999 -9999 -9999 -9999 -9999 -9999 -9999 -9999 -9999 -9999 -9999 -9999 186.035713193835 186.360713954269 186.81606673297 186.792255412915 185.820838951544 184.381549855602 181.508331309346 181.866668705568 182.002971648936 182.416667935397 182.788696286446 182.694644924182 182.172618884837 178.483337522343 172.748210975472 163.407138982637 155.138099711196 154.222019023276 160.361904445363 164.494048832534 168.3440432996 183.901786780884 184.246425624695 181.499412801644 165.980953454329 153.87678934216 141.460716201364 160.200595575321 166.741062131678 169.227977719785 170.763687139683 170.093448681584 168.432735507552 167.422618896393 163.323814457322 164.275001394115 162.835716389891 156.231544614063 159.073215445199 158.174999288264 155.813098888211
-9999 -9999 -9999 -9999 -9999 -9999 -9999 -9999 -9999 -9999 -9999 -9999 -9999 -9999 -9999 -9999 -9999 -9999 -9999 186.063686368471 186.378570553192 186.791667929934 187.220829006738 187.233337411608 185.832138101793 181.695236250769 181.925598102474 182.065471660167 182.358333577453 183.045234678137 182.597023024382 182.860126469984 183.460712442221 181.52679070302 174.135708055402 172.029163166163 176.320819825395 181.294048387942 181.983333446202 183.582145777711 183.627983069073 183.244052936813 184.271430892852 179.266075285801 166.275001766687 159.894046705959 169.426784476137 170.389884911154 171.046428719255 168.703571366428 166.427383352393 168.129165660678 166.979164209441 163.262496923905 166.848804470465 167.82202525515 165.08749783158 159.957145736268 157.805355079445 158.392261526221
-9999 -9999 -9999 -9999 -9999 -9999 -9999 -9999 -9999 -9999 -9999 -9999 -9999 -9999 -9999 -9999 -9999 -9999 -9999 -9999 185.158332859901 183.676792109558 184.066669424597 186.710716222639 187.705360407704 186.701789890517 184.283935593661 182.426788326356 182.708332051101 183.032730090339 183.492862692317 184.295833573287 185.554168669941 187.492847412689 186.785713211812 186.43630981781 176.091072233743 171.922020021039 174.056548899446 184.061901033146 183.506546026675 183.360710174952 181.793453219249 180.708332116104 173.597618137955 170.148216242253 168.392860490409 166.305946333424 165.841663367338 165.051792207767 158.630951064461 155.472621746359 158.192859680322 154.460121206172 153.775001560151 157.238094135961 -9999 -9999 -9999 -9999
-9999 -9999 -9999 -9999 -9999 -9999 -9999 -9999 -9999 -9999 -9999 -9999 -9999 -9999 -9999 -9999 -9999 -9999 -9999 -9999 181.775596725925 179.781547524869 179.319641145963 180.442863410339 184.614879556356 187.218456249624 187.283332857674 184.871429454492 184.003566760375 184.733333567734 186.195247604378 188.066661821701 188.451789864172 186.578578992377 185.433929426467 185.114284556664 177.500591309703 166.677974990015 159.941070488371 173.842857092116 182.510116489044 183.967262282566 180.110115158793 -9999 -9999 -9999 -9999 -9999 -9999 -9999 -9999 -9999 -9999 -9999 -9999 -9999 -9999 -9999 -9999 -9999
-9999 -9999 -9999 -9999 -9999 -9999 -9999 -9999 -9999 -9999 -9999 -9999 -9999 -9999 -9999 -9999 -9999 -9999 -9999 -9999 178.761905777089 175.610710132787 177.009521464812 176.811904931755 177.017257670954 181.850597273346 184.528575844804 186.879173261275 188.001186356808 188.476795203296 188.282146472535 186.341072085378 185.035713221797 183.477973974101 181.745235429982 182.932731604913 177.625599077475 165.207733510617 -9999 -9999 -9999 -9999 -9999 -9999 -9999 -9999 -9999 -9999 -9999 -9999 -9999 -9999 -9999 -9999 -9999 -9999 -9999 -9999 -9999 -9999
-9999 -9999 -9999 -9999 -9999 -9999 -9999 -9999 -9999 -9999 -9999 -9999 -9999 -9999 -9999 -9999 -9999 -9999 -9999 -9999 176.238693339148 174.28689955147 174.49405671196 -9999 173.700004555893 -9999 -9999 -9999 -9999 -9999 -9999 -9999 -9999 -9999 -9999 -9999 -9999 -9999 -9999 -9999 -9999 -9999 -9999 -9999 -9999 -9999 -9999 -9999 -9999 -9999 -9999 -9999 -9999 -9999 -9999 -9999 -9999 -9999 -9999 -9999
