socal_rasters/bio08_SPHAsouth_aggfac2.asc
NCOLS 210 
NROWS 130 
XLLCORNER -119.45 
YLLCORNER 32.483333333 
CELLSIZE 0.0166666666666667 
NODATA_value -9999 
[rows 26 to 51 of 130, columns 120 to 179 of 210]
97.7095280392566 98.6642836495936 106.390474286713 108.485715828136 109.354759226834 106.82619290775 103.664285673013 96.7547609641797 84.4666691468947 83.4285677688438 85.090477205214 80.5071427672765 78.4190465219617 79.3833332626152 77.5666655997614 76.2476196661083 68.2761918968297 65.9952375954845 48.1857158380504 37.4142847243761 -9999 -9999 -9999 -9999 -9999 -9999 -9999 -9999 -9999 -9999 -9999 -9999 -9999 -9999 -9999 -9999 -9999 -9999 -9999 -9999 -9999 -9999 -9999 -9999 -9999 -9999 -9999 -9999 -9999 -9999 -9999 -9999 -9999 -9999 -9999 -9999 -9999 -9999 -9999 -9999
103.602378781562 106.535711238191 108.009521521354 109.583330086936 112.435714711379 113.347623817999 113.99762152878 113.483331714266 108.826187204711 103.369045414054 102.7357120228 101.014287935223 97.0785733017412 88.4309484136624 85.4738119957815 89.3690470687057 89.0499975001063 71.1380942446426 62.4571410232917 60.0404766887982 50.5642866163764 -9999 -9999 -9999 -9999 -9999 -9999 -9999 -9999 -9999 -9999 -9999 -9999 -9999 -9999 -9999 -9999 -9999 -9999 -9999 -9999 -9999 -9999 -9999 -9999 -9999 -9999 -9999 -9999 -9999 -9999 -9999 -9999 -9999 -9999 -9999 -9999 -9999 -9999 -9999
108.552381507176 109.633331279385 111.988096201876 113.985713948185 115.045238486836 115.8714275246 116.573812477265 117.669046382154 118.852380750927 119.257144932923 116.616666814348 111.435714833946 104.473806483743 99.4190483595742 95.6428549869842 92.0166680308185 94.9309523398309 80.3833332035547 82.4547635075453 80.0904770914644 68.7857133825587 60.8119057524408 -9999 -9999 -9999 -9999 -9999 -9999 -9999 -9999 -9999 -9999 -9999 -9999 -9999 -9999 -9999 -9999 -9999 -9999 -9999 -9999 -9999 -9999 -9999 -9999 -9999 -9999 -9999 -9999 -9999 -9999 -9999 -9999 -9999 -9999 -9999 -9999 -9999 -9999
112.226192477324 112.561904895297 113.938093162927 115.64762113143 117.438096982238 118.135711668211 118.790473930628 117.792858144068 118.03571887123 121.30476378641 121.133331303337 120.799995441494 117.119045325034 112.392856665026 99.0619050965373 98.9904725856356 93.4904750831604 72.4095229715031 88.6190450427415 87.7476197904931 76.1214296417442 70.2476177403407 79.2904719269913 81.9404754856588 -9999 -9999 -9999 -9999 -9999 -9999 -9999 -9999 -9999 -9999 -9999 -9999 -9999 -9999 -9999 -9999 -9999 -9999 -9999 -9999 -9999 -9999 -9999 -9999 -9999 -9999 -9999 -9999 -9999 -9999 -9999 -9999 -9999 -9999 -9999 -9999
115.283332827883 115.319047931612 116.183332430429 117.130954732438 118.114286405297 120.161905277057 120.800003046007 121.635715472215 122.721429813029 122.899999623004 122.76428603948 122.807142254223 121.985713983316 120.304761903832 117.064287250359 114.726190566152 107.169048469538 98.4166660750073 98.2095241188965 98.7690488766063 84.0690481262386 84.8904781686311 89.7547624053072 87.8309536840071 83.4238090515159 69.5642856774446 -9999 -9999 -9999 -9999 -9999 -9999 -9999 -9999 -9999 -9999 -9999 -9999 -9999 -9999 -9999 -9999 -9999 -9999 -9999 -9999 -9999 -9999 -9999 -9999 -9999 -9999 -9999 -9999 -9999 -9999 -9999 -9999 -9999 -9999
117.830953600543 117.871425626011 118.295240394871 119.019052497409 119.507137291453 120.423807125909 122.266666391421 122.976190560061 123.799999226078 124.307140347869 124.569049832951 124.700000761744 124.376188286391 123.638093960746 121.957141900679 120.685710912403 117.450000814691 112.835714438846 108.504762637702 102.700000845383 92.1071415214491 98.1666659976945 96.4619065271689 87.0095254438992 74.7428552041919 65.1142875534075 52.6238127135742 -9999 -9999 -9999 -9999 -9999 -9999 -9999 -9999 -9999 -9999 -9999 -9999 -9999 -9999 -9999 -9999 -9999 -9999 -9999 -9999 -9999 -9999 -9999 -9999 -9999 -9999 -9999 -9999 -9999 -9999 -9999 -9999 -9999
119.919046403949 119.895236966122 120.209522243082 120.695238105318 121.109523768665 121.871427529164 122.897619227079 124.133338921963 124.814287178659 125.459524145832 125.845237733951 125.390476234698 124.864286427669 124.221426018507 123.473810206807 122.733329783543 121.166664143639 119.573810605019 117.450000798576 111.864284638788 104.76666642359 99.085714578733 83.9476242612205 81.1714325788793 74.7404747914526 75.3928584376453 71.7476188904781 66.4880962394582 -9999 -9999 -9999 -9999 -9999 -9999 -9999 -9999 -9999 -9999 -9999 -9999 -9999 -9999 -9999 -9999 -9999 -9999 -9999 -9999 -9999 -9999 -9999 -9999 -9999 -9999 -9999 -9999 -9999 -9999 -9999 -9999
121.695234300678 121.74285697694 121.949996945235 122.323808666676 122.885713572969 123.13571357282 123.976190557126 124.971426002249 125.604763019323 126.407144541446 126.223810201143 125.628574379468 125.078569418376 124.302381528976 123.297618879541 122.30952836512 121.169044507659 119.604763059508 117.504762678247 115.19285395615 111.802381588444 104.849994768137 96.621427633314 88.3380947739359 85.4047604006624 75.1047632855305 64.8785705077534 63.2976188371258 61.4285707786932 49.9857143287353 -9999 -9999 -9999 -9999 -9999 -9999 -9999 -9999 -9999 -9999 -9999 -9999 -9999 -9999 -9999 -9999 -9999 -9999 -9999 -9999 -9999 -9999 -9999 -9999 -9999 -9999 -9999 -9999 -9999 -9999
123.230951312162 123.273813244919 123.545240398992 123.950004572134 124.483335489448 124.630950923056 125.390474308416 126.085716242457 126.630952825853 126.876192096663 126.342859275545 125.669046414532 124.826189053546 123.795240420672 122.611906070835 121.14761926764 119.773809450233 118.385715504871 116.614286452196 114.076189077159 110.942853972067 106.697618554613 101.816667625302 96.6666641822498 93.7476159001322 86.4190446044273 76.8619043299644 58.6000016484185 52.7904761385943 31.1357153711152 15.4857149906835 -9999 -9999 -9999 -9999 -9999 -9999 -9999 -9999 -9999 -9999 -9999 -9999 -9999 -9999 -9999 -9999 -9999 -9999 -9999 -9999 -9999 -9999 -9999 -9999 -9999 -9999 -9999 -9999 -9999
124.616666797658 124.599998470145 124.892852781533 125.328575125744 125.961902610711 126.438095093459 126.883331288132 127.409521102905 127.459526064933 126.688091285494 125.976192488129 124.966670997881 124.259523398349 123.57142831036 122.583333987338 121.05714418401 119.514286064342 117.809522652036 115.895236993675 113.702379262832 109.716667251811 99.6452390465507 90.5452348052038 89.2166689530847 95.3761940149593 92.0976219808274 86.714292606965 80.5738049552591 70.7261869287911 57.695237326111 36.5166677780302 17.8500005402926 4.03095222592284 -9999 -9999 -9999 -9999 -9999 -9999 -9999 -9999 -9999 -9999 -9999 -9999 -9999 -9999 -9999 -9999 -9999 -9999 -9999 -9999 -9999 -9999 -9999 -9999 -9999 -9999 -9999
118.900005329405 120.042858122234 124.328571332278 126.447624197111 127.361906042353 128.30475997514 125.807142248145 127.311903016224 125.392856632367 123.619047149141 121.842857401182 120.388095850574 120.902379980831 121.849996556456 121.035715138981 119.476190589685 117.269046818817 115.128570579143 112.740478559825 108.96904949927 105.642858542295 102.595237749686 100.173807192489 100.011903773646 97.1833343969635 92.4619046093649 83.4285737519907 77.5142843023546 63.2404749062932 55.9761896557543 56.4285717371717 48.5976211435212 35.5357146699787 45.4428575301711 44.626190041278 -9999 -9999 -9999 -9999 -9999 -9999 -9999 -9999 -9999 -9999 -9999 -9999 -9999 -9999 -9999 -9999 -9999 -9999 -9999 -9999 -9999 -9999 -9999 -9999 -9999
118.833337727942 125.619049061882 122.440471702742 126.661905237495 128.138093928895 128.98571396764 126.745239249648 126.595239662467 122.852384666335 112.985713834401 120.038093606999 116.314287249276 112.509525307986 114.580951651831 118.53571886465 117.992858907046 114.928571749201 110.726190599143 108.528572117274 106.471426012161 106.992860766858 107.338092825312 104.116668755458 101.142856631562 98.4380970413762 94.071428392613 85.5095253821924 83.1571389448949 71.6285726322262 68.6571426889124 64.3809519153442 62.2738095300921 57.7761907566466 61.1119041742949 55.2785712770432 44.9214279044608 28.9309523412207 -9999 -9999 -9999 -9999 -9999 -9999 -9999 -9999 -9999 -9999 -9999 -9999 -9999 -9999 -9999 -9999 -9999 -9999 -9999 -9999 -9999 -9999 -9999
127.242855089989 128.071428287903 126.469047542709 129.157146439709 129.44762038845 129.216667183622 127.81666757643 125.754764586214 122.528566407441 120.088094738502 114.054763870004 114.414285642814 112.845239673857 109.278572143088 111.604764845415 115.109523760137 116.195236193397 113.283329060138 110.580951748597 109.592857366546 108.230949406327 106.29999926768 104.000000036537 101.60475924423 99.3119068491284 96.3047657460082 90.9642888307626 85.0404777329726 80.5595208185141 77.745237377512 74.0047589495019 68.3619042602631 70.5404738607591 65.0642880872836 68.4619044574848 64.5999994959354 59.2904777421485 57.9595249879008 54.6190492377028 -9999 -9999 -9999 -9999 -9999 -9999 -9999 -9999 -9999 -9999 -9999 -9999 -9999 -9999 -9999 -9999 -9999 -9999 -9999 -9999 -9999
123.985713970573 128.945236160653 130.376186371518 129.240478538868 128.861904137721 128.414285672113 127.130950950392 122.121427642314 115.18571675451 108.797618846772 108.971429873477 100.516668441538 101.321428107035 107.433336316439 101.16190912198 104.830949709284 109.404758419363 112.940477341587 112.266668349673 109.4476185365 106.752384186303 105.345237752647 104.295242326673 102.469045669699 100.216661480706 96.7595253656149 91.1738072375391 83.8642883715211 86.2214241310047 85.4523830663939 80.6952400593403 77.0357150840053 77.7357139655359 78.5452366616345 78.4404752746541 81.223804518273 80.8547649655343 74.4428558641766 65.2785711422518 73.9809510939983 70.4119072779153 -9999 -9999 -9999 -9999 -9999 -9999 -9999 -9999 -9999 -9999 -9999 -9999 -9999 -9999 -9999 -9999 -9999 -9999 -9999
129.123805987265 130.526191701373 130.323810584966 129.009521487294 128.585712446445 127.485715879325 126.314287201081 124.185714762485 118.245237557143 99.2904759753267 105.878574145306 111.366664907278 107.500001870964 103.107147394377 99.1785754904337 99.992858890782 103.459524076603 107.435710887357 107.797618833103 108.742856994085 108.926191338005 108.345239643528 106.464284925483 104.721429839833 103.021432907461 99.4809551834307 95.8380928348563 95.0666656692614 93.5333328503598 91.6809521082993 88.2952366980819 82.980955169355 83.6571406466801 86.8142871418453 87.1666679623927 89.8476200646658 88.1309527794475 91.1214237873272 85.892858495591 85.7904778736307 78.6738072374105 75.0904769659507 77.5190506247338 -9999 -9999 -9999 -9999 -9999 -9999 -9999 -9999 -9999 -9999 -9999 -9999 -9999 -9999 -9999 -9999 -9999
129.478569046866 129.826190943515 129.480949410543 128.819046031737 127.314281467698 126.409521116825 125.800001162811 123.157142698282 118.169046455838 108.711904697784 102.159524782222 112.416667894114 112.552383446224 108.828571392653 104.466667175541 106.04047767717 108.764284117655 108.466669111145 105.847618144333 103.754764565637 103.802379594485 104.069047910487 104.404766012539 104.766666462716 102.588094722996 101.152380017935 99.2785740105145 98.0285682820383 96.854763050044 95.5571441859727 94.2023811566112 90.9690476209055 88.5690460306309 91.67856973355 92.2142888090363 95.9547615134705 97.8357105063068 99.0214271864773 94.7452392253916 91.5904733258722 92.0119038557774 96.1571426150814 94.2023829638186 100.083333874425 92.5952357450221 104.640474144465 -9999 -9999 -9999 -9999 -9999 -9999 -9999 -9999 -9999 -9999 -9999 -9999 -9999 -9999
130.104766853591 129.819046023601 128.997623457303 128.042850506961 126.402380024376 122.411909107388 121.271425264906 120.678571743595 116.123807906871 116.095237753363 114.085716267966 114.166664111818 114.561902999637 113.690475487172 112.285709388196 111.909521092803 112.071426392098 112.373809807577 112.138093970022 110.450002695527 108.769042968876 107.164287596342 104.069051747605 104.035715093625 103.661903394223 102.35952379899 100.504758854819 99.3785686751753 97.9809532257338 97.5833339676207 97.9619045164521 97.6761894537357 94.6833305643106 96.716667100904 99.9690494125757 103.397619200639 106.242858854276 106.81428527746 104.916668000919 104.82857317994 107.266666424026 108.435714758534 111.695236152863 112.614282500401 115.966667158838 117.288093569752 110.621425745977 -9999 -9999 -9999 -9999 -9999 -9999 -9999 -9999 -9999 -9999 -9999 -9999 -9999
129.747623449958 129.09048081306 128.059524549386 126.638095872555 124.114284562243 120.642858534687 117.171430647576 115.104764945078 116.276191706285 116.535713198273 116.016670236425 115.476190569886 115.533334730129 115.685712813117 115.202383050554 114.809522633959 113.866664863889 114.814287176669 115.271429053831 115.490476614111 114.292860063192 112.352382688732 110.36666682466 109.019046787102 104.885711788691 102.16904451143 100.299999272758 99.3642845171245 98.6904754708883 98.9904727867829 99.6714305751803 100.62857054755 101.23809239947 102.76905057093 104.38333318609 106.209526029212 108.714286768627 110.816665623209 111.111904166914 111.540481539685 114.123809767465 116.719045611727 119.092857317846 120.857143389316 122.290471993847 123.959524149999 125.090476979756 124.176191373817 123.642856536624 123.159524907586 -9999 -9999 -9999 -9999 -9999 -9999 -9999 -9999 -9999 -9999
128.785717026056 127.69761467676 126.719047559084 125.223810215686 122.921430628406 118.323810646997 116.366668713364 115.07142832144 113.407142646755 115.292858093755 116.307144162073 116.378570555086 116.357149126073 116.407144541047 116.700002667108 116.897619245342 116.50476457277 113.261907676275 109.335712363733 117.469049445491 117.747619623285 117.699998880291 114.919052175589 112.530952502018 107.226188771473 105.573806803308 101.090477106429 98.4023837561753 98.5285701954234 98.7642841019681 99.676189465299 101.138093903737 103.297620747388 104.909521084204 103.728569090324 102.023805678237 99.0499992921343 103.864282566366 110.885713331421 115.999998068577 117.647613498247 119.333335851502 120.885715461866 118.797622787848 120.626194060822 122.276189557912 127.547620753031 128.442855830088 128.271427153928 129.13095089984 131.252376515471 -9999 -9999 -9999 -9999 -9999 -9999 -9999 -9999 -9999
126.897617357069 125.080949808953 124.552379624638 120.847618146818 119.264280323853 117.378568683865 115.307140360578 113.669044526044 112.283336637652 114.273811305362 116.200004558652 116.892864223589 116.98809814417 117.054761883077 117.188091283824 114.726190610748 113.238094363837 108.369052957847 112.066667498083 118.185720404914 119.278572080859 -9999 118.100004231409 115.45714384437 107.642856619184 109.545240397592 105.819048004315 102.840478892401 100.538095435088 101.533338558443 101.654762329231 99.0523795811586 100.495235424257 96.6309548505885 85.3357125279587 80.1928578855253 78.1095199419832 81.1928595346638 88.5952394225382 96.0928573635883 86.7499980752758 100.347617977328 93.7238086517324 96.5047648753035 86.0809553525076 105.542855890213 119.952383053183 120.269046595671 116.430952016831 128.873809654332 132.623809792441 134.36428066903 -9999 -9999 -9999 -9999 -9999 -9999 -9999 -9999
122.299995433977 121.230955169746 120.130952809134 120.79285623653 117.857141520786 114.542858156186 112.857145316119 113.414283762643 112.726192462098 113.616664868931 115.659524895652 117.030950536341 117.62142562565 117.750001905771 115.316667679421 106.738094299774 114.116666752 -9999 114.204765371453 116.397615327339 118.769048684026 119.430948256546 -9999 -9999 114.271429161737 112.047622601024 109.699998934978 105.069049878254 102.492858893064 105.276193598384 105.864286437916 101.72142610173 93.9166680603846 83.1095220556479 75.952379237919 70.9309521288384 65.5404778382009 68.7619055086372 74.8142890546877 76.5714264655637 69.9380933144242 69.6238078539517 71.4428597527925 58.4452381819427 64.5880935238635 82.5452379891493 102.040475897263 82.2952402005991 89.154758037751 110.533334638976 104.964284930187 121.695233869593 -9999 -9999 -9999 -9999 -9999 -9999 -9999 -9999
120.114284510999 118.80237772323 116.18333247498 116.497615770081 118.378572497835 116.133331310924 114.94761850589 113.354764967219 113.228572817652 113.34523393219 114.02857204194 116.761903748709 117.745237346729 117.928571698865 117.488092449512 -9999 -9999 -9999 111.519050434443 118.892858518059 118.223812055496 119.366666792537 119.426189419368 119.65238189619 119.242855088576 117.676187544628 112.145239038183 108.278571996021 108.495239268616 107.633331359724 105.50476075669 103.44999899154 92.8023777777563 88.1476174749048 78.4666672626661 75.5452366462005 70.3761941983175 61.7571429725127 65.6142882606149 68.9714279224085 64.557144296665 53.5880961209109 34.8190472300774 30.3785712901513 49.8047614495588 71.973810006477 76.5190466938249 56.8619046669337 59.5285726522757 75.0619056426697 80.2809520183168 97.6952358343188 119.259525172502 -9999 -9999 -9999 -9999 -9999 -9999 -9999
-9999 -9999 117.628570567778 117.652379984683 117.338098536641 115.68095400642 114.104761124347 113.95952415501 114.069051731221 113.930950168916 113.583330130807 116.376188256199 117.50951956522 118.023809429828 118.159523013067 117.678569807622 -9999 110.883333239552 118.307142216009 119.042858128092 119.030950541283 119.169048313829 118.450002676378 118.847619981934 119.507139205538 119.411905291474 118.907142655277 112.642856801744 100.611902383706 93.5190469250888 87.9595221949124 87.323810376298 87.6023809268464 81.2452354867983 78.1738109089936 80.1119061518762 72.5976201178079 58.1095221081385 54.4047623539578 54.4238099558859 53.235712922038 37.2285714896416 13.426190650359 11.7952374334227 24.3904758765334 31.023810928051 41.1119054205518 40.930951402184 32.3690459721059 62.1690468980925 90.5714299300549 99.3238125109441 109.283332429947 -9999 -9999 -9999 -9999 -9999 -9999 -9999
117.559524548951 117.835712434738 116.788101220234 114.688100842103 112.242855092168 112.799999215379 111.49047090647 111.557140362397 111.664283741107 112.676187497832 113.304761879002 114.652381868516 117.245239237694 118.035717006978 118.41428184387 117.328571355059 114.521429095522 118.588092783329 119.011905676084 118.047616975107 117.390474319202 115.857143447384 107.519046937107 108.935714472867 116.464288571099 119.369047161081 119.419044496227 119.183328637794 113.990472966948 97.7785723773582 83.8499986124586 82.0904789103178 82.6285725713064 85.2476176721546 85.5999984361957 77.2523824636526 76.3285693735301 73.4547634888048 63.297616122108 49.5357134798957 33.7142861222449 16.8809523453724 19.6500004083581 16.9428581579343 3.15952333329387 -9.52142850802603 -8.76190439967169 8.87857149384237 15.0761911294033 47.7214289042976 58.3857123408292 67.1023804941831 95.6023840303939 121.680953648218 -9999 -9999 -9999 -9999 -9999 -9999
116.652383824699 112.32143024154 110.300001208118 106.211908343936 106.285717010046 108.000001908262 106.159521132924 104.854764956555 105.697618414748 109.030954308568 111.283330924834 110.764286018423 116.285713141107 118.288095466839 118.592859263419 118.252380384152 116.642856602367 118.96904945311 117.890474347917 116.190475488727 114.626192113208 112.188095185789 107.019048718521 103.447618549211 108.200002627982 118.852382651181 119.066669463046 118.940479284868 118.614290242827 118.107141512286 110.495235688584 98.590475139416 98.3380965961884 100.809528302258 101.699999286553 82.1380961622265 82.5833337896853 83.1952363492539 73.4000016869945 57.1428588437247 42.8547622050192 35.7761903443439 36.9500008381419 25.6000008054404 -0.828570955829978 -29.3523813147184 -36.5785721910612 -22.8333338804849 -15.4857151630437 18.2404755672378 50.1999993494729 68.5428617139317 84.9380947009854 126.040478932341 -9999 -9999 -9999 -9999 -9999 -9999
117.578571382358 111.490478591185 106.352382677065 105.7595252911 105.278568269746 105.664285658078 104.640472433846 103.045240404425 106.221425928933 109.949998833338 113.040477739278 113.088092821292 115.590476924932 118.135713562098 118.735712047111 118.907140731195 118.935710906114 118.383331320455 113.569044234926 107.657142693189 104.873806039482 108.047618794948 108.426193310247 104.226188644142 107.261905665696 116.119048945529 118.421426772405 118.519050598144 118.338096625943 117.838094716741 117.619047167653 115.607143479097 110.645237027921 111.473812090293 116.633331437606 101.488094420463 96.4380932244162 88.9809477273519 73.1142865991205 61.4095232425731 54.4095238912589 50.7761928245659 39.9047606012484 18.3214292123925 -5.77619004725315 -25.3761914797273 -18.428571929324 -6.2380952219977 3.09999991669188 25.292856457629 49.6261897559798 64.9428592729318 93.5452398672514 124.535710818205 139.083336028303 -9999 -9999 -9999 -9999 -9999
