socal_rasters/bio04_SPHAsouth_aggfac2.asc
NCOLS 210 
NROWS 130 
XLLCORNER -119.45 
YLLCORNER 32.483333333 
CELLSIZE 0.0166666666666667 
NODATA_value -9999 
[rows 0 to 25 of 130, columns 0 to 59 of 210]
-9999.000000000000000 -9999 -9999 -9999 -9999 -9999 -9999 -9999 -9999 -9999 -9999 -9999 -9999 -9999 -9999 -9999 -9999 -9999 -9999 -9999 -9999 -9999 -9999 -9999 -9999 -9999 -9999 -9999 -9999 -9999 -9999 -9999 -9999 -9999 -9999 -9999 -9999 -9999 -9999 -9999 -9999 -9999 -9999 -9999 -9999 -9999 -9999 -9999 -9999 5841.36718732147 -9999 -9999 -9999 -9999 -9999 -9999 -9999 -9999 -9999 -9999
-9999 -9999 -9999 -9999 -9999 -9999 -9999 -9999 -9999 -9999 -9999 -9999 -9999 -9999 -9999 -9999 -9999 -9999 -9999 -9999 -9999 -9999 -9999 -9999 -9999 -9999 -9999 -9999 -9999 -9999 -9999 -9999 -9999 -9999 -9999 -9999 -9999 -9999 -9999 -9999 -9999 -9999 -9999 -9999 -9999 -9999 5758.87060519858 5800.30310067655 5809.53173795219 5812.66918949487 5809.88269041554 5818.60693363892 -9999 -9999 -9999 -9999 -9999 -9999 -9999 -9999
-9999 -9999 -9999 -9999 -9999 -9999 -9999 -9999 -9999 -9999 -9999 -9999 -9999 -9999 -9999 -9999 -9999 -9999 -9999 -9999 -9999 -9999 -9999 -9999 -9999 -9999 -9999 -9999 -9999 -9999 -9999 -9999 -9999 -9999 -9999 -9999 -9999 -9999 -9999 -9999 -9999 -9999 -9999 5678.26477038134 5676.65649424679 5685.44787584631 5749.71411098926 5783.28771978214 5754.67272961963 5757.54699694925 5775.82897945417 5790.20837377895 5838.44653306313 5878.7005614388 5882.98144525535 -9999 -9999 -9999 -9999 -9999
-9999 -9999 -9999 -9999 -9999 -9999 -9999 -9999 -9999 -9999 -9999 -9999 -9999 -9999 -9999 -9999 -9999 -9999 -9999 -9999 -9999 -9999 -9999 -9999 -9999 -9999 -9999 -9999 -9999 -9999 -9999 -9999 -9999 -9999 -9999 -9999 -9999 -9999 -9999 5555.66394009198 5617.70275872709 5590.51196304351 5581.44885253315 5603.92919897852 5639.8225098051 5662.79882806449 5708.97143522379 5760.11450191032 5746.70764165933 5730.76293940419 5753.001953141 5744.73730464575 5772.5643305531 5839.06262221699 5819.17492682254 5826.12426749217 5852.66894522386 -9999 -9999 -9999
-9999 -9999 -9999 -9999 -9999 -9999 -9999 -9999 -9999 -9999 -9999 -9999 -9999 -9999 -9999 -9999 -9999 -9999 -9999 -9999 -9999 -9999 -9999 -9999 -9999 -9999 -9999 -9999 -9999 -9999 -9999 -9999 -9999 -9999 -9999 5427.39721667095 5455.18029786691 5444.01574691455 5497.41918928157 5539.4486082442 5590.14794927416 5564.92822273027 5540.9395752983 5565.94531229791 5605.81701649329 5637.35583484579 5651.91748039192 5693.39916964545 -9999 5756.02612309348 5749.97717284893 5736.99731450456 5763.45080542472 5819.75146475372 5799.84411628905 5807.52429182068 5839.87915022655 5867.81945779915 5887.65808090893 -9999
-9999 -9999 -9999 -9999 -9999 -9999 -9999 -9999 -9999 -9999 -9999 -9999 -9999 -9999 -9999 -9999 -9999 -9999 -9999 -9999 -9999 -9999 -9999 -9999 -9999 -9999 -9999 -9999 -9999 -9999 -9999 -9999 -9999 5302.40319818632 5336.10974113122 5370.30944799816 5439.95214824503 5460.04895020475 5483.10913065321 5504.81945794869 5554.26281731104 5542.34558110884 5532.92797852171 5554.02270477552 5593.0178222199 5597.39306637941 5631.92028800955 5654.53100581372 5692.11474587774 -9999 5741.47192381184 5750.61462386387 5782.53942860157 5788.44006346493 5797.90270985749 5818.30285629694 5849.09655752921 5863.24206539256 5858.66589368846 5848.32275393515
-9999 -9999 -9999 -9999 -9999 -9999 -9999 -9999 -9999 -9999 -9999 -9999 -9999 -9999 -9999 -9999 -9999 -9999 -9999 -9999 -9999 -9999 -9999 -9999 -9999 -9999 -9999 -9999 -9999 -9999 5255.21789564166 5239.7595213997 5270.37866203693 5279.56152347627 5261.59155279215 5310.33178686162 5363.54577622241 5405.88183575284 5449.39916983565 5471.17224096623 5514.03454574143 5545.96520991438 5545.87731923566 5566.81347642674 5565.96484385916 5561.91320790149 5598.74316388987 5638.4589842797 5665.906371996 -9999 5718.2445069029 5739.44555641569 -9999 5752.56372061927 5771.1839598931 5795.54260242441 5795.2803955505 5793.51293951248 5785.46582038146 5791.65930180247
-9999 -9999 -9999 -9999 -9999 -9999 -9999 -9999 -9999 -9999 -9999 -9999 -9999 -9999 -9999 -9999 -9999 -9999 -9999 -9999 -9999 -9999 -9999 -9999 -9999 -9999 -9999 -9999 5118.68640115643 5195.01415992181 5211.44165054373 5193.13940415388 5248.91979969693 5257.70336920227 5234.51208507837 5248.25292956472 5285.44677719943 5321.99377430347 5369.96728499122 5399.52392554667 5448.24499490694 5505.03210431107 5516.96936017308 5520.28369153429 5527.45361324472 5540.9663085043 5567.81201158568 5604.41760232431 5639.57604966656 5656.09594714648 -9999 -9999 5703.73083491993 5721.9871824589 5746.83374010339 5759.92761244186 5753.41943359173 5749.16943352283 5761.38000472369 5779.64306604794
-9999 -9999 -9999 -9999 -9999 -9999 -9999 -9999 -9999 -9999 -9999 -9999 -9999 -9999 -9999 -9999 -9999 -9999 -9999 -9999 -9999 -9999 -9999 -9999 4970.32897935662 5011.89184559975 5045.68017572893 5080.168456887 5138.6502683762 5186.30432127581 5178.88342287273 5169.68334960643 5205.21105940723 5229.56994628748 5215.54394541934 5228.81689433609 5274.15905746391 5294.74328607859 5329.11621073143 5381.78857405809 5424.1522214441 5470.63220202909 5470.21899406793 5482.95593250303 5500.06249994126 5526.26159660567 5543.72692869082 5563.7727048707 5601.16235333345 5632.03491198326 5661.37854009002 5656.11633289453 5679.81066887059 5693.00732420645 5718.21948222202 5723.43017579167 5732.69958489124 5743.18273914316 5746.61706536384 5777.95568811578
-9999 -9999 -9999 -9999 -9999 -9999 -9999 -9999 -9999 -9999 -9999 -9999 -9999 -9999 -9999 -9999 -9999 -9999 -9999 -9999 -9999 4825.30529771439 4873.78076162483 4920.14709463028 4928.45458984551 4951.19677728124 4977.7008055785 5016.82153307422 5065.25415026435 5116.24597149621 5173.42468261346 5168.88842769149 5190.14208980395 5201.11083982458 5198.6968994992 5192.88439921598 5254.8627927315 5281.38537600009 5309.67211893906 5354.50463850327 5387.85058591115 -9999 5442.38916010841 5452.43408203757 5474.55725078423 5495.13562012722 5496.74035636669 5521.82763654678 5554.81787089655 5593.43493634674 5617.74951168874 5631.45104972925 5640.24365226954 5653.34143056507 5686.17126457408 5693.53881835797 5712.08471668292 5724.59851071317 5738.57324204412 5766.33337394605
-9999 -9999 -9999 -9999 -9999 -9999 -9999 -9999 -9999 -9999 -9999 -9999 -9999 -9999 -9999 -9999 -9999 -9999 -9999 4829.66882318186 4832.84960941757 4823.11083977638 4862.45471180924 4912.50732411305 4915.07080080631 4905.00256349819 4935.82946768138 4966.70483388263 5015.21459946765 5073.99902324018 5135.07214350764 5125.11035147635 5147.55285640651 5149.25122073417 5137.20129400032 5151.14147926085 5220.05603003313 5249.89416508822 5274.37829579459 5311.89868142824 5357.61035142492 -9999 -9999 5427.92199701195 5442.89648432649 5448.34863279497 5472.6759031786 5500.32604971267 5516.82165515482 5550.25537092576 5581.12207024488 5590.73217767909 5601.93859855176 5628.41394024822 5650.92443845733 5661.09582518762 5679.08789054004 5694.02392564606 5715.17065416851 5737.24475092893
-9999 -9999 -9999 -9999 -9999 -9999 -9999 -9999 -9999 -9999 -9999 -9999 -9999 -9999 -9999 4764.40307611917 4783.27941892619 4790.18530271954 4795.32897947577 4810.19836426371 4816.24511719147 4837.17675771506 4862.85876462178 4897.62915032225 4890.82788093299 4890.74877928346 4886.7375488454 4917.40539537801 4984.73132300105 5054.31774886683 5096.94543448525 5130.48791497594 5125.72619634359 5103.40600583235 5123.1223144812 5138.54199204592 5185.60900860572 5231.46264641449 5225.46130378019 5237.04626447049 5295.63024874629 5344.34643545217 5356.03149421203 5369.20629874777 5383.48693844349 5405.83508286179 5434.64892567328 5463.85510240988 5489.68615711871 5515.35559064509 5542.949218644 5553.24999992212 5570.22070305019 5597.48596177828 5613.3544921303 5626.61743160264 5649.09204093709 5666.99072259035 5676.73132319939 5686.52612304236
-9999 -9999 -9999 -9999 -9999 -9999 -9999 -9999 -9999 -9999 -9999 -9999 4656.89550775204 4678.57604978322 4697.28771969451 4715.30578610158 4733.47241208309 4750.85766598642 4770.07922360747 4789.25537105752 4805.52429194889 4835.48999014909 4853.95520019395 4851.2844238467 4850.39428707765 4851.70117188468 4858.90173336884 4900.8725584383 4942.74047832953 5001.67736802361 5051.14550768069 5095.24511713971 5076.85314957446 5086.79089339412 5103.96301265026 5134.19201648333 5162.55639628907 5197.86535644267 5195.73132318312 5227.60375960965 5264.78051742612 5310.4880369794 5321.48718254081 5339.71252437594 5353.41552730925 5370.86645495915 5402.58801259805 5427.71350084625 5450.34728989263 5481.75122056967 5503.67724603768 5520.76379384202 5541.24597160253 5560.30981434522 5575.12036121566 5593.62292466939 5610.62707512752 5623.63122550757 5637.84545890028 5649.0808105396
-9999 -9999 -9999 -9999 -9999 -9999 -9999 -9999 -9999 4544.49072264262 4565.45080564261 4587.87963864925 4605.79614256594 4618.21362302871 4636.34912107277 4652.33532712432 4670.68334957098 4691.36328123096 4709.65905759832 4728.71874994685 4764.29125970168 4798.65832510099 4815.56347656163 4815.06445311394 4809.84277343197 4832.2153319469 4861.124633778 4894.8477781707 4924.56982409734 4977.19445787536 5021.4450682432 5051.78247067703 5046.79711914304 5062.16711407618 5080.61035154815 5101.21704088658 5138.3952634801 5162.49108890065 5183.42590317046 5213.48156728488 5244.31201161742 5262.8720702794 5272.25866694928 5292.31359854866 5302.27551259398 5328.98339826152 5363.69934066588 5393.62182603664 5418.91479483135 5441.02990716116 5455.23937977871 5480.21020498692 5501.83911123575 5521.57067860868 5538.60131827078 5557.23352045471 5574.58483876045 5594.2209471859 5612.78186023667 5625.00036615079
-9999 -9999 -9999 -9999 -9999 -9999 -9999 -9999 4470.9484863057 4489.94628904688 4509.34216307858 4519.5025634626 4529.21545407861 4548.41113278527 4565.52258299941 4578.95031735039 4605.58947748292 4630.72924801758 4658.56823724955 4694.51171868091 4727.08984369595 4752.31030265639 4776.74560546843 4790.30639645882 4796.35986324293 4821.97729487048 4855.09057606958 4881.16479485815 4916.39257802019 4952.82556141678 4983.40795889539 5007.83374016982 5023.52758783808 5033.71289058228 5048.30419915566 5068.10803216892 5100.84533674769 5137.77124016893 5162.24304190035 5186.18200674857 5208.02355950433 5227.29992666717 5250.20751944572 5269.94982903543 5285.09545891839 5311.31140125192 5333.20825182903 5352.98193352721 5370.99340815353 5387.65112295288 5404.37084952093 5426.37316883074 5455.59777820299 5476.38586414912 5498.47656238174 5513.26318347678 5530.31359854699 5545.31982411006 5570.57531723384 5588.86621082482
-9999 -9999 -9999 4289.51269530677 4313.03210448 -9999 -9999 4390.30004881046 4416.81994627687 4436.67236326447 4445.64758299817 4465.15393063654 4488.17236324802 4512.72167965619 4528.66333005445 4551.81628414595 4581.46972651418 4604.44396966558 4631.07421869996 4654.38806146302 4683.88830560664 4705.91162104634 4735.43408196121 4752.70593259856 4772.39465325298 4795.9787596802 4823.55273430474 4852.84643546645 4884.17919914682 4912.01013176117 4934.57580559063 4959.19921867623 4983.42077629332 5006.15844719286 5027.92285149503 5049.5704344833 5072.28796380425 5095.26733390148 5117.23596183989 5136.49169916286 5154.57434075889 5170.6102294075 5188.91381824114 5220.2336424325 5233.57165519512 5259.38439928029 5281.9079588575 5304.72900379705 5321.59899894672 5341.14196770827 5353.4848632594 5372.56457501438 5404.98583970174 5432.5604246502 5455.28259267331 5472.81286613398 5488.4841307957 5499.12536609592 5517.4842528 5536.58361798054
4171.93725585889 4183.99450683372 4215.87011718062 4234.64221190647 4258.64916990778 4287.56140135504 -9999 4335.73901365952 4362.99816892402 4377.5582275221 4396.6335449053 4419.76892086749 4445.37292477004 4465.32629393069 4481.40209956901 4508.74890134082 4536.71594233606 4559.97473139923 4582.95556637692 4608.59533687785 4633.61450190327 4657.33837882634 4684.48327632498 4711.75805660714 4734.80151359732 4762.423705994 4788.16821281755 4812.47143547909 4839.31091301813 4861.31616203283 4885.9866942622 4907.13879389491 4929.48559565469 4947.58337397918 4969.92028798962 4990.9637450755 5001.38232420264 5031.70837396291 5038.32495110113 5059.21057124246 5069.4969482222 5079.40222163827 5109.1264647027 5148.5920408247 5182.64794916634 5199.06579577309 5214.1793212515 5247.14025872328 5253.58178708105 5273.06445300647 5298.5631102071 5330.09069810675 5358.76184068944 5388.50988753779 5408.60302724424 5430.54370103603 5449.26928702981 5464.32800285856 5476.14831537895 5481.97387694923
-9999 4149.91357421904 4164.60864257453 4181.83813476227 4197.01843261125 4216.83691405088 4244.04943845408 4276.24511716199 4307.35852049292 4325.28259274159 4343.94152830188 4370.89184567891 4393.33032225309 4406.08911131002 4425.23168943371 4451.04650873202 4485.64465327459 4509.45312495653 4534.25390622793 4558.38830561622 4584.98486321412 4607.87573235786 4637.00195308098 4663.23205560217 4688.77502435354 4713.92980951865 4737.88244622827 4762.90978996912 4785.21105952206 4805.22998039544 4827.42407221237 4846.82336417322 4861.72070310463 4871.94567867098 4892.7783202244 4916.35473629432 4932.58581535812 4959.25292960234 4973.11865230286 4988.70837396807 5010.26684556179 5038.79943840311 5052.39282221518 5075.56469710655 5112.72363270922 5131.43652335838 5141.51318352264 5167.45068342631 5188.6800536285 5204.526000882 5228.51599100665 5263.94299302044 5306.96899397954 5336.75671371866 5357.66552726871 5378.24157700354 5399.84069815135 5412.84521480544 5408.54687507819 5402.87719722452
-9999 -9999 -9999 4133.81115722083 4152.33825682994 4168.20214843084 4183.09985349873 4211.77026364941 4245.10876462138 4275.14294431959 4295.17578122974 4314.87463376655 4333.64697264051 4349.02685544773 4365.45788570378 4395.91796869174 4429.54223628197 4457.63854976739 4482.06152339937 4507.83312982637 4536.43737788086 4562.86560053739 4587.69909662902 4610.84960931653 4628.94238277974 4642.52453609739 4662.89892571092 4693.7822264911 4718.88012694604 4734.05566401847 4755.10205070994 4782.46362296996 4807.87866205796 4824.52465815056 4847.31311025588 4871.76892083475 4891.70117180619 4911.73730461404 4927.70666495476 4948.51977529895 4972.09594715019 4999.37780750141 5029.23876941401 5052.47143546267 5074.76928702768 5096.65930163548 5115.63781730495 5128.02490230349 5142.51257315751 5151.43103029848 5166.28552225653 5211.69372537689 5242.59143062936 5274.29235821023 5305.09301746322 5325.06445302071 5352.5743406384 5359.17309569564 5363.89379858949 5386.59594712255
-9999 -9999 -9999 4088.23492431781 4102.43402098809 4122.14147948641 4138.57421873144 4165.46691892893 4192.24157712379 4218.57946775105 4234.56713865549 4255.57543942901 4276.97485347631 4296.29516599459 4316.90966792801 4342.59826657346 4372.99157710103 4402.87072749226 4431.79028315936 4457.82092280402 4483.78759761777 4508.51232905829 4524.57641599981 4534.29040523779 4549.93981929892 4574.85131829892 4605.09313957414 4637.38476553807 4665.38342280276 4686.32714836799 4712.93762200717 4735.77062980216 4761.58666984753 4784.93371574074 4810.48132315127 4835.36511223028 4855.58215325252 4879.82214346962 4899.55859367654 4922.05822745391 4939.19555658465 4956.27575677835 4980.83374010636 5013.47412093873 5041.13903798308 5059.65722648381 5075.34484853946 5095.6680907791 5114.14526359738 5132.24841303479 5133.40954588333 5153.13574210133 5174.8212888876 5207.83544898904 5242.24389632788 5278.21264619876 5316.52343733619 5342.79772935408 5361.86474596703 5385.80090319066
-9999 -9999 -9999 -9999 -9999 -9999 4085.39965819364 4107.68322752011 4137.167358374 4163.5295409966 4178.44763181946 4200.38830563351 4221.54174802293 4243.73364253774 4266.50097652372 4294.48901363889 4320.75170894398 4350.39282220788 4377.60498042863 4402.58227533726 4428.19592280597 4447.97766110549 4460.3627929046 4487.41223137371 4511.06982417533 4538.14685050821 4562.72741692469 4589.22277825977 4614.44812007361 4641.36755364181 4666.66967765719 4692.08068839937 4718.04345695529 4739.81286612818 4765.59289544165 4792.48193349303 4817.7109374129 4840.85388176405 4862.90075674997 4886.07836907191 4905.41308587792 4926.6590575307 4950.46813956551 4976.8983152754 4999.12048330025 5023.05969230201 5040.77600092411 5045.18737790299 5068.25341777765 5100.82666002048 5124.08227529116 5147.97888177492 5161.88146972893 5183.52758765292 5214.82836916076 5239.55639619588 5281.14050277182 5308.64111314164 5331.59509264194 5354.32519518113
-9999 -9999 -9999 -9999 -9999 -9999 -9999 4059.41381835779 4080.7497558386 4102.1732787944 4121.92578122793 4144.82238766524 4167.33129879917 4192.16833492835 4214.51965328442 4242.85302730282 4269.2979735771 4296.98669429266 4322.28247065113 4347.12756343552 4364.54577634053 4385.68078609343 4412.83813469699 4439.7886962317 4463.52978510378 4489.193725517 4514.70678705101 4540.81555168455 4566.74157708148 4593.24670401199 4620.15710440599 4644.56726065633 4668.05590812591 4696.08422843229 4719.90173331433 4746.52600088877 4772.1136473897 4794.92541498154 4818.92517081057 4839.55053701838 4861.22985830852 4886.77026359225 4911.17834462425 4936.88000476943 4963.01818839002 4984.82653797103 5004.04028310109 5020.86901851864 5022.29235831368 5059.4156492101 5093.6035155024 5121.38854966531 5139.8751219294 5166.42871080768 5190.17944321578 5216.77636705117 5244.45739731786 5270.36840804974 5294.33764640913 5314.477538939
-9999 -9999 -9999 -9999 -9999 -9999 -9999 -9999 -9999 -9999 4071.92565915594 4092.15594480326 4115.00994870676 4140.78613278457 4163.28112790564 4188.21716304381 4213.98352045576 4240.32812495375 4266.48754877837 4291.52685542158 4313.36755367716 4337.4566649921 4363.28576653872 4388.47717279358 4414.00451654277 4439.8178710305 4464.71398918856 4493.07592767029 4518.11267082709 4543.6163329238 4570.55297844441 4595.66271965165 4620.44519034772 4645.56445304478 4671.0274657433 4693.33251945152 4714.99340812989 4743.09667959346 4767.9011229294 4796.46105946736 4818.84411610859 4843.41052237248 4867.90832509708 4892.24121084682 4916.71252430525 4943.89880358815 4967.31506339703 4987.28405756987 4990.21911616388 5023.98950176621 5059.54797348465 5085.06054674099 5108.18347155149 5133.04223620141 5157.35253894617 5180.48010242771 5208.09728990175 5233.35034169259 5254.7294920837 5279.3583983163
-9999 -9999 -9999 -9999 -9999 -9999 -9999 -9999 -9999 -9999 -9999 4036.32086179349 4058.52886959714 4083.95190425935 4108.3581542576 4132.88903804462 4157.98742671867 4184.03564449771 4207.13708491054 4233.99572748952 4259.64099117055 4283.73706049413 4308.62976068721 4333.45068354713 4355.93188470239 4380.6116942736 4412.32348625739 4439.72509760302 4463.46105948379 4484.77185052629 4509.885497978 4537.00964347502 4561.83532706697 4588.40551748532 4616.6610106596 4642.19897452625 4668.20056143709 4688.53527824694 4713.34643543705 4743.37988274282 4769.29772937619 4794.94213858061 4819.052490128 4840.20849600929 4865.21264638094 4887.06103504141 4911.63854966222 4932.39941396996 4947.87719718292 4986.70239236069 5021.85644518058 5046.10302723519 5070.09509266248 5093.8326414563 5118.72595200893 5141.83520495044 5166.81311022406 5191.64782700994 5215.14428699199 5236.8931883436
-9999 -9999 -9999 -9999 -9999 -9999 -9999 -9999 -9999 -9999 -9999 3972.27331537136 4002.50994870107 4026.37707516951 4049.07543942049 4075.45983882972 4098.76623530888 4126.07519526331 4151.48779292612 4178.56335444821 4202.59179682249 4227.22705073494 4250.50231928803 4276.46301262006 4304.45275871857 4330.20361320463 4358.57946769805 4382.37231437495 4409.4799803876 4437.96618645838 4464.18994135395 4488.01452627202 4516.4404296131 4542.4548339373 4563.74499505774 4587.27526846736 4612.12756338892 -9999 4664.40246572776 4689.54919424084 4713.63476553267 4737.3009032303 4760.07275378044 4786.82446279066 4808.32604975827 4831.19799797581 4848.37512195596 4879.07629375853 4917.77539045121 4948.67407212484 4977.19750962668 5001.09130844271 5027.29675278951 5052.11962877807 5077.7816161013 5099.94567859714 5124.35400375806 5147.60375963231 5171.18127425799 5195.06530749698
-9999 -9999 -9999 -9999 -9999 -9999 -9999 -9999 -9999 -9999 -9999 3924.05963135719 3942.28021236531 3967.4169921555 3990.6234740854 4015.97521968704 4042.02307124872 4067.02313228113 4093.65808100592 4120.44934077176 4145.70886225711 4170.02111811783 4197.56518548586 4224.17138665774 4250.69470209786 4277.0225829346 4304.13110344909 4330.59387199746 4357.0040282399 4379.93115227834 4405.09423820675 4434.10205071357 4457.91748039914 4483.41638174005 4508.3238524595 4531.69421379093 4554.17858879637 4579.38610828591 4605.34948722164 4631.57458484071 4655.65502920924 4678.71606438663 4699.23291003574 4725.36450188492 4750.47216782498 4776.63171374693 4806.84277326565 4843.44018537707 4875.88610827204 4905.98034656303 4930.77465807263 4956.67944321217 4982.24304185437 5008.71057115395 5034.76550281647 5057.07458483356 5082.79077133368 5105.45056139703 5130.07824692676 5152.52917466818
