socal_rasters/bio03_SPHAsouth_aggfac2.asc
NCOLS 210 
NROWS 130 
XLLCORNER -119.45 
YLLCORNER 32.483333333 
CELLSIZE 0.0166666666666667 
NODATA_value -9999 
[rows 26 to 51 of 130, columns 120 to 179 of 210]
417.53398131518 416.9715347461 415.42692566818 414.744544996021 414.253288271821 414.303787228803 414.332740792088 414.947761504309 416.573165888143 416.322341943803 415.630989049433 416.061721847083 416.096763596386 415.529815668014 415.511344921348 415.404067989801 416.278221103825 416.324020353077 418.869773841227 420.354415895936 -9999 -9999 -9999 -9999 -9999 -9999 -9999 -9999 -9999 -9999 -9999 -9999 -9999 -9999 -9999 -9999 -9999 -9999 -9999 -9999 -9999 -9999 -9999 -9999 -9999 -9999 -9999 -9999 -9999 -9999 -9999 -9999 -9999 -9999 -9999 -9999 -9999 -9999 -9999 -9999
417.438842786291 416.606315625236 415.97952270405 415.411605844825 414.595314029429 414.181320196765 413.633483892191 413.397422790073 413.632400509943 414.119087204321 413.891464240594 413.747352608347 413.909599296793 414.976005533776 414.989151024167 414.149780298641 413.789291358798 416.280982925901 417.33954619209 417.424980183521 418.525711002407 -9999 -9999 -9999 -9999 -9999 -9999 -9999 -9999 -9999 -9999 -9999 -9999 -9999 -9999 -9999 -9999 -9999 -9999 -9999 -9999 -9999 -9999 -9999 -9999 -9999 -9999 -9999 -9999 -9999 -9999 -9999 -9999 -9999 -9999 -9999 -9999 -9999 -9999 -9999
417.59029388667 417.109397896922 416.347099313437 415.625724798592 415.107505797199 414.618148806712 414.080665596943 413.63792420205 412.995460515702 412.588455202906 412.555938726288 412.914527880793 413.731010427054 414.044242855648 414.316604576126 414.537483262441 413.669479333204 415.633277896986 414.846679676459 414.906829823943 416.406509370515 417.415283224878 -9999 -9999 -9999 -9999 -9999 -9999 -9999 -9999 -9999 -9999 -9999 -9999 -9999 -9999 -9999 -9999 -9999 -9999 -9999 -9999 -9999 -9999 -9999 -9999 -9999 -9999 -9999 -9999 -9999 -9999 -9999 -9999 -9999 -9999 -9999 -9999 -9999 -9999
417.932540894447 417.40417480923 416.905700693179 416.280830387463 415.637893682789 415.062965395928 414.660575870067 414.418846132861 414.032829296992 413.199241643088 412.735412605907 412.39231109132 412.656600943958 412.954391473687 414.531440709094 414.301254307198 414.775543155925 417.609603889125 414.715850867708 414.551567058924 416.014656042958 416.615142821194 414.711547874029 413.940010071923 -9999 -9999 -9999 -9999 -9999 -9999 -9999 -9999 -9999 -9999 -9999 -9999 -9999 -9999 -9999 -9999 -9999 -9999 -9999 -9999 -9999 -9999 -9999 -9999 -9999 -9999 -9999 -9999 -9999 -9999 -9999 -9999 -9999 -9999 -9999 -9999
418.230590825122 417.939620975172 417.393424994525 416.798965457206 416.302169808473 415.689353950669 415.201858527897 414.713706977207 414.215446480157 413.763839727386 413.405418400356 412.979011541007 412.74820710011 412.570617678426 412.727203360771 412.607269286507 413.430770853395 414.382827759348 414.086059576364 413.626579259855 415.626213047624 415.05815124235 413.994094895353 413.777091968633 414.189674374377 416.224388054283 -9999 -9999 -9999 -9999 -9999 -9999 -9999 -9999 -9999 -9999 -9999 -9999 -9999 -9999 -9999 -9999 -9999 -9999 -9999 -9999 -9999 -9999 -9999 -9999 -9999 -9999 -9999 -9999 -9999 -9999 -9999 -9999 -9999 -9999
418.710617069185 418.353538516533 417.926979068327 417.480758673177 416.985061654059 416.440773017002 415.896484383671 415.400177009283 414.85514832188 414.414703373298 414.001289373782 413.5955581703 413.235092170769 412.938034057218 412.844741823361 412.653587347815 412.795623775644 412.989189138916 413.252479559577 413.810386650691 415.136100766598 413.775230414421 413.650970451545 414.84189604301 416.362411484799 417.628173797582 419.510696401743 -9999 -9999 -9999 -9999 -9999 -9999 -9999 -9999 -9999 -9999 -9999 -9999 -9999 -9999 -9999 -9999 -9999 -9999 -9999 -9999 -9999 -9999 -9999 -9999 -9999 -9999 -9999 -9999 -9999 -9999 -9999 -9999 -9999
419.255378726301 418.871437075487 418.447669987062 417.974243168253 417.588706975849 417.09527588926 416.562118537884 416.067581179723 415.630210879467 415.076255805195 414.684181217918 414.318733219937 414.083976752201 413.769912720609 413.509658814414 413.179862984385 413.072235108484 412.828804016749 412.834022524663 413.264778122009 413.916038513084 414.457862820917 416.49721526748 416.60137175542 417.319061267956 416.803298965231 417.023574798759 417.528457642757 -9999 -9999 -9999 -9999 -9999 -9999 -9999 -9999 -9999 -9999 -9999 -9999 -9999 -9999 -9999 -9999 -9999 -9999 -9999 -9999 -9999 -9999 -9999 -9999 -9999 -9999 -9999 -9999 -9999 -9999 -9999 -9999
419.765754704544 419.454788213354 419.023826602191 418.632278446886 418.239875798472 417.728713993856 417.276359564171 416.754722600388 416.213302621319 415.883506783054 415.435997013665 415.159439092331 414.822380066573 414.520820620324 414.329803473424 414.078132631207 413.897743226982 413.7416152949 413.6183395436 413.536849972696 413.685127255985 414.50402067798 415.31829069697 416.299148553824 416.391693113765 417.627952539879 418.983459485801 418.858711252214 418.75903320691 420.548049860134 -9999 -9999 -9999 -9999 -9999 -9999 -9999 -9999 -9999 -9999 -9999 -9999 -9999 -9999 -9999 -9999 -9999 -9999 -9999 -9999 -9999 -9999 -9999 -9999 -9999 -9999 -9999 -9999 -9999 -9999
420.441345221846 420.133979797911 419.656196598071 419.228424078011 418.730690008706 418.331504828572 417.941040044971 417.392623905425 417.019477850258 416.508598333726 416.305877687848 416.032546996036 415.679115298805 415.466575624055 415.355361940544 415.04886627559 414.928848271797 414.76593017658 414.59823608235 414.586151121484 414.747955321277 415.007278439432 415.32699584414 415.818801876574 415.8206405529 416.554199206094 417.757896399485 420.370246842463 421.099548292573 424.392906134137 426.742424003778 -9999 -9999 -9999 -9999 -9999 -9999 -9999 -9999 -9999 -9999 -9999 -9999 -9999 -9999 -9999 -9999 -9999 -9999 -9999 -9999 -9999 -9999 -9999 -9999 -9999 -9999 -9999 -9999 -9999
421.032318119756 420.689338690049 420.355514531448 419.791160589094 419.43653870477 418.951522831415 418.545570378331 418.07903290327 417.631340032713 417.387237553792 417.18909455092 416.773612982158 416.723617556462 416.408493044794 416.09937286913 415.959487921964 415.843322753949 415.588562012835 415.576873779489 415.549858094045 415.754653922351 416.848587017507 417.8810577195 417.796417260602 416.447326661429 416.607345576647 416.977790821813 417.635330190046 418.887458775952 420.67576596347 423.835128716577 426.675086956302 428.852142308113 -9999 -9999 -9999 -9999 -9999 -9999 -9999 -9999 -9999 -9999 -9999 -9999 -9999 -9999 -9999 -9999 -9999 -9999 -9999 -9999 -9999 -9999 -9999 -9999 -9999 -9999 -9999
422.546966558071 422.010635380877 421.163162231627 420.530624394134 420.020011907807 419.559539801876 419.476165778527 418.913314818715 418.814399721082 418.712081914503 418.546394347164 418.240402223217 417.921432506576 417.559898380097 417.117706299544 417.001808167303 416.996131899849 416.840202328951 416.851837155167 417.088256836557 417.163536071969 417.299278263704 417.255981442569 416.890472412047 416.928878782126 417.321815479232 418.36662290741 418.992553689215 420.824157685284 421.698928831467 421.307304382561 422.283157321501 424.143249512792 422.819473258543 424.37966917185 -9999 -9999 -9999 -9999 -9999 -9999 -9999 -9999 -9999 -9999 -9999 -9999 -9999 -9999 -9999 -9999 -9999 -9999 -9999 -9999 -9999 -9999 -9999 -9999 -9999
423.243652355547 422.089027410431 422.141227716932 421.288093577881 420.791313179086 420.244422913621 420.127372745182 419.74825286879 419.943809499216 420.983085652844 419.646423344587 419.788253776592 419.92568206379 419.299163828374 418.328903212806 418.051086423358 418.177291864713 418.346321110293 418.352622988742 418.178695685324 417.767211922325 417.341430665175 417.50510406199 417.555450440255 417.588500976423 417.824203481619 418.866424554732 418.85443876522 420.276061990757 420.39976501459 420.698539732282 420.719551078806 421.186180127383 420.220130926429 420.812988255134 422.228088354358 424.684303243618 -9999 -9999 -9999 -9999 -9999 -9999 -9999 -9999 -9999 -9999 -9999 -9999 -9999 -9999 -9999 -9999 -9999 -9999 -9999 -9999 -9999 -9999 -9999
423.101036078157 422.618988047816 422.464080816072 421.79882050452 421.327728274672 420.967712409931 420.928009032605 420.764648441339 420.738525389129 420.677635192409 421.153381340241 420.713989260981 420.728256226308 420.827720628718 420.111701982403 419.197357185727 418.743637088484 418.762695306909 418.76630401212 418.540008546165 418.434021003147 418.243423461267 418.239143369457 418.217811584561 418.274902346597 418.266326901407 418.748695361606 419.270347600693 419.647476181174 419.708412169601 419.982040394076 420.535560593984 419.774086017601 420.242927568337 419.38269807627 419.625526420717 420.051307687906 419.988967922604 420.177040072601 -9999 -9999 -9999 -9999 -9999 -9999 -9999 -9999 -9999 -9999 -9999 -9999 -9999 -9999 -9999 -9999 -9999 -9999 -9999 -9999 -9999
424.012153630765 423.234802260476 422.799423220692 422.600875856 422.238342289213 421.871543888788 421.687644960607 421.965820305322 422.563430773488 423.015167242163 422.640441895451 423.412803637697 422.961341888016 421.91191864176 422.303237916695 421.432556163359 420.502624522774 419.583793650771 419.329200743498 419.430603023184 419.436836247478 419.28009796477 419.057785032893 418.886833191325 418.814277649455 419.06129454881 419.530891410606 420.426483155784 419.563873296984 419.283119205036 419.695236202956 419.896705639463 419.427360539036 418.866142265696 418.500366247559 417.585411072018 417.244392399886 417.905929567596 419.149078372082 417.300804181943 417.446075436853 -9999 -9999 -9999 -9999 -9999 -9999 -9999 -9999 -9999 -9999 -9999 -9999 -9999 -9999 -9999 -9999 -9999 -9999 -9999
424.275726324674 423.885849008441 423.384651182917 423.430885320133 423.031936649757 422.826629643472 422.527282717734 422.541297912078 422.887344338908 425.035400380641 423.868141206464 422.816184998288 422.917465216891 423.174232462199 423.42422486278 422.973686219823 422.081726088827 421.240089422872 420.80194855959 420.290344241177 419.891250614422 419.652534488525 419.523902893144 419.455795290404 419.291900634546 419.429374687734 419.586395257755 419.386108398061 419.19628906225 419.170806883549 419.251419054155 419.783660886599 419.213020346161 418.273895276329 417.872749330796 417.068099972839 416.93801118538 415.982139583182 416.42788696671 416.096519451368 416.788505539891 416.978988654669 416.247543334109 -9999 -9999 -9999 -9999 -9999 -9999 -9999 -9999 -9999 -9999 -9999 -9999 -9999 -9999 -9999 -9999 -9999
424.955085760058 424.738967899877 424.317596444873 424.082138065037 423.855743409299 423.658630373223 423.407814031532 423.328269956237 423.613967894307 424.540069558109 425.008857748473 423.530464183058 423.06338501133 423.239723200012 423.500541689286 422.78836823938 422.144279487079 421.856399537079 421.880447387687 421.837799075523 421.411941532754 421.059066775937 420.592407239229 420.196403501788 420.223266607053 420.181915282891 419.801437379371 419.761306771371 419.527847296696 419.333778389818 419.168937681257 419.27361296991 419.196243292349 418.374725355404 417.871833790931 416.833305366038 416.084945687116 415.500160217947 415.714035042958 415.852600080917 415.441474908754 414.309341439821 414.193534868453 412.816513087005 413.535018939919 411.199279817879 -9999 -9999 -9999 -9999 -9999 -9999 -9999 -9999 -9999 -9999 -9999 -9999 -9999 -9999
425.423103337974 425.244987492308 425.090576166429 424.861068730014 424.782089235256 424.936828620187 424.744239805566 424.486793514046 424.62867737227 424.323463440552 424.260711668044 423.917686468783 423.550743106409 423.332328800367 423.149505625015 422.810096749565 422.556167608892 422.146469120571 421.821365355119 421.649353031931 421.549217227243 421.362129213073 421.443069465687 421.18038178003 420.88024902872 420.728027341578 420.527442936635 420.249839784635 420.039886477232 419.753601083611 419.352264412196 419.01976013379 419.042968749313 418.292350784694 417.451080331338 416.474273696442 415.617050185274 415.083114628442 414.990531916922 414.526687637546 413.611404426041 413.080444334643 412.121841448252 411.471878080358 410.434219373645 409.712432872483 410.404426561315 -9999 -9999 -9999 -9999 -9999 -9999 -9999 -9999 -9999 -9999 -9999 -9999 -9999
425.9877090477 425.809570312849 425.799652102955 425.734985352461 425.785575865535 425.8737030031 425.972488402017 425.920997622944 425.334609987703 425.089874271513 424.800086973456 424.4662246776 424.149040229956 423.807411199133 423.614021302486 423.273269657761 423.018363962956 422.496566779211 422.160461430531 421.738502507302 421.528762810663 421.4699020405 421.372482298099 421.187477118325 421.465034475816 421.358657837234 421.252372742162 421.193687443986 420.793273925441 420.384391790006 419.918586732571 419.319946298611 418.819915781752 418.188293466331 417.531547556961 416.812171947878 415.937217731126 415.273712174278 414.790924069878 414.236549385364 413.287704489416 412.372734088204 411.665489213605 410.926170362684 410.246147166621 409.471038824215 408.854125985408 408.546150207332 408.097267168667 407.831634526592 -9999 -9999 -9999 -9999 -9999 -9999 -9999 -9999 -9999 -9999
426.639495851164 426.504394532827 426.442497258513 426.432014463461 426.480056760974 426.820587151021 426.752082828239 426.658996583053 426.478546144161 425.845451360733 425.461166381463 425.105552677699 424.859466555092 424.51665497227 424.128578190655 423.736221315554 423.470954901417 423.493171679825 423.699142467564 422.336380003112 421.906372079335 421.548965454685 421.560264582738 421.512413024142 421.878585803921 421.769920351385 422.152626020206 422.041465773523 421.712913514292 421.150947579295 420.688232420473 420.091346750122 419.313797007162 418.684516918678 418.488479608891 417.902145405991 417.534774779725 416.470283516923 415.254898087997 414.355873119068 413.555702217932 412.889770523242 412.126457227659 412.018211359901 411.325744623582 410.55555729694 409.23724365992 408.550865180478 408.083465582299 407.574340828886 406.686477675606 -9999 -9999 -9999 -9999 -9999 -9999 -9999 -9999 -9999
427.369377135035 427.40754699989 427.185302733205 427.509498591505 427.497917180795 427.566940306058 427.56546783829 427.522018434406 427.320129401047 426.831001294549 426.308937075755 425.826850895739 425.456619266359 425.134193426779 424.827621462739 424.782546995195 424.637222292502 424.973983759744 424.12279511946 422.907936102173 422.521499644503 -9999 421.87923431875 421.820770261011 422.574623109229 422.067825323792 422.163597098636 422.168930058301 422.132576001351 421.712036135523 421.175170892901 421.184661875598 420.552726752173 420.755607596974 422.20565031713 421.909622218581 420.995849620724 420.015266441663 418.424453780319 416.608558661303 417.864868170311 415.141601590613 415.798194824288 416.563346816298 416.597824157261 412.343841615713 410.412002567494 410.346450819749 410.564407335378 408.387084999594 407.252662671921 406.582618723093 -9999 -9999 -9999 -9999 -9999 -9999 -9999 -9999
428.331321719355 428.338851927252 428.247909547483 427.992012019944 428.187950133892 428.466423031746 428.481971745611 428.20906830068 428.009613042192 427.596672062864 427.083648686467 426.516944889609 426.26103210947 425.88616943972 425.848678575437 426.464942943905 425.329147349622 -9999 424.63075256266 424.058975236281 423.270332345001 422.846038818565 -9999 -9999 422.430938711323 422.350181594566 422.395965567032 422.696334844894 422.667320252651 421.810325633991 421.406639098945 421.627906792516 422.364868152872 423.668441751523 424.432884222712 424.752510068606 424.146659863123 422.852493321675 421.393501294576 420.753074643831 421.402038557393 421.894332902742 420.729042017163 423.739707938414 420.595748947936 417.106559845722 413.421928400388 416.294281051141 414.589424212702 410.461891194483 410.918937688475 408.043052723083 -9999 -9999 -9999 -9999 -9999 -9999 -9999 -9999
428.981819156068 429.025016784924 429.253257748169 429.020607004197 428.61263275025 428.60510253995 428.626396179615 428.772552489145 428.579383856493 428.291328430697 427.858276377032 427.321670541088 426.877799995164 426.440971381967 426.229011538936 -9999 -9999 -9999 425.725738548745 424.414947513628 424.141197214026 423.586738591104 423.135803227476 422.846824651527 422.488166806536 422.427406305335 422.741615278197 422.923103346127 422.516922005843 422.297538753353 422.15557861965 422.108398419695 423.335556026224 423.685440050361 424.663955680691 424.871040343576 424.888610834667 424.866523754793 423.696472185545 422.797187805752 423.084716780924 426.191596913552 428.906143145047 429.359733626502 424.039001546777 419.721771279792 418.535285968952 421.48110190945 420.632370069671 417.501823472059 416.075386133112 412.493156507108 408.495346089723 -9999 -9999 -9999 -9999 -9999 -9999 -9999
-9999 -9999 429.43035889338 429.245765689121 429.158424378489 429.297309876066 429.236312867364 429.204177861863 428.952262883904 428.836532592512 428.604438786571 428.059425359083 427.63047028512 427.183418279515 426.900291449097 426.558418277029 -9999 426.851470944102 425.630966195967 425.201339727997 424.815597543372 424.523155216823 424.120574955193 423.658340460494 423.187286382406 422.886466983404 422.703872680381 423.134956333995 424.478889447846 425.140983567718 425.558807385097 424.309005748941 424.955825785778 425.521339415303 425.537986768396 424.790801992846 425.713760365848 427.241706842855 426.724144000175 425.998931895453 426.539726231768 429.590064908118 433.378715470849 433.297187842575 429.666938916085 428.504135044184 425.812171992597 425.602744983681 427.098754985486 420.57540903421 415.043594413517 413.17359924673 410.848297201448 -9999 -9999 -9999 -9999 -9999 -9999 -9999
430.183525086097 430.115394591393 430.047004702466 430.120460508874 430.213859560964 430.072296146004 430.037834160913 429.944259646557 429.716957092166 429.443283087399 429.219894410779 428.883728033924 428.302703866265 428.000671389868 427.740043647185 427.410064696279 427.429328919222 426.720909128248 426.319015505 426.033927921892 425.781158454027 425.703529361537 426.329093916877 425.901954688397 424.276351935604 423.681671147973 423.257781988565 423.061477661322 423.429679850075 425.273445090587 427.014259325393 426.842956546411 426.42884062741 425.59534455251 425.201492322924 426.046905491687 425.865539563503 425.950363152496 427.124557481339 429.001075703403 431.361968950629 433.760665862162 433.037689244536 433.197105377794 435.207344083783 436.875076206424 436.43088529966 432.833534258232 430.606811676836 423.91289529503 421.62039190167 419.527801567197 413.969062906624 408.989547790598 -9999 -9999 -9999 -9999 -9999 -9999
430.744964596821 431.088195799562 431.25808715387 431.604774473944 431.422798155074 431.150718682528 431.230827332065 431.262634274175 431.05932618703 430.492111217525 429.99977875155 429.818634041058 428.924133310321 428.558219914959 428.242057804894 428.127677919428 427.824996950314 427.264366155367 427.145751950473 427.069679261061 426.96192169508 426.853179925519 427.217178343231 427.50562286357 425.45941164628 424.596374521904 424.240272527885 423.851608287009 423.360923769461 423.157165527087 423.785087560202 425.185722351883 424.83432770975 424.046836866377 424.257850623235 426.08340450301 425.670173678263 425.077415448087 426.324768043384 428.532638496812 430.50009916633 431.324974051778 430.752548211546 432.322830134623 436.626983581465 440.726913397569 441.425117560986 438.479866052529 436.516288805212 429.970573533463 423.870742887152 420.104606671301 416.711494517937 410.074424812613 -9999 -9999 -9999 -9999 -9999 -9999
431.123687738377 431.577766409522 431.994422910523 431.967308044501 431.960556030375 431.806015016385 431.79335784983 431.876472476626 431.336143503124 430.861244206316 430.178184512901 430.113067632313 429.620422376358 429.102699285308 428.68803406105 428.542518615901 428.39865112149 428.134552002714 428.34550474941 428.911613462668 428.782104493999 428.203636182646 427.771881099437 428.002563484017 426.368293782169 425.47725677428 425.010932924615 424.590415961029 424.30774689046 423.911598214734 423.542938232664 423.568428032536 423.787864681683 423.280021677031 423.441383347751 423.904090877351 424.204780578382 424.945632903605 427.06479641779 428.604553191371 429.391021747602 429.502937294189 430.972709620533 434.290794304913 438.113014174527 440.731033309467 439.374191325161 437.139419587307 435.239753750621 430.189605810668 424.608459558884 421.462448186474 416.893753148955 411.962631313824 408.606124894847 -9999 -9999 -9999 -9999 -9999
