socal_rasters/bio09_SPHAsouth_aggfac2.asc
NCOLS 210 
NROWS 130 
XLLCORNER -119.45 
YLLCORNER 32.483333333 
CELLSIZE 0.0166666666666667 
NODATA_value -9999 
[rows 104 to 129 of 130, columns 120 to 179 of 210]
-9999 -9999 -9999 -9999 -9999 -9999 -9999 -9999 -9999 -9999 -9999 -9999 223.664283665583 227.840469387904 227.921428650215 227.271423341323 227.469043730077 227.707141870095 228.409526812611 228.926193235148 228.13571933138 227.035709376343 227.23571397338 226.852382631208 227.235713977791 228.604759159952 231.530948664357 232.988090466723 232.852375092896 233.835712280758 238.471431705358 238.271431125986 229.533336671573 226.835712413183 222.621425658581 224.864280693186 223.502376589541 206.664287754583 214.540473815346 229.588103814292 238.483330268087 222.671424814034 224.923812745939 232.509525248822 233.892864182574 229.350006350437 209.150001706776 211.516670102935 209.645237129083 205.819042269304 199.599990976495 193.378566684404 194.445240059178 189.545242406272 182.311901224057 183.880958524576 168.795234819148 145.85951987183 144.607139649562 144.095230014082
-9999 -9999 -9999 -9999 -9999 -9999 -9999 -9999 -9999 -9999 -9999 -9999 221.683334335527 225.173809011821 226.361907945532 226.902385702676 227.542854312308 227.597621916849 227.933334342274 228.233341210192 228.51904678728 227.095245393491 227.302387209435 227.678577444623 226.942855817093 229.285705493911 233.009521547779 235.319049793362 230.859527684969 232.085712359461 237.564285187328 242.261909535276 229.602378930764 231.330947874723 233.966663154668 242.895236814324 243.442855866549 239.740474683033 233.440479496033 238.995235297228 239.507137387745 235.540477756355 233.030952619235 226.752391580897 231.07619872685 226.311905051526 217.457145884685 212.809516961561 205.75237669029 198.059528393825 194.857143312498 197.38808824425 195.983329833646 185.392856723624 182.000003779475 176.061901133075 171.240478504859 149.038097462609 144.042858407473 140.678577416078
-9999 -9999 -9999 -9999 -9999 -9999 -9999 -9999 -9999 -9999 -9999 -9999 220.738101946217 222.623805993201 223.311904881179 224.666667924188 225.716659534605 226.288097373716 226.909526815129 227.619049057553 228.426185604717 228.102382674192 226.607143440062 227.014289801419 228.959525971752 230.409519169363 235.147621073533 233.745239312128 235.35238265478 235.204757595008 239.971431697969 242.454765248062 242.085712425096 240.469047563271 242.735713961692 240.835712519532 230.935718589735 231.378574323939 232.919052051107 241.930954158014 225.704761528184 217.75476089446 215.63333519745 210.68095766397 220.716667175447 217.923805407151 208.435714891078 205.397621282254 204.466667204708 201.373805992511 198.366657253358 200.588096606957 195.902378040086 191.876190256847 185.204761589847 186.980949691943 172.064293462167 159.09046948978 146.185714990118 142.2023849502
-9999 -9999 -9999 -9999 -9999 -9999 -9999 -9999 -9999 -9999 -9999 -9999 221.297622681266 222.909534447306 223.60714339146 224.421432484892 225.035713181777 225.514282210311 226.695236193211 227.638092037718 228.350006095212 228.207141893846 225.747619660779 227.016662489755 231.245239162562 231.96190646512 236.314285230102 235.988094325946 239.352382631018 240.309524528521 241.80475995325 242.811904897446 242.628574381597 240.180954025268 238.199996965099 237.442859672845 234.602375077616 232.357147230542 233.83333571535 235.042862109018 229.44047550137 222.135708006321 209.78095657356 194.864280587854 213.938094861544 218.095237798141 212.478569049385 202.366661230458 196.664287527459 201.476184726614 204.202381186275 201.571437978214 199.254760768692 196.595233991062 194.483325940959 200.69762028733 166.019054483129 153.976189000515 145.33810046581 140.364284578215
-9999 -9999 -9999 -9999 -9999 -9999 -9999 -9999 -9999 -9999 222.195240079604 217.41190724686 218.938095002181 222.53571319398 223.321434018184 223.92619322166 224.971427907305 225.41905592747 226.173805227121 227.704757649589 228.935710903789 228.983337421255 226.061908756905 225.97380830436 233.714290565556 236.059528335881 237.466659517926 238.788097364828 239.785720816284 238.604766909863 236.678569742391 238.676189422883 240.054763794083 239.476188675857 238.052379611245 231.373798531114 221.938095219412 227.342857156063 232.521423271967 229.104763110766 225.135707930085 221.783336702397 218.354770728805 212.985713810673 218.607139554647 217.942859675541 216.021427226447 206.897613725339 202.292858153954 202.199993148337 201.590480829248 195.635715770749 188.164279885829 193.828571261844 200.333335779683 186.614285730647 161.304764022464 152.273807701384 147.342857355647 141.457138242355
-9999 -9999 -9999 -9999 -9999 -9999 -9999 -9999 -9999 -9999 -9999 215.938106546192 217.254753048582 222.738086711607 222.202381121682 223.188098901434 223.814285270626 224.402381885096 225.50238417408 227.426193175283 229.309520736254 229.280948637373 227.309528355236 232.16666794006 225.233329845471 228.800002919464 232.88809965296 235.290477731226 238.711906411907 238.285713235493 235.276191719364 236.076190995043 235.964290619866 232.233329846914 227.678569849748 226.849994645425 230.45475758044 232.204765323836 227.614292248533 225.490470890289 224.990474723108 222.702381125957 223.538101221703 220.161907258184 218.847621912342 219.447620359648 216.830947982091 210.519039244204 205.204765435027 203.357139592643 198.745239358111 196.05952461176 193.823814368565 200.597610412269 198.564285228343 178.497631655572 165.61904537921 158.940471775214 142.802383527858 141.269046719961
-9999 -9999 -9999 -9999 -9999 -9999 -9999 -9999 -9999 -9999 -9999 220.995246878359 221.311901078674 224.109519896105 223.690475499331 223.473812093046 224.092864975466 224.047622682664 225.021430956268 226.971427870298 229.452388792298 233.38571926741 232.947616575594 230.233337440964 227.392856691575 225.219043621621 229.004760718211 230.8690490378 237.061897234896 238.309524529336 238.545234678397 238.271423350036 237.045242356849 229.476192646864 224.292858151453 226.252384036774 236.771423366877 236.142864200371 233.342857490537 227.123809837943 226.228569094386 224.500007634679 226.761901931412 224.147625010217 217.388096098163 210.107143352595 207.954765340863 207.783340509991 207.061904883327 203.433330643766 204.435718499014 199.280952565568 201.576187049407 198.716671100886 197.697612857488 186.688103346871 163.623809687035 165.383327719594 146.269046969925 146.280948330458
-9999 -9999 -9999 -9999 -9999 -9999 -9999 -9999 -9999 -9999 -9999 -9999 223.640476218494 -9999 225.957134282291 223.964290596845 223.773803727691 224.504756898238 225.435710879909 228.404758418364 231.438091260448 232.404758499169 230.542861951432 226.664283787277 228.485706300967 228.916664107528 230.054763778095 230.480957032592 235.076194679201 237.309516897495 237.854755391896 238.42856979315 237.402385735933 236.21667093961 229.940479407943 231.619045055676 240.909523078269 239.111908041898 229.37857068245 227.342849645885 -9999 230.416668015909 231.135715469105 229.638095898229 227.966663407561 219.326187360544 212.897617379294 210.49285894535 211.416660333197 213.759517645486 211.002384410411 202.307140362656 196.60239041556 197.340480730458 193.985717872441 190.352378815856 157.657142592943 165.216663714194 152.676185819545 149.78333251315
-9999 -9999 -9999 -9999 -9999 -9999 -9999 -9999 -9999 -9999 -9999 -9999 -9999 -9999 225.935710904903 224.738094336979 224.461902625109 227.738090471632 229.411895750819 229.373809840963 229.485710133059 230.323814407787 229.597614299085 229.59762190794 229.897613515011 230.226192461798 230.364284521375 228.309520767034 230.042850408515 232.871425628392 233.804756148406 235.945240034112 233.833328278405 236.764282055041 239.885715590536 238.926193181462 240.526187960333 235.428562226453 233.776191673379 231.45238509607 225.133327492888 220.619049200898 213.697620320487 220.180957792409 222.219051306644 219.604755504833 212.747619706108 210.985710093179 217.70476143343 214.209522435332 199.10475937133 191.445236144462 194.378574377141 193.585712424974 180.002388012401 162.152378117379 162.440479222236 175.15238190149 162.659519292119 157.171428672585
-9999 -9999 -9999 -9999 -9999 -9999 -9999 -9999 -9999 -9999 -9999 -9999 223.002384169768 224.266662577265 225.414295182347 225.169040709127 225.721431716415 225.676197067002 224.595241550157 224.897621144765 226.38095853439 227.914283747038 228.183334353825 229.03809736724 229.745239256367 228.645237001669 230.819049817091 230.37857821487 229.659526814016 231.321422549583 234.783340405801 237.490474670901 237.957138003569 238.473812134114 230.819050016694 223.711894800547 233.797622710683 227.042869807013 215.461902723893 222.978576541383 222.778572132865 220.014274605391 216.840480878466 209.328575243095 209.51667394707 212.311904856215 214.245239265534 219.452381032003 220.58095561169 211.764290006522 203.483329914175 193.26190590001 192.052379526911 185.821426882997 196.430953870178 164.785717076879 167.159522778689 180.195232321639 174.569042511414 167.333339728374
-9999 -9999 -9999 -9999 -9999 -9999 -9999 -9999 -9999 -9999 -9999 -9999 220.097614280742 221.807151785331 224.690471619576 225.628570560583 224.566669486201 223.828575117026 224.852386465039 225.416675543148 227.011894223902 228.416660275002 228.852375054876 228.423812840638 229.309524530352 230.321430191879 232.752376528957 231.771434815587 231.811904909252 233.033340418217 237.419044411436 238.538089735669 238.942863499019 237.597625776106 231.07857530748 223.283336663012 220.485702540831 223.450000786282 217.90000545183 216.22619246233 216.545234681783 216.342857286541 216.126190179195 209.276195871308 202.773814952965 211.328571225383 217.573802900916 220.990478327397 216.261902145014 208.104770721737 200.397621291047 197.119049119672 190.933330329491 185.502376448034 188.500000114563 165.554767623802 170.14285258357 181.614280636775 179.571422723294 170.123802170695
-9999 -9999 -9999 -9999 -9999 -9999 -9999 -9999 -9999 -9999 -9999 -9999 217.895236913095 222.79762646708 -9999 -9999 226.766677859672 225.121429441985 225.835716240381 226.585720023191 228.721424090137 229.442855825955 229.169048328372 228.754760738926 229.652385696955 230.80952068704 232.433338203645 227.857143394053 232.776195468336 233.142852749493 235.821434087631 233.438098899204 233.459518437469 231.87857822916 230.245239249525 229.319049830398 226.488090630819 217.452377283534 220.285709447684 209.919044580191 210.904766077219 209.595241575706 202.054760006877 200.909530661946 212.709514360666 222.895240642553 227.250003845125 223.41428381488 212.176185638856 212.973819727273 209.666671817419 199.950001012898 186.376186837913 184.164292290626 178.726192408205 176.12619418359 173.773803540673 181.783340457814 178.033332856842 179.228565217371
-9999 -9999 -9999 -9999 -9999 -9999 -9999 -9999 -9999 -9999 -9999 -9999 218.245239122523 -9999 223.697628006199 -9999 -9999 226.959529855333 227.178565984166 228.59999462112 229.242858871389 230.29762267153 230.030948646819 229.483333589604 229.873802183351 230.466667127404 233.728576657759 234.314285251766 -9999 235.009521502861 221.859523918374 221.259521390578 226.500003781697 228.269046736135 229.71190257725 231.62619023404 226.690471774385 221.428573441709 225.319042183904 222.892852948959 211.673805506642 206.247623310573 210.449996922978 212.254764434834 219.940475345857 220.41905211319 229.861904074654 222.473812392162 215.85237889148 212.616668777456 207.802375877323 203.980941807078 185.461896074969 181.838095494221 191.321423419219 -9999 181.161907158492 180.297614990751 179.404762119078 178.014282288581
-9999 -9999 -9999 -9999 -9999 -9999 -9999 -9999 -9999 -9999 -9999 -9999 -9999 -9999 -9999 -9999 225.354755381879 -9999 -9999 229.100002267764 229.980949391891 230.40000152485 229.850002301645 229.209526071144 228.659523010648 230.557136488814 233.730953200968 -9999 231.166664257474 224.466667161425 212.799999355831 217.31666165497 229.145233150831 225.707145722876 228.659519005497 233.9428596703 232.378566717613 231.957141901424 228.564285377035 221.826187247338 208.923809158919 209.34761798879 208.902385880843 205.533340368473 213.102382430322 220.738098056955 229.480953115129 228.233333663488 224.545234797682 218.269043070929 216.204765398888 209.704750230689 204.407146374029 206.478561433077 -9999 -9999 181.078575186111 178.547615041264 177.692851939926 177.445236192836
-9999 -9999 -9999 -9999 -9999 -9999 -9999 -9999 -9999 -9999 -9999 -9999 -9999 -9999 -9999 -9999 -9999 -9999 -9999 -9999 229.907142634689 230.242851250378 230.309524544943 229.640476229024 230.752380350598 233.923812818057 234.73333742259 234.071430244119 229.449993236565 224.940471566932 226.138091970684 231.045238430824 228.869049164745 220.864280737945 228.014293481015 233.459518448594 233.135711583836 235.064285325147 231.583328330797 224.954765291542 223.63571555802 214.907142672199 213.066665791843 208.585716294832 208.688098811298 215.290477640435 224.488094101404 220.56428536528 216.49761585757 219.802387107639 224.433338151958 223.626186422779 208.821426402749 206.499996279319 175.171432457038 175.892852814638 178.597625712042 180.73333732294 178.869049072751 182.900009128507
-9999 -9999 -9999 -9999 -9999 -9999 -9999 -9999 -9999 -9999 -9999 -9999 -9999 -9999 -9999 -9999 -9999 -9999 -9999 -9999 229.564289075261 230.347614274693 231.123805991723 231.71666335342 232.58572004938 232.164295210157 231.426193247028 230.854763041063 229.428554560835 228.873809806433 230.364284462975 230.095241638089 221.254764685967 219.46903998468 231.347614115268 233.683322905506 234.014289877299 231.749996176565 234.195232430556 231.609527597754 227.919044504845 214.583336062218 207.607143437411 205.135711713776 211.592861055734 219.892856421402 232.166671989082 222.071426535058 217.726188619072 218.433338129222 215.123821490146 204.495235898112 195.314289598047 181.528572086935 184.569038398884 182.728572863969 180.516666396788 183.449993037198 183.857143373211 186.102375057773
-9999 -9999 -9999 -9999 -9999 -9999 -9999 -9999 -9999 -9999 -9999 -9999 -9999 -9999 -9999 -9999 -9999 -9999 -9999 -9999 229.280944812721 229.566665643496 230.021434780697 230.447616575062 229.361900336685 228.909534467045 228.690479278299 229.088096614763 229.16904829947 228.716663342518 231.430942537452 232.98809435201 231.569053646989 229.423809146971 232.447612703171 229.480953324288 227.390476263521 228.216663388806 230.714282871334 230.019050654123 230.523811385863 223.607143633957 211.804763869886 206.321430290584 212.640476008887 227.973815449858 235.054764023587 218.104755525878 214.233333637896 211.085716221052 213.004768312363 210.516665799386 211.769053950017 180.847622126583 172.295250027497 173.769046676059 180.919048171637 186.926193190341 188.011894185337 188.75951770542
-9999 -9999 -9999 -9999 -9999 -9999 -9999 -9999 -9999 -9999 -9999 -9999 -9999 -9999 -9999 -9999 -9999 -9999 -9999 -9999 -9999 229.414287562764 229.500000001295 229.307144171171 228.58094788675 228.457145703353 228.509525283888 229.014282230854 228.442855845763 228.888099619437 232.180965439183 -9999 232.990470865155 232.059516941767 227.730949521957 220.740478766011 208.145236816597 223.285713161717 224.207134231981 227.002384287738 224.614284426363 226.2904815991 220.369045399557 219.216663286717 221.335704678583 234.821430052371 230.464286996294 217.395236969908 211.799999408946 214.057143982571 219.288085917194 202.964294479592 191.569050459574 176.109527798957 167.847621932956 172.630958389104 182.721427703565 187.902385676649 190.502380324515 190.545234710694
-9999 -9999 -9999 -9999 -9999 -9999 -9999 -9999 -9999 -9999 -9999 -9999 -9999 -9999 -9999 -9999 -9999 -9999 -9999 -9999 -9999 229.078575139038 229.195236205796 229.388099683849 228.911907194862 228.404762290291 228.357143404497 229.447616558372 228.935714726675 230.642860366925 233.659523009842 232.478572894908 224.726196315271 222.828575176429 215.93094282969 210.376190367367 195.214290647073 207.047615010607 210.98571384461 216.940479163566 222.757137222408 226.854759069324 227.376194091554 232.935714464354 238.592861180774 238.088100488272 231.983341401874 222.423809091716 219.559520752532 218.697612745037 210.642853329177 208.25239236313 182.014282248519 179.200000715298 176.997619756625 180.954761401884 187.311908490994 191.295234651448 190.171428662892 187.166664217542
-9999 -9999 -9999 -9999 -9999 -9999 -9999 -9999 -9999 -9999 -9999 -9999 -9999 -9999 -9999 -9999 -9999 -9999 -9999 226.219058973229 -9999 228.497627246851 229.173816673005 229.62142944349 229.954753867981 230.58572004982 231.269050587622 231.611900345013 231.850002238187 233.133338921969 232.373809829092 230.754760821388 224.295234765309 219.4309542074 208.60238280502 198.583332268608 195.564288913024 196.26905068278 202.95237735335 211.071425963794 226.619049087151 231.026187787334 232.207153559521 229.773811365155 217.714290648207 215.004752968638 221.635707723369 217.078567078025 208.052387193108 200.290474442234 214.045242885156 202.409530728842 193.966671353852 191.75238041779 188.916667818447 191.880958570213 191.347622006948 187.671424945123 185.157150252648 186.019046809559
-9999 -9999 -9999 -9999 -9999 -9999 -9999 -9999 -9999 -9999 -9999 -9999 -9999 -9999 -9999 -9999 -9999 -9999 -9999 225.533336630272 226.578578936839 227.702377302482 228.364280702368 228.090473189401 227.34524155701 225.166675568951 226.180953976296 226.954765311376 228.035720813989 229.019039141276 229.576187121202 229.69047547406 226.607147326744 221.509521543829 212.723812253579 205.130954775937 204.773807345066 211.473816209665 216.173808803208 220.554763351197 236.757144895579 237.683334339865 235.47142054694 220.402382126944 208.723804717673 196.688095036347 216.138091750064 223.230953175891 226.271427113177 228.338092801489 197.230949438594 195.895237026064 195.273811366523 191.521427213699 192.826194623725 191.754764693632 185.44524013453 188.614288284889 188.064285324899 186.016670202079
-9999 -9999 -9999 -9999 -9999 -9999 -9999 -9999 -9999 -9999 -9999 -9999 -9999 -9999 -9999 -9999 -9999 -9999 -9999 225.319046013152 226.285713183537 227.342853529932 228.461906421445 229.176181793474 228.454757721568 225.023811375786 225.940479227549 226.697624208286 227.676177959883 228.997627245115 229.159519200619 230.069053615054 231.283332824291 229.976196363591 223.190475654071 221.67380121839 226.559528312845 232.116668771196 233.400001375139 235.614288408968 236.190475430303 236.366672556983 237.945236120803 233.483333731105 220.945236439833 215.004768286119 225.171421002585 226.652385663852 220.176189945003 218.280952989307 193.359516067062 195.409519201168 194.638099749455 191.269050568641 195.180946341212 196.528568218993 194.161911126929 189.311904947412 187.480957032872 188.404758468384
-9999 -9999 -9999 -9999 -9999 -9999 -9999 -9999 -9999 -9999 -9999 -9999 -9999 -9999 -9999 -9999 -9999 -9999 -9999 -9999 224.711906458272 223.964282947691 225.07380290071 228.340480769869 230.004764542696 229.67618563278 227.935714759641 226.749999988064 227.690479259121 228.67618940113 229.752380353853 231.178569769597 233.076190909387 235.600002249461 235.499996192886 235.766662591152 226.045246266136 222.426193291579 225.154762086924 235.752376488529 235.754764553822 236.211902640581 235.190475457071 234.645237015229 228.064285304797 225.088096606162 223.842857430174 214.647629242866 207.097614288804 206.709530922503 185.347614419477 182.569042029144 185.623806025479 182.235714004014 181.883342771639 185.723808085605 -9999 -9999 -9999 -9999
-9999 -9999 -9999 -9999 -9999 -9999 -9999 -9999 -9999 -9999 -9999 -9999 -9999 -9999 -9999 -9999 -9999 -9999 -9999 -9999 221.123806097351 219.821433988446 220.061904931325 221.835712369059 226.642860352949 229.873809788126 230.604759238686 228.878578187243 228.638095864086 230.054767579419 232.097621862583 234.62857434875 235.6071395856 234.385715517833 233.857143376533 234.147625000869 227.11666490967 216.895241063793 210.719043655025 225.242858610019 234.485725305352 236.533332829993 233.183330636801 -9999 -9999 -9999 -9999 -9999 -9999 -9999 -9999 -9999 -9999 -9999 -9999 -9999 -9999 -9999 -9999 -9999
-9999 -9999 -9999 -9999 -9999 -9999 -9999 -9999 -9999 -9999 -9999 -9999 -9999 -9999 -9999 -9999 -9999 -9999 -9999 -9999 217.833339787227 215.449996927015 217.480957003524 217.940475477567 218.842853517766 224.24285877004 227.569049774334 230.523807499887 232.285720803593 233.430957791064 233.885711678953 232.588108056822 231.923801438202 230.961898830228 229.838092780637 231.676189389241 226.952381293117 215.180950509623 -9999 -9999 -9999 -9999 -9999 -9999 -9999 -9999 -9999 -9999 -9999 -9999 -9999 -9999 -9999 -9999 -9999 -9999 -9999 -9999 -9999 -9999
-9999 -9999 -9999 -9999 -9999 -9999 -9999 -9999 -9999 -9999 -9999 -9999 -9999 -9999 -9999 -9999 -9999 -9999 -9999 -9999 215.088104336062 213.79047009962 214.747623443862 -9999 215.245239226937 -9999 -9999 -9999 -9999 -9999 -9999 -9999 -9999 -9999 -9999 -9999 -9999 -9999 -9999 -9999 -9999 -9999 -9999 -9999 -9999 -9999 -9999 -9999 -9999 -9999 -9999 -9999 -9999 -9999 -9999 -9999 -9999 -9999 -9999 -9999
