socal_rasters/bio09_SPHAsouth_aggfac2.asc
NCOLS 210 
NROWS 130 
XLLCORNER -119.45 
YLLCORNER 32.483333333 
CELLSIZE 0.0166666666666667 
NODATA_value -9999 
[rows 26 to 51 of 130, columns 120 to 179 of 210]
247.285713266355 248.790477635588 257.464279134821 260.15714259245 261.492858891584 259.180957844621 256.21190262634 249.207142110965 236.378559176918 235.690479144101 237.880947340607 233.330947597994 231.438099032032 232.897621210253 231.354762971203 230.290473974697 222.042850689716 219.98094584718 200.983337577507 189.711902633244 -9999 -9999 -9999 -9999 -9999 -9999 -9999 -9999 -9999 -9999 -9999 -9999 -9999 -9999 -9999 -9999 -9999 -9999 -9999 -9999 -9999 -9999 -9999 -9999 -9999 -9999 -9999 -9999 -9999 -9999 -9999 -9999 -9999 -9999 -9999 -9999 -9999 -9999 -9999 -9999
252.747611928299 256.342849672457 258.383335147052 260.428573532045 263.942848189493 265.299995409585 266.440475452481 266.330955536788 261.7761879673 256.354767007605 256.076187097011 254.609519939372 250.82619102619 241.876194164593 239.083335756257 243.699996839589 243.757145107929 224.766666731134 215.752388105516 213.533328887241 203.626202044168 -9999 -9999 -9999 -9999 -9999 -9999 -9999 -9999 -9999 -9999 -9999 -9999 -9999 -9999 -9999 -9999 -9999 -9999 -9999 -9999 -9999 -9999 -9999 -9999 -9999 -9999 -9999 -9999 -9999 -9999 -9999 -9999 -9999 -9999 -9999 -9999 -9999 -9999 -9999
257.145240769996 258.700004550903 261.645233111194 264.257148725383 265.830955493938 267.159522993024 268.335716232721 269.966651891232 271.678573599168 272.519027709489 270.17143250793 265.019043083049 257.9809533216 252.873809864094 249.280956582109 245.797614735284 249.316662117296 234.035720816073 236.676189519818 234.519043074527 222.607147413391 214.330955382244 -9999 -9999 -9999 -9999 -9999 -9999 -9999 -9999 -9999 -9999 -9999 -9999 -9999 -9999 -9999 -9999 -9999 -9999 -9999 -9999 -9999 -9999 -9999 -9999 -9999 -9999 -9999 -9999 -9999 -9999 -9999 -9999 -9999 -9999 -9999 -9999 -9999 -9999
260.116668700406 260.959526045553 262.852371185081 265.097610447246 267.464279150468 268.745231621002 269.804756151209 269.199996964242 269.895240727612 273.857154831827 274.126190184005 274.211921709231 270.697616645217 265.99761206421 252.169059952879 252.483333359622 246.947616984697 224.623805954255 242.585719827533 242.014286209696 229.866665093929 223.869045272878 234.121433140026 237.395240802744 -9999 -9999 -9999 -9999 -9999 -9999 -9999 -9999 -9999 -9999 -9999 -9999 -9999 -9999 -9999 -9999 -9999 -9999 -9999 -9999 -9999 -9999 -9999 -9999 -9999 -9999 -9999 -9999 -9999 -9999 -9999 -9999 -9999 -9999 -9999 -9999
262.516670223654 262.942855833193 264.335716228513 265.816665634255 267.288093542105 269.942848187081 271.066665635382 272.433334330879 274.00238035205 274.671424863839 274.973808281336 275.509521475766 275.088096637084 273.766654978457 270.650001593749 268.67856597469 260.902382063637 251.95476154775 252.126201585938 253.171432689933 237.688099115306 238.988090548712 244.661910740471 243.030948730903 238.630954737311 223.847614721188 -9999 -9999 -9999 -9999 -9999 -9999 -9999 -9999 -9999 -9999 -9999 -9999 -9999 -9999 -9999 -9999 -9999 -9999 -9999 -9999 -9999 -9999 -9999 -9999 -9999 -9999 -9999 -9999 -9999 -9999 -9999 -9999 -9999 -9999
264.252380368684 264.76428984723 265.654754627423 266.885711653753 267.833328234392 269.395240757904 271.716667148725 272.945243822118 274.323814374331 275.29762267254 276.016670218627 276.635711663824 276.735710145368 276.454765329657 275.111915608069 274.233322143063 271.164276173309 266.692855937347 262.464286787202 256.6428528659 245.571426411785 252.607139547138 251.152381993368 241.31904235403 228.48332990893 218.42141742537 205.261894266304 -9999 -9999 -9999 -9999 -9999 -9999 -9999 -9999 -9999 -9999 -9999 -9999 -9999 -9999 -9999 -9999 -9999 -9999 -9999 -9999 -9999 -9999 -9999 -9999 -9999 -9999 -9999 -9999 -9999 -9999 -9999 -9999 -9999
265.519050596391 265.942863455297 266.788093557427 267.771438585382 268.716667165218 269.909538252155 271.490470859317 273.280952443644 274.471435534257 275.611900314166 276.476188655634 276.511909486657 276.364288329717 276.197616581639 275.835708624157 275.547630314247 274.271430985868 273.064277670802 271.230957061345 265.690475591714 258.497619633372 252.76429392423 236.83096319035 234.290481654537 227.764282318927 228.830951612752 225.290470349726 220.042854306932 -9999 -9999 -9999 -9999 -9999 -9999 -9999 -9999 -9999 -9999 -9999 -9999 -9999 -9999 -9999 -9999 -9999 -9999 -9999 -9999 -9999 -9999 -9999 -9999 -9999 -9999 -9999 -9999 -9999 -9999 -9999 -9999
266.452384945663 266.940483084535 267.697616568795 268.533332815725 269.576194751864 270.321426383272 271.707138042316 273.278572067565 274.452377300409 275.742851245079 276.026191712494 275.861907958506 275.771430971407 275.419044503368 274.7809448318 274.216659556369 273.430946358164 272.247619654658 270.49523928073 268.471435573763 265.216659617817 258.149997824011 249.795238594898 241.250000061458 238.497623482103 227.847626002027 217.133331238352 215.842853506706 205.590481323728 184.988091893316 -9999 -9999 -9999 -9999 -9999 -9999 -9999 -9999 -9999 -9999 -9999 -9999 -9999 -9999 -9999 -9999 -9999 -9999 -9999 -9999 -9999 -9999 -9999 -9999 -9999 -9999 -9999 -9999 -9999 -9999
267.159523006419 267.647613517437 268.402389518682 269.326187121774 270.333335864919 270.971427905842 272.273811323194 273.550003041208 274.559524519659 275.307159422533 275.235710145586 274.983337408203 274.578567510305 273.971435559256 273.138092053489 272.085716262834 271.116661084064 270.050003067135 268.697624232609 266.409515418149 263.507141155565 259.366668769873 254.540485449324 249.471427974108 246.785709469654 239.261901971353 229.402374461913 210.057140683464 204.099998788981 172.526192585858 130.578577120306 -9999 -9999 -9999 -9999 -9999 -9999 -9999 -9999 -9999 -9999 -9999 -9999 -9999 -9999 -9999 -9999 -9999 -9999 -9999 -9999 -9999 -9999 -9999 -9999 -9999 -9999 -9999 -9999 -9999
267.614288326792 268.078567495714 268.854759208401 269.847618087757 270.973800644351 271.966667172783 272.938095074601 273.957145684194 274.557151790929 274.221420290323 273.907142648533 273.411903381466 273.073814393896 272.811904910989 272.29762269008 271.083335890878 269.952377337703 268.645233171424 267.040481588916 265.069046052089 261.354759293593 250.973812279912 241.616672648671 240.621425481883 247.733325967712 244.657142701072 239.288089830919 233.104766946286 222.880958739676 200.561901761025 161.119049998621 132.88332955719 118.345236023001 -9999 -9999 -9999 -9999 -9999 -9999 -9999 -9999 -9999 -9999 -9999 -9999 -9999 -9999 -9999 -9999 -9999 -9999 -9999 -9999 -9999 -9999 -9999 -9999 -9999 -9999 -9999
260.64047239338 262.300003043364 267.316665658882 270.02856443763 271.48094175684 273.002380359113 270.852386458049 272.942863477572 271.371421842474 270.007141092207 268.588096656504 267.604751579026 268.611892680319 270.000007613859 269.752380400934 268.550003070854 266.654769926874 264.940475482745 262.78570560897 259.235710186534 256.140480076379 253.302379621661 251.19998936471 251.483341223433 248.900001568184 244.27142724053 234.990478665878 229.042865928323 214.064285495027 189.480954234662 173.145240816392 165.114288518502 151.519050638344 157.485714022932 146.764289996842 -9999 -9999 -9999 -9999 -9999 -9999 -9999 -9999 -9999 -9999 -9999 -9999 -9999 -9999 -9999 -9999 -9999 -9999 -9999 -9999 -9999 -9999 -9999 -9999 -9999
259.55238335712 267.211898786811 264.335716299125 269.271430909728 271.340492222161 272.771423343952 270.900001510467 271.240478535216 267.776191809799 257.826202255404 265.769043003516 262.307136598175 258.764282231982 261.485702468036 266.188087399665 266.088104264186 263.266670273465 259.304763819196 257.42619708537 255.738094325521 256.79523464313 257.592849748813 254.60714345535 251.919040709158 249.495235482267 245.252380464757 236.483337486929 234.409523135514 222.378578362778 219.628578232525 189.623814155955 179.114288428702 174.685710898945 178.640472438209 172.795238647145 162.023807709146 145.252380656535 -9999 -9999 -9999 -9999 -9999 -9999 -9999 -9999 -9999 -9999 -9999 -9999 -9999 -9999 -9999 -9999 -9999 -9999 -9999 -9999 -9999 -9999 -9999
267.357147229067 268.754768351808 267.583335866328 270.926193215858 271.778564442825 272.035705569944 271.073806777532 269.421432519114 266.50000004393 264.397613548115 258.557144238133 259.42618939786 258.204765350182 254.904762327786 257.926193132014 262.126190163004 263.81191251838 261.169044543257 258.795234736084 258.235702514266 257.214286801135 255.685714747668 253.70714953684 251.614280723647 249.616661104492 246.852390332169 241.616665009153 235.688102696018 231.288101296338 228.690475486702 225.095241663757 185.047618984422 187.728576571142 182.247619568055 186.247611919721 182.53570944995 177.230949383493 176.14285265174 172.895248584 -9999 -9999 -9999 -9999 -9999 -9999 -9999 -9999 -9999 -9999 -9999 -9999 -9999 -9999 -9999 -9999 -9999 -9999 -9999 -9999 -9999
262.930953984861 268.730956976789 270.68332671618 269.985710162457 270.069053633036 270.240493779092 269.364273085896 264.604759322496 257.764282352395 251.516662571868 252.211906477363 243.790470245245 245.119037417586 252.057140406904 245.909526838156 250.326194678794 255.683338122714 259.940475425237 259.733337427026 257.16428761724 254.830959313554 253.826198592676 253.138099685181 251.71666338656 249.811908743865 246.569057527438 241.042865847746 233.576190986577 236.628570580677 227.628578699569 222.990470427023 202.219044204131 194.752384189398 196.009521556391 196.352374823184 199.683330577881 199.628578210227 193.178573633748 183.673805246188 193.47618842242 190.050003132753 -9999 -9999 -9999 -9999 -9999 -9999 -9999 -9999 -9999 -9999 -9999 -9999 -9999 -9999 -9999 -9999 -9999 -9999 -9999
267.359519938666 269.37380979711 269.709526064685 268.800010678907 268.880943306943 268.240478523042 267.559532174384 265.800003087695 260.104763242942 240.5857125645 248.045230621411 254.361904159352 250.773815111055 246.630951110898 242.911903346007 244.300003052002 248.459522160319 253.188091251701 254.095245318516 255.600006114426 256.323810578416 256.185707090484 254.697616601635 253.335716256822 252.016662622487 248.700000822999 245.283329036515 244.880947128593 243.792865774911 242.238094360009 213.152378689246 199.257141153225 200.409526727342 204.200000710463 204.923809072022 208.2166672252 206.814289029841 210.421417302915 205.240478497609 205.502384310072 198.288089846027 194.811904877116 197.847618127252 -9999 -9999 -9999 -9999 -9999 -9999 -9999 -9999 -9999 -9999 -9999 -9999 -9999 -9999 -9999 -9999 -9999
266.697616587556 267.592857348798 267.819046022958 267.623809818046 266.585716245521 266.152381906556 266.049995434209 263.795242364982 259.054763843366 249.578575310544 243.207141728737 254.51427835878 255.207149525012 251.742866588701 247.678565970569 249.809524453102 253.207141852022 253.407142662288 251.114288367857 249.419052126814 249.976196268112 250.750003790123 251.68333426883 252.540477799525 250.707149512315 249.614288353626 248.195236221772 247.333335885317 237.91905643965 211.147621170009 210.119052906394 207.092857436185 204.940479284805 208.661907124589 209.738090612906 214.095245362462 216.488098117642 218.269054439909 214.028572042749 211.073810733581 211.990482422845 216.814289059541 215.109523680707 221.869052777108 214.235717677572 227.52857952383 -9999 -9999 -9999 -9999 -9999 -9999 -9999 -9999 -9999 -9999 -9999 -9999 -9999 -9999
266.328575136249 266.590461726759 266.235710151283 265.792869574721 264.623809845243 260.928573605433 260.300010694496 260.171424903979 255.96429061177 256.469039931475 254.828567520307 255.464286783514 256.435714715295 256.02857209927 255.052383423095 255.204757672443 255.890464776261 256.700004563635 257.019042985623 255.678573627803 254.495243065355 253.22857668357 250.4452438348 250.909530621904 251.069046026157 250.119045278735 248.71666718848 248.035717032626 247.007148744701 247.059520712872 222.050003531081 213.542861963269 210.823810603735 213.376190099016 217.254764506454 221.357143344415 224.838096576249 225.866668694297 224.342857421941 224.66667169724 227.676185613745 229.347618135623 233.285709319343 234.721427792159 238.730949374184 240.628578177005 233.890476346089 -9999 -9999 -9999 -9999 -9999 -9999 -9999 -9999 -9999 -9999 -9999 -9999 -9999
264.900009155054 264.750000003424 264.24523926572 263.311904920812 261.204765361706 258.135704065515 254.995235499011 253.380954744054 255.199996935156 255.954772945098 255.930953983882 255.933330531106 256.511901846433 257.204757681205 257.202377322393 257.328575134278 256.911899535254 258.445243820573 259.402374253097 260.238098144785 259.490478542452 257.980957054152 256.333328271429 255.414279935396 251.528572201814 249.185718546696 247.69047549477 247.147617334187 246.980949404017 230.580952658216 214.523815135326 216.00476835588 217.078571288662 219.140468560987 221.345233889283 223.730949360997 226.835723832416 229.516662564863 230.264289873972 231.161903345964 234.37619012776 237.6095199212 240.573806711427 242.919048287326 244.895233108829 247.128566730208 248.833339671181 248.290466348496 248.14524070878 247.997623429888 -9999 -9999 -9999 -9999 -9999 -9999 -9999 -9999 -9999 -9999
262.873809825299 262.257148747316 261.840469368928 260.826194777444 258.98571780717 254.738105838966 253.266666418335 252.347621933027 251.23571014603 253.707141839368 255.288101187627 255.907142629714 256.457145687545 257.033325182446 257.911910999859 258.642868035093 258.771446235474 255.938095190034 252.266666330759 261.438087450188 262.304763778871 262.76667024712 260.330947921711 258.340469405103 253.195236318517 251.976188695386 247.697624326023 245.41666406466 245.997627272478 238.221428363184 213.82143024557 215.864284460148 218.607150997803 220.749996159484 219.952377374123 221.26428594272 221.169055989806 226.797622630402 232.052390948776 235.254764524835 237.435710872105 239.719047513788 241.869049038432 240.054767717908 242.500003875723 244.704757416277 250.828575105515 252.278568257923 252.566673270229 253.892860375765 256.652381847366 -9999 -9999 -9999 -9999 -9999 -9999 -9999 -9999 -9999
259.890480051363 258.502388021365 258.616661083471 255.223804513401 254.18571090517 252.730957060574 251.102375035002 249.938098932278 249.08571242258 251.669055892683 254.223808265318 255.54523085699 256.240470878159 256.8404769787 257.473815920048 255.430946390379 254.407131223238 249.811908791807 254.266670157542 261.321426343277 262.930961592663 -9999 262.899993925247 260.619041498714 252.849998489229 255.40237806918 251.945243910709 249.307140337602 247.373813578789 231.811908729114 215.228584347842 212.93809887166 214.90238187243 211.311905017337 199.719043822994 199.752380212742 203.109527561416 206.985721457817 215.538093321328 224.180953974264 214.485717746868 229.797618719856 223.059524926032 215.538090085778 212.899997364182 237.483348478839 247.814285284071 245.695247623949 241.990474819802 252.983337220647 257.542861907783 259.780952414943 -9999 -9999 -9999 -9999 -9999 -9999 -9999 -9999
254.07143021375 253.519050637251 252.902381863896 254.161911026462 251.661907215288 248.778568293497 247.604759216539 248.707145693816 248.547618846104 249.995235419803 252.692855804468 254.754764538592 255.82144163991 256.559532156909 254.590469480686 246.140476187261 254.371425577284 -9999 255.700004622466 258.540481449299 261.602378829248 262.804771421024 -9999 -9999 259.083335972503 257.254753020321 255.261905747155 250.897617377773 240.159527309543 217.92380520963 218.997615824197 215.10237893764 207.269054531945 196.311897473078 189.116661076972 184.211906486124 186.354759150997 192.82380658341 199.876186322432 202.204761575899 195.500003949242 190.499999934225 195.466671256538 174.192859717901 191.521430707355 211.588092239549 233.404766133025 212.297614819647 220.266662135926 244.233333480697 238.63571169892 254.490478234332 -9999 -9999 -9999 -9999 -9999 -9999 -9999 -9999
250.82381056315 249.933330554668 247.842857386902 248.721435495785 251.161899595176 249.407150274603 248.761898055033 247.67380907435 248.088092769956 248.783329019076 250.073810526728 253.509529089139 255.030956255661 255.876201618229 255.980949422644 -9999 -9999 -9999 251.971427735646 260.278572086959 260.159515324781 261.921424856845 262.597618091496 263.366661062644 263.516662608298 262.392860437336 257.076194925956 227.940479659312 220.126186373417 228.24047045492 226.488098644362 216.22857679762 205.447616648414 200.911903517978 191.119045342413 188.459522301467 185.869056758437 184.507141055283 189.104766764999 193.264286039372 188.897617473611 167.576183801309 147.961899073789 143.623809573923 174.649989594943 199.409522796882 204.816669360713 183.797615614271 187.073810150732 204.616668453812 210.785720343083 230.450000344892 254.547614914191 -9999 -9999 -9999 -9999 -9999 -9999 -9999
-9999 -9999 248.278575900001 248.864284502244 249.11666107823 247.923812886065 246.861915583087 247.319049828017 247.978565196787 248.380950925615 248.65238568082 252.100006074104 253.87380979819 255.069057452098 255.785713192133 255.809528356497 -9999 249.761909512113 258.178581187045 259.521415707786 260.085708604624 260.77381896471 260.661903381607 261.649993858518 262.957138053378 263.416671748035 254.9238133516 240.345231272644 211.140472559147 204.149997857037 198.726184785454 205.852382581129 199.2095224234 192.992855111797 190.178573548416 192.66189966675 185.095237841785 172.573810684364 173.864292085262 176.780948578883 171.121433457257 149.561905491944 124.576189328956 123.216666992304 144.045233888524 149.33333073193 163.038108497506 163.216675262622 151.919051548006 189.788089239774 221.478568719328 231.535720843758 242.995234999892 -9999 -9999 -9999 -9999 -9999 -9999 -9999
245.96905518093 246.873809807934 246.364288348008 244.738094350717 242.754764573522 243.954757661331 243.197616590602 243.778568273269 244.564289075608 246.133331272688 247.400005323727 249.376190148003 252.638092013788 254.104766832108 255.045242299909 254.504764586697 252.123813656702 256.95000454801 258.009529111251 257.628578196181 257.488082877183 256.419044532965 248.202377472607 250.319041932599 244.380948022196 245.564281450511 263.147613519796 229.407142638758 224.500000176069 207.902389828546 193.719051499559 192.297622687964 193.319046125052 196.502380313735 197.376190135821 189.042850681574 188.452381088217 185.883335189568 175.514282343871 161.299995718205 144.88333539619 127.338093040073 130.669050036872 128.142851061683 113.821430072432 100.604761708667 101.764286119509 123.088092740136 134.838095748485 173.36666057738 185.466655413088 195.528567975605 227.33571946422 256.476195916142 -9999 -9999 -9999 -9999 -9999 -9999
244.030956282663 240.099994688811 238.564285335904 234.945240014803 235.640476219676 237.966667167306 236.690483116725 235.923801432554 237.307144086645 241.390476165818 244.283325194956 244.321426360874 250.661907130991 253.407138810747 254.269042957866 254.490478521046 253.485717771451 256.49761961928 255.921428702961 254.764286060159 253.65951920846 251.747615904009 246.833332085088 243.559516965842 239.757145666343 227.319057450842 236.540481084006 245.40475559273 228.609519958497 228.471427929714 221.083332310657 209.057151846218 209.188087429684 212.314289038026 208.802383583408 193.521435103033 194.433330337249 195.557140493541 185.623806165195 168.766666763881 154.02380765522 146.923809113475 148.511905743891 136.864284959718 108.997620011353 78.9214290916509 71.4785733696722 90.6119001582665 103.03571482326 140.397620531097 175.876193487125 196.43094991421 214.897613087021 254.55952031555 -9999 -9999 -9999 -9999 -9999 -9999
243.876194058311 238.185726238238 233.566669474359 233.485710128548 233.5595207177 234.502376545328 234.02142335307 232.916671745858 236.864280609437 241.378570524733 245.102386451947 245.766666424071 249.02857582397 252.25714871937 253.483333575295 254.24523162041 254.826187129694 254.942859662409 250.490482448438 244.880950977958 242.526195558695 238.207137532365 230.849993823616 226.969039894667 237.854763809439 226.0547637954 226.657150261894 227.254764551118 227.521434782721 227.588088986675 227.838100430613 226.192855910581 221.485714012537 222.852386454792 219.045242449621 213.280952542405 208.440475498732 201.06666969982 184.704761683824 172.652382135963 165.719043648513 162.295234842284 151.1214258785 128.56904838676 103.254768711252 82.6619054265323 90.4571454411483 103.811904741999 114.164283600017 142.907145891195 174.635711191058 191.878566321712 218.092852959097 246.578570805163 265.552383379379 -9999 -9999 -9999 -9999 -9999
