socal_rasters/bio06_SPHAsouth_aggfac2.asc
NCOLS 210 
NROWS 130 
XLLCORNER -119.45 
YLLCORNER 32.483333333 
CELLSIZE 0.0166666666666667 
NODATA_value -9999 
[rows 27 to 53 of 130, columns 118 to 176 of 210]
9.83766294370612 23.1390503307282 34.3698920617444 37.0873469837882 38.4271498089293 39.7821625998118 42.4595374964344 43.2450199070691 43.7100362737891 43.1688909872947 38.5215955493493 33.1967317218734 32.5014638620713 30.671515930965 26.7568951409311 18.3076237774513 15.3165692282173 19.0694574426965 18.6520206208637 1.2428365563032 -7.22950704776794 -9.60784961392816 -18.927898509045 -9999 -9999 -9999 -9999 -9999 -9999 -9999 -9999 -9999 -9999 -9999 -9999 -9999 -9999 -9999 -9999 -9999 -9999 -9999 -9999 -9999 -9999 -9999 -9999 -9999 -9999 -9999 -9999 -9999 -9999 -9999 -9999 -9999 -9999 -9999 -9999
33.3330993687255 36.5459136349359 39.3024835503562 40.2099695029119 42.3683824210695 44.1634607212838 45.1095008777494 45.7922372696765 46.3045349060885 47.3392782049643 48.3179025630672 48.5832834284186 45.9568729597835 40.8029643186043 34.0715704962895 28.9555731326879 25.2907002476214 21.7269651491874 24.3858139722611 10.2601239648004 12.1141887636963 9.76232050051232 -1.28118985914456 -9.03060524196493 -9999 -9999 -9999 -9999 -9999 -9999 -9999 -9999 -9999 -9999 -9999 -9999 -9999 -9999 -9999 -9999 -9999 -9999 -9999 -9999 -9999 -9999 -9999 -9999 -9999 -9999 -9999 -9999 -9999 -9999 -9999 -9999 -9999 -9999 -9999
45.2352161458943 43.8593149351069 42.9771757161552 43.1745414633895 44.4014196191364 45.9149846834449 47.522393210909 48.1308040610988 48.5830945905323 47.5364313339907 47.6479663405765 50.7391605301397 50.3957328876483 49.9391412908815 46.3265429209631 41.593672817702 28.640550320498 28.5171940712608 23.0807572732321 2.56698831303919 18.1973240716582 17.2503606468465 5.94039817100537 0.14602990773479 8.80298628587241 11.2684312101388 -9999 -9999 -9999 -9999 -9999 -9999 -9999 -9999 -9999 -9999 -9999 -9999 -9999 -9999 -9999 -9999 -9999 -9999 -9999 -9999 -9999 -9999 -9999 -9999 -9999 -9999 -9999 -9999 -9999 -9999 -9999 -9999 -9999
47.7084942012798 46.5865812376603 46.0798740419719 45.9812459991853 46.6835861098798 47.4369077591089 48.2840986098441 50.1894578840582 50.6673021263928 51.3747882734227 52.2690839671697 52.3287811334538 52.0896205904235 52.037334441263 51.1648025785622 49.4077682660702 46.1376667666295 43.8188190446833 36.3726750966468 27.8278165322187 27.562852824077 27.9849407093037 13.7012434741854 14.3689260826672 19.016589647573 17.0085299887967 12.6733489004877 -0.810180203842285 -9999 -9999 -9999 -9999 -9999 -9999 -9999 -9999 -9999 -9999 -9999 -9999 -9999 -9999 -9999 -9999 -9999 -9999 -9999 -9999 -9999 -9999 -9999 -9999 -9999 -9999 -9999 -9999 -9999 -9999 -9999
49.9531183369342 49.156462677234 48.6678886453296 48.6016893350557 48.8793220466614 49.4651060016725 49.7662086452669 50.6183576408962 52.2287292307492 52.79020976597 53.4671039496441 53.8380050654759 53.9458112712074 53.9690971376896 53.5079088307271 52.7265415328483 51.0250301608841 49.6891136252538 46.4759550602577 41.8427258540661 37.5465907972512 31.8732982489605 21.5157165754367 27.2953176171106 25.4763933165363 16.2875563119711 4.35025260781785 -5.042634436115 -17.0336312896505 -9999 -9999 -9999 -9999 -9999 -9999 -9999 -9999 -9999 -9999 -9999 -9999 -9999 -9999 -9999 -9999 -9999 -9999 -9999 -9999 -9999 -9999 -9999 -9999 -9999 -9999 -9999 -9999 -9999 -9999
51.8621330352604 51.3405876193037 50.8556947751528 50.6646213495601 50.8959655735435 51.2140407498582 51.5403127646723 52.0605163512679 52.953259451166 54.0399913749389 54.6064596112715 55.0526962223262 55.3001461063996 54.7631368722355 54.1274051744786 53.4429807760124 52.5670385465766 51.7424621713547 50.0978527268409 48.440374400449 46.3272114168132 40.8155251756942 33.8339204862235 28.2252829019073 13.511073407742 10.791314686507 4.50174906742471 4.97098490207924 1.34189801007769 -3.74976375501188 -9999 -9999 -9999 -9999 -9999 -9999 -9999 -9999 -9999 -9999 -9999 -9999 -9999 -9999 -9999 -9999 -9999 -9999 -9999 -9999 -9999 -9999 -9999 -9999 -9999 -9999 -9999 -9999 -9999
53.7285890645156 53.2748489426709 52.7077589075568 52.6130714404237 52.7336730937859 52.9553041445414 53.3637237515504 53.4160957316393 54.1410398380135 55.0028552936232 55.4587306895786 56.1801185586645 55.8242006387077 55.1267213892749 54.4662895270736 53.585784926964 52.4923849262648 51.421842591221 50.2170438906621 48.6137399979448 46.4833841624316 44.0974417019991 40.6773710995947 33.9232097746449 25.8707028384918 17.7627349503649 14.83506063793 4.83056391094128 -5.15786400640065 -6.78019264338139 -8.67927147774085 -19.73341334077 -9999 -9999 -9999 -9999 -9999 -9999 -9999 -9999 -9999 -9999 -9999 -9999 -9999 -9999 -9999 -9999 -9999 -9999 -9999 -9999 -9999 -9999 -9999 -9999 -9999 -9999 -9999
55.5241136607562 54.9308643414394 54.4599828761055 54.3686485275375 54.4497604364744 54.6890659296415 54.9937410325123 55.0066909763598 55.6779346373711 56.2003793685802 56.6311979210222 56.6632862165611 56.110964782937 55.3028469182576 54.3103876236634 53.219345110584 51.9654779620796 50.391657851388 49.0122213563773 47.5129146773565 45.7223530105207 43.1262770100844 40.0318756557737 35.8034649599499 30.9125147539846 25.9090490914007 22.9502612000888 15.7147513543992 6.4668476894191 -11.2719949414202 -16.9374763510347 -37.9510532634153 -53.1556042861852 -9999 -9999 -9999 -9999 -9999 -9999 -9999 -9999 -9999 -9999 -9999 -9999 -9999 -9999 -9999 -9999 -9999 -9999 -9999 -9999 -9999 -9999 -9999 -9999 -9999 -9999
57.1774663995212 56.537388810909 55.9411134764558 55.7958164193773 55.9301195139749 56.1940641334121 56.6948251668055 56.9752941180935 57.2926759617618 57.632706643308 57.5382967048803 56.6594772442136 55.8534345816155 54.7202062689803 53.9884157256998 53.1438055136899 52.0864134014541 50.4162979358538 48.8834810487304 47.0665855635781 45.1299343368858 42.8092823396479 38.9260960382621 29.0304228552554 20.1365810674707 18.7803300548668 24.6259975580639 21.3950515421641 16.016097143204 10.053470709804 0.478596571924785 -12.2299747031955 -32.7651210634428 -50.8697365148796 -64.3152683310985 -9999 -9999 -9999 -9999 -9999 -9999 -9999 -9999 -9999 -9999 -9999 -9999 -9999 -9999 -9999 -9999 -9999 -9999 -9999 -9999 -9999 -9999 -9999 -9999
57.0031166286164 54.930324644338 50.637046803368 51.5447578415983 55.5820751329442 57.4847507391367 58.1814155512722 58.9863805741965 56.3997039717338 57.7214279350323 55.701600108915 53.8831138485006 51.9731674615522 50.4217967966534 50.8219146646198 51.5878362572495 50.6839065900691 49.0530205020764 46.7880812048678 44.6391334754715 42.1490898577612 38.4322586534475 35.0744152459002 32.011313935967 29.5787139419316 29.2838058583366 26.4409194443771 21.7929569113794 12.9971055012194 7.18911920561733 -6.70956430765072 -13.820398048597 -13.479125464827 -21.1286364250607 -33.7689599542217 -28.8429788911813 -38.7793005570695 -9999 -9999 -9999 -9999 -9999 -9999 -9999 -9999 -9999 -9999 -9999 -9999 -9999 -9999 -9999 -9999 -9999 -9999 -9999 -9999 -9999 -9999
54.494112068418 55.9027176382266 50.6765393681354 57.1513519203816 53.8986464077437 57.8541593079327 59.1679591965315 59.8186607459101 57.4634570998367 57.1738319646025 53.4426775944496 43.7771986729988 50.4345922898898 46.6577473308775 42.8538751690193 44.7658643377687 48.4294929010009 47.7590913965453 44.6404228687458 40.4592476217605 38.2299051681423 36.095306401022 36.5126313902071 36.6890840753438 33.4889956075352 30.5195613250462 27.8022528126562 23.4371248198393 15.1242214090045 12.749307512045 1.46239598403019 -1.48654867278277 -5.73327275720725 -7.8492331133828 -12.2558910842735 -9.10328122944326 -14.7842930315469 -24.8560999107358 -40.3258769259704 -9999 -9999 -9999 -9999 -9999 -9999 -9999 -9999 -9999 -9999 -9999 -9999 -9999 -9999 -9999 -9999 -9999 -9999 -9999 -9999
62.0435114036544 60.9333181567312 59.0812006207243 59.7300729675431 58.0371417979149 60.5024490251828 60.6189107864004 60.2222976824439 58.798380870659 56.6114864668508 53.2688293936238 50.7061653408017 44.7949801230381 44.9639091317972 43.3272743588324 39.7065821274577 41.8875779219189 45.0488977307802 46.04774664837 43.0555906795276 40.3153553591254 39.2556552948037 37.7765607906616 35.7709694209392 33.4675102571399 31.0233779234417 28.7314920810401 25.6490421749962 20.468946098159 14.6055340591613 10.1731046175093 7.33591404074928 3.67964037504525 -1.84575389775399 0.159698726884362 -5.23260365857536 -1.99413601099297 -5.78206481840503 -10.9750043219078 -12.3444129172228 -15.6046167215059 -9999 -9999 -9999 -9999 -9999 -9999 -9999 -9999 -9999 -9999 -9999 -9999 -9999 -9999 -9999 -9999 -9999 -9999
62.8372163990071 59.2723198117117 56.0012111796023 60.8668145736359 62.0406093607932 60.7726526510006 60.2494974079216 59.6474561824862 58.2331876978955 53.2131272426246 46.3587542813559 39.984426481041 39.9901905560901 31.7046848540448 32.3279679346799 38.1172400134792 31.8582763864587 35.2725600488406 39.6101607983717 42.8354196279665 42.0555305776615 39.1777029548074 36.5020027184079 35.021330855448 33.8214788627178 31.952488930104 29.6430063510935 26.243077818357 20.7313471777994 13.5507147744808 15.7297711690121 14.8541994369514 10.2096646210826 6.57471154475083 7.18501008309862 7.85481150116325 7.71978899636755 10.2941936699265 9.83513012527059 3.58541455793423 -5.29784399350154 3.05674269972604 -0.450862982130451 -9999 -9999 -9999 -9999 -9999 -9999 -9999 -9999 -9999 -9999 -9999 -9999 -9999 -9999 -9999 -9999
63.0754080082016 61.8270473514205 61.3510455978025 62.6403150496686 62.202069288987 60.8435068192068 60.2218475505603 58.9657163774695 57.6466207666942 55.4146118578248 49.5340435153795 30.9835559241017 37.2274940222945 42.4159317227773 38.4632138869124 34.0908300246696 30.1059956310991 30.7873373107798 33.956357884654 37.6631154862076 37.8862523747026 38.6615419579328 38.6961927506877 38.040272718561 36.0867052373963 34.314115539947 32.5297251046872 28.9835906635234 25.3329196258867 24.4563470082434 22.9253163599122 21.0326443050626 17.606859312795 12.4122121777323 12.9558037888716 15.9375862665329 16.2003848809802 18.751297051329 17.0188524197339 19.7958703723116 14.7394518747089 14.4709857661349 7.60471278135703 4.0263108392787 6.37145022655004 -9999 -9999 -9999 -9999 -9999 -9999 -9999 -9999 -9999 -9999 -9999 -9999 -9999 -9999
63.3725747967217 63.4405584428567 62.0237341126207 62.2364692663251 61.6716919077288 60.8437490589435 59.1812915844157 58.1486711671064 57.3888206690066 54.6089449527944 49.5876904081478 40.2965537799543 33.7427509944834 43.6334962443279 43.5474281571192 39.7631855753547 35.437992571998 36.6719064046472 39.2150115842851 38.7887926392833 36.1147594880893 33.9644022103872 33.8306569935791 33.9921588740629 34.2204083720879 34.4226265466869 32.234584346109 30.7492180160085 28.7308845735179 27.5010729024128 26.209801693594 24.8641729585461 23.499857445991 20.2310953873161 17.7435534126311 20.7157735251729 21.1905528059219 24.7107119632372 26.3833489242683 27.5512762386903 23.2358808218093 20.1728309700367 20.5620799990965 24.510733105795 22.5473183820718 28.1932119419477 20.8555154025494 32.4762991194641 -9999 -9999 -9999 -9999 -9999 -9999 -9999 -9999 -9999 -9999 -9999
62.8931894178964 63.4344453827261 62.8766107683302 62.4697494558939 61.4353675961517 60.2878437195989 58.5772362137746 54.4464826654229 53.2170925314655 52.4534244959745 47.8627004645837 47.6449909412749 45.5075159269646 45.4646472824083 45.702165605139 44.7058649321962 43.1472425589273 42.633534425153 42.6790847818776 42.7911252929663 42.4411545010247 40.5792494100318 38.8840599054444 37.1199369721735 34.0012636279355 33.863808623389 33.4362363961799 31.9828987375845 30.1038761342572 28.884954004589 27.361860283271 26.8702683455536 27.1815595526481 26.7814045255917 23.8126058866977 25.6608375788121 28.7117652493425 31.9439086473283 34.6357984239713 35.1016731261767 33.2700439116862 33.0765971714242 35.3212747686103 36.3968906792698 39.5605382420566 40.3407439161582 43.4731674043222 44.6792068509645 38.230228537683 -9999 -9999 -9999 -9999 -9999 -9999 -9999 -9999 -9999 -9999
63.6445922987364 62.9732017399694 62.8027048196252 61.9331779585749 60.7647085356471 59.2259474002217 56.5741138932961 53.0378780679036 49.438733161168 47.2982006169127 48.2377815189049 48.3147153898623 47.6290769664118 46.9238042901015 46.7918415078022 46.7761230480642 46.1695890526399 45.6294632047142 44.5415553868076 45.2773561428746 45.5583915649526 45.6704559420483 44.3421936309919 42.3665542902056 40.2221899341628 38.8020353381483 34.6990357632885 31.8846964995663 29.9376817117569 28.9794836084471 28.2101311747952 28.3581399851406 28.9091820608743 29.7132010396094 30.2344383983191 31.6085514768376 33.1212119880253 34.7795095143274 37.0762443188466 39.0828037055648 39.2919903012862 39.5966062279505 42.0180434789755 44.4062337635823 46.6968583672998 48.3327121616242 49.6494598062808 51.2042007402489 52.2754564199993 51.3345947704892 50.7172812809203 50.2082586219704 -9999 -9999 -9999 -9999 -9999 -9999 -9999
64.5341014946788 63.5284290464259 62.1593475516494 60.8197965728384 59.7955808803514 58.0867996411322 55.6578131129522 51.0230084139748 48.9824657581287 47.4862728337437 45.7202367883481 47.2701625558074 48.0575609184582 47.9539566038576 47.8165817306002 47.6883659335303 47.8337039934208 47.8098163605828 47.2739477337097 43.9761687281912 39.9665765090089 47.7881193088524 47.9051685305869 47.6606693537053 44.8047123439846 42.3516741306039 37.0587807807024 35.3546972708703 30.9395099813988 28.1990189114201 28.176098843798 28.2135591176174 28.9970517576281 30.3336772471038 32.3519530065711 33.8018236007254 32.5760870541839 33.2675475248215 32.7261543829525 37.3161439504928 41.60174170299 43.9757537628016 45.5238418319799 47.1030854961573 48.499157886339 46.3762913791641 48.1272755272376 49.6734921916482 54.6791820336571 55.4799938189029 55.2615957256015 56.0739307130924 58.0955133065863 -9999 -9999 -9999 -9999 -9999 -9999
63.4119214964464 62.4360361335206 60.6538620173778 58.6297827066297 57.9496050069049 54.1562920068905 52.4142141407349 50.3948955895834 48.1413030769651 46.3677969305941 44.8530588149977 46.5757484128462 48.2645416113321 48.7480907439439 48.6765003221404 48.5498695364959 48.4754314516399 45.8889999845997 44.2620897655702 39.394804073355 42.8015212488433 48.568053207161 49.5114841466558 -9999 48.0703430559881 45.2842255232495 37.6155472032715 39.3715362519 35.5808659348577 32.5507659888953 30.2312602632775 31.1151495110378 31.0452375994443 28.4286126845738 29.6866378608063 25.8764058233539 14.9549983447233 14.4723590427434 17.0498611770027 20.0088738261524 27.2993467107014 34.6069231067782 25.381554110024 38.7517584541804 32.2174714793938 24.9429248083708 22.1352021024812 43.7585350639056 52.641435635568 50.2481298306021 46.4642811961923 55.8755443945712 59.4532861518881 61.0965623533014 -9999 -9999 -9999 -9999 -9999
53.6639557174515 57.5819139234861 56.4292888797736 55.2561645970257 53.9055185092482 54.3631620610776 51.2863283413446 47.9037094442675 46.0796833146377 46.3714981194763 45.5149640939541 46.1387719974285 47.964427928089 49.1206245343442 49.4646091453674 49.4036159525742 46.916319012213 38.324250194523 45.2989520649052 -9999 45.1347561394085 47.0889271678833 49.1388416252736 49.6227035529255 -9999 -9999 44.176547146154 41.8709992610875 39.4546633543982 34.8633614058685 32.2328171812088 34.8058395219082 35.2395067387407 31.1623269040217 23.474249956988 12.9109198528802 5.89371002965239 0.893984344573901 2.37596929839893 7.77531965883239 13.6991140475488 15.4115763463298 8.8412247986415 3.93084985904801 7.90896596388517 -11.7244939710463 3.43755737795161 21.0950574648198 40.3408041497017 20.8961608812578 27.6110752303201 48.6569050827655 43.1907358518547 56.9267957162018 -9999 -9999 -9999 -9999 -9999
53.7189579639849 53.2091178153568 54.5881509802153 53.1705618169008 50.4349232026463 50.5575704202983 52.0886154536941 49.6495981365656 48.3406200638518 46.597516089255 46.2489633326814 46.1664943862337 46.5930852513712 49.1002673988762 49.7738695141532 49.7782802589271 49.1707582770818 -9999 -9999 -9999 42.7092417086258 49.6222658288594 48.8097257178735 49.6931629193544 49.594118116793 49.669843674896 49.0990104828686 47.4960241594738 41.9395658162781 38.0654429538606 38.1379776124114 37.2071095113463 35.0299101044706 32.9063183191228 22.5291310084143 17.8768497831261 8.3565529238366 5.50389640076201 2.63309292959936 0.908369889353614 4.60108841136988 7.9111851510718 3.51002428928685 -16.2238877156906 -34.4620449481471 -38.7545101364826 -11.1227776847772 10.7116621071717 15.1773138340953 -4.20446008213276 -1.58372118186407 13.7108914793656 18.8364589713741 36.0071998743349 57.243734236 -9999 -9999 -9999 -9999
56.3771295861297 -9999 -9999 -9999 52.1237011089328 51.9039802527411 51.3855180889343 49.5970030093903 47.781416896375 47.4960098303837 47.3766260072249 47.0019359661319 46.4363555714238 48.9228544046685 49.8401288954964 50.1597156507443 50.1245946961878 49.370594040215 -9999 42.3707170808569 49.4393548583125 49.9681577765019 49.7358150465224 49.6995821054953 48.8167200190888 49.0016288488095 49.4972934742953 49.2681055112447 48.6927604834404 42.4427959537069 30.703951502406 23.7190205079317 18.2022211072541 24.1677784271599 17.5370470794605 11.3528097115012 8.21500475318572 9.98070643448454 2.59984585948946 -9.31336106248173 -8.58755152113422 -6.40136741539374 -12.033447911368 -31.9624299428086 -55.031244965298 -56.6542445822272 -38.1600639736082 -33.8344897690126 -21.8918766303396 -22.0751484022178 -32.6486621230196 1.0303741293657 28.976177418078 37.6172523770016 47.4106698931963 -9999 -9999 -9999 -9999
56.881512691789 53.793942461028 52.8499946752897 52.9426488903646 51.6648893624293 49.3382664020398 46.7129154470563 47.0889501369887 45.5950775353514 45.4028377682309 45.3195123598462 46.0380782935573 46.4443740790415 47.5313825355011 49.8135156485403 50.4480380977364 50.6279392269613 49.2819080716124 46.3172130942935 50.1054143752292 50.3394918502229 49.2124281119401 48.3671979937795 46.6896486755724 38.3727628295139 39.6809461079648 49.0429029343577 49.3587532012203 49.2500476889038 48.9597692545293 43.7950822630986 27.8987796795568 14.2779327791122 12.4896152185916 12.8480413996363 15.2102765568104 15.547675096881 7.33160280933773 6.31912323424605 3.4815934756395 -6.44534144079924 -19.8403288955876 -35.2105824704155 -51.5704601001235 -48.9414655356274 -51.5808046536481 -64.9742757048837 -77.4801067657792 -76.7992314543535 -57.655737928983 -47.4908664816654 -13.1989117451219 -2.74008898115633 5.84981988210214 33.9350189656353 59.6297289424504 -9999 -9999 -9999
55.5608730524873 54.9019355906099 52.372312568955 47.8864136128257 45.6943693800724 41.5106067695919 41.3066844961802 42.6970243441357 40.8031864505284 39.2538700285287 39.8063611346804 42.8536414623462 44.7387104137598 43.9902648746098 49.1298655960613 50.9290847755496 50.9166231150402 50.4140367657762 48.6357536388277 50.6747493760138 49.4311781221282 47.6265888477052 45.8753938897135 43.3563176138731 38.1266212757697 34.4864407245572 45.6573417909406 49.1251735668617 49.1757764828887 48.894994745374 48.3542823871905 47.7250137503225 40.1856672783234 28.6218867882091 28.2050256543042 30.5207237762405 26.7617599122295 12.1923449649142 12.4838231293968 13.0147007880408 3.39918191010913 -12.3842411344337 -26.2713545512947 -33.1765207613892 -32.1783894770041 -43.1770339673576 -68.8082481664131 -96.9033294613255 -104.090540320878 -86.8105146025978 -75.6347658754533 -42.2840934610427 -10.7551787880013 7.28349195696997 23.424694865669 58.5397869346748 -9999 -9999 -9999
58.4154005295774 56.7420015344245 53.6621666601366 47.433178026126 42.2266073413087 41.3997383059299 40.688423161364 40.785666466296 39.548754715717 37.7063961079315 40.6015910343065 44.0130529221121 46.7552089574542 46.5496349532553 48.7750329375223 51.0029830834209 51.2550506591354 51.2028141028298 51.1202507005388 50.3573971006792 45.4287987943234 39.5678825946567 36.5390739847865 39.5211009307905 39.7069512159563 35.4467668403317 44.869263520747 48.8844432862988 48.6557273874062 48.5842609442415 48.2244882660632 47.6620655148946 47.2683372545603 45.2146445058505 40.2794867133442 40.905637731989 36.843015808209 30.97011002949 25.9654198089243 18.643139587754 3.25319428405214 -8.19020785274426 -14.9800117684173 -18.6520088551623 -29.2348487407358 -50.1071858951214 -73.4841915795517 -92.8719309408819 -86.0681879364561 -74.1613790033723 -65.1374770544628 -39.5108666666396 -11.3476523820305 3.69685284723511 26.8582756079354 51.9294028521428 68.5672855052968 -9999 -9999
61.6809978314103 57.8357477967384 48.605454587217 39.0402689735776 39.2974824992215 38.7201071280501 36.0368584856075 38.6693258199387 37.6390800847962 36.8534173620174 41.3696355320765 46.1664495014504 48.5797290607987 48.6667585535804 49.8419913932335 51.4555616314065 51.6933488853629 51.5269222292865 51.1135759431491 49.4391785132243 44.5324536214845 35.6292673609073 33.5083260047241 36.7126550335872 35.8709755958857 40.6119964921674 44.0358885212462 48.79278183566 48.5685520234121 48.2561979299249 48.1843280817284 47.6100006234091 46.9760027017392 46.4393758851093 45.0714674251984 41.2579146316618 37.2343426211123 38.2292403399062 35.0068036867217 18.3312363112778 -5.52611774263118 -16.3224859287499 -8.22938399663301 -17.8540373588281 -31.010814875787 -44.4998062988405 -55.0925196852324 -55.2033312505901 -67.2763649623161 -65.6438599872747 -56.9308960477951 -42.0220747126332 -24.3389192280415 -3.23150851796443 32.7000670275604 58.1914459768399 67.5996761202639 63.4527380437034 -9999
60.5364313194671 59.6405058139664 51.6023580449296 39.9150009825707 40.6643179972608 40.7861729733422 38.3950204985652 40.9053058200196 39.5314626983758 39.3593806371873 40.1749249037124 44.5996836262548 49.5481061703214 49.8346395469879 51.1380128638514 52.001238818381 51.9959077865843 51.7293338821002 51.0873670686571 49.5487651952619 48.0136795304294 44.1536865598854 42.2760992478049 37.6025037678687 38.1830625333332 46.160793250508 48.4215650341865 47.4941148531241 48.6000280486974 48.1465988229719 47.541001328942 46.9688758928348 45.072997117018 45.5604143133849 45.2738838256935 44.5276127014564 43.2357893366804 40.1197682013311 33.1723042892252 22.6218850930412 4.69699083381081 3.49038940950364 -6.10515064933389 -22.2040041197109 -33.6134027799745 -31.3477235192061 -32.3713394386851 -39.355770638679 -67.921684941037 -66.7971067331594 -56.339121357292 -24.4034127667499 -5.15753565993444 8.85556412289081 30.4357990548443 52.2259299295277 65.1973008247771 59.1783982806568 -9999
