socal_rasters/bio05_SPHAsouth_aggfac2.asc
NCOLS 210 
NROWS 130 
XLLCORNER -119.45 
YLLCORNER 32.483333333 
CELLSIZE 0.0166666666666667 
NODATA_value -9999 
[rows 0 to 25 of 130, columns 0 to 59 of 210]
-9999.000000000000000 -9999 -9999 -9999 -9999 -9999 -9999 -9999 -9999 -9999 -9999 -9999 -9999 -9999 -9999 -9999 -9999 -9999 -9999 -9999 -9999 -9999 -9999 -9999 -9999 -9999 -9999 -9999 -9999 -9999 -9999 -9999 -9999 -9999 -9999 -9999 -9999 -9999 -9999 -9999 -9999 -9999 -9999 -9999 -9999 -9999 -9999 -9999 -9999 314.379608120712 -9999 -9999 -9999 -9999 -9999 -9999 -9999 -9999 -9999 -9999
-9999 -9999 -9999 -9999 -9999 -9999 -9999 -9999 -9999 -9999 -9999 -9999 -9999 -9999 -9999 -9999 -9999 -9999 -9999 -9999 -9999 -9999 -9999 -9999 -9999 -9999 -9999 -9999 -9999 -9999 -9999 -9999 -9999 -9999 -9999 -9999 -9999 -9999 -9999 -9999 -9999 -9999 -9999 -9999 -9999 -9999 313.119544917711 321.750045826109 319.364921488606 314.892692605082 308.468994157307 305.979515110123 -9999 -9999 -9999 -9999 -9999 -9999 -9999 -9999
-9999 -9999 -9999 -9999 -9999 -9999 -9999 -9999 -9999 -9999 -9999 -9999 -9999 -9999 -9999 -9999 -9999 -9999 -9999 -9999 -9999 -9999 -9999 -9999 -9999 -9999 -9999 -9999 -9999 -9999 -9999 -9999 -9999 -9999 -9999 -9999 -9999 -9999 -9999 -9999 -9999 -9999 -9999 313.759689311778 307.458023132664 304.340820289867 321.193756004041 326.852439931509 311.338317943823 306.986961354738 307.219779982575 307.058143564449 317.559120147438 325.679809567693 323.074661237413 -9999 -9999 -9999 -9999 -9999
-9999 -9999 -9999 -9999 -9999 -9999 -9999 -9999 -9999 -9999 -9999 -9999 -9999 -9999 -9999 -9999 -9999 -9999 -9999 -9999 -9999 -9999 -9999 -9999 -9999 -9999 -9999 -9999 -9999 -9999 -9999 -9999 -9999 -9999 -9999 -9999 -9999 -9999 -9999 307.776992724443 323.011863716248 306.220947354406 296.821762112005 298.699981624575 305.355514566952 307.731170657571 318.03400412549 330.278274545264 319.856742908302 308.605064400815 310.594596898283 302.146713273372 305.91848740116 323.152717662834 311.163620040593 307.936820977822 311.829414366599 -9999 -9999 -9999
-9999 -9999 -9999 -9999 -9999 -9999 -9999 -9999 -9999 -9999 -9999 -9999 -9999 -9999 -9999 -9999 -9999 -9999 -9999 -9999 -9999 -9999 -9999 -9999 -9999 -9999 -9999 -9999 -9999 -9999 -9999 -9999 -9999 -9999 -9999 301.56459044003 303.159805359635 290.181327786148 303.879592855585 313.255523644345 325.594696080148 309.268508963089 293.96257024979 296.812553352008 305.432670587685 310.672821033023 309.747245795826 318.777282648287 -9999 328.953926130348 320.607551605615 310.737892199264 313.530670112389 327.550048827629 314.995979361064 312.275520294389 317.617164582965 321.735145526011 323.115127545919 -9999
-9999 -9999 -9999 -9999 -9999 -9999 -9999 -9999 -9999 -9999 -9999 -9999 -9999 -9999 -9999 -9999 -9999 -9999 -9999 -9999 -9999 -9999 -9999 -9999 -9999 -9999 -9999 -9999 -9999 -9999 -9999 -9999 -9999 277.730064404019 281.92385100428 288.818206707171 309.133254950375 310.090385471024 311.996589604734 313.401832584941 325.541725155223 314.566207935629 303.439491295596 305.390052703299 313.182098399572 308.729843160974 314.533203125244 316.234962473482 324.185035661519 -9999 329.279800441094 326.831489535913 330.354370080465 327.828758266507 325.70990752378 326.967384314239 331.936836244005 330.846748371608 324.432823249094 315.223678632663
-9999 -9999 -9999 -9999 -9999 -9999 -9999 -9999 -9999 -9999 -9999 -9999 -9999 -9999 -9999 -9999 -9999 -9999 -9999 -9999 -9999 -9999 -9999 -9999 -9999 -9999 -9999 -9999 -9999 -9999 296.28736888193 279.388824450442 284.62165832148 281.089729358612 265.421516464294 278.624099652648 293.518760645736 302.95550532428 313.019866937511 314.354690480902 323.974113426174 329.692375201261 322.202247617473 323.646476728927 316.539260938129 308.223426812962 315.41308590169 323.279647818299 326.665840145322 -9999 331.716285722456 333.266677843585 -9999 327.138587949928 327.633750925667 330.826522815385 324.566810649122 318.490272567535 309.361152698489 306.579521228483
-9999 -9999 -9999 -9999 -9999 -9999 -9999 -9999 -9999 -9999 -9999 -9999 -9999 -9999 -9999 -9999 -9999 -9999 -9999 -9999 -9999 -9999 -9999 -9999 -9999 -9999 -9999 -9999 266.897849966093 293.15420523968 291.210380640103 274.966285668948 291.278961157071 287.30545811598 268.981407239099 267.742408731321 275.324119532718 283.669273358761 295.406341509673 300.370963981665 313.048744147981 328.432456933547 325.164848281394 319.288726881065 315.203941366854 313.146141054643 316.379508949513 323.932525586627 330.190818769226 330.439994800613 -9999 -9999 327.989044201595 328.643699616794 331.045906045781 329.681282122033 321.235473669979 313.572662368456 312.178527812459 312.253150850583
-9999 -9999 -9999 -9999 -9999 -9999 -9999 -9999 -9999 -9999 -9999 -9999 -9999 -9999 -9999 -9999 -9999 -9999 -9999 -9999 -9999 -9999 -9999 -9999 251.894386268677 260.602088900084 267.652473448156 275.545883138166 293.553649845469 306.582817094895 294.604721107051 281.876380943214 289.097709595708 291.925727868406 277.603218155727 274.680068921562 286.049018825075 287.631416327819 294.241439758079 308.271835285958 318.115356377791 330.143325791831 321.577125553708 319.273696880532 318.847297676341 321.497795102251 321.367950461023 321.900520275367 329.602561912615 334.04537199568 336.737182634479 330.131492602166 332.046028142723 330.700943016312 333.167571973723 328.945762676182 325.642608658283 323.007980331779 318.677612331672 324.201515096992
-9999 -9999 -9999 -9999 -9999 -9999 -9999 -9999 -9999 -9999 -9999 -9999 -9999 -9999 -9999 -9999 -9999 -9999 -9999 -9999 -9999 225.683761563808 239.803733801458 253.054115271262 247.94078447869 250.042209621846 253.951152782514 263.731773342343 277.926803555214 293.479026722256 311.02401735546 299.647392280353 299.727615362136 295.957412744141 286.829551754952 274.908187805042 294.386077807617 298.170265236552 301.55348200509 312.74275202805 319.373710648504 -9999 326.274444589882 322.37258152496 323.133377028055 323.928131136489 317.235328678855 319.854843101283 325.722290003469 333.808982812533 336.321945210965 334.068191535086 330.676208505296 328.753044124385 334.498558048069 330.169815095352 330.9737625026 328.846115134385 328.372528053813 331.838737499964
-9999 -9999 -9999 -9999 -9999 -9999 -9999 -9999 -9999 -9999 -9999 -9999 -9999 -9999 -9999 -9999 -9999 -9999 -9999 268.363830553428 258.962730447632 243.484123214199 254.520725214522 270.34386441008 261.917694125404 246.770652803822 252.445499395867 258.556396462085 273.253211925639 292.878700191872 312.304153450854 297.9223327506 299.625953686711 290.543472337544 275.939071711067 273.676887436096 296.299674911033 301.393035939607 303.442535380551 311.276649411761 323.030975316627 -9999 -9999 327.963981642811 326.076515211635 320.81578066241 322.431678745527 325.695518485432 325.807159417825 330.916519125981 335.966308612593 332.39926912211 329.47956849118 332.571372948057 334.853126556084 331.267593418349 331.91460418615 330.979812601605 331.891738875585 333.500450151117
-9999 -9999 -9999 -9999 -9999 -9999 -9999 -9999 -9999 -9999 -9999 -9999 -9999 -9999 -9999 307.004173286225 301.991142283725 293.87226105693 284.843780529129 281.952568074533 274.351699856489 274.547035188994 277.818733228017 286.018669115917 271.504798949824 259.759483357553 248.378997837332 253.877517657628 277.612029933784 304.075271552729 314.017120350056 320.92862701793 309.000389155186 288.598724387763 287.360832256664 285.800895648861 299.161666826779 310.835845950301 298.687583986946 295.152488658262 312.980422889102 328.462806641212 322.024849004294 319.298233031507 317.076988239516 318.218124363228 322.792945847381 327.244163495855 329.850234976929 332.261039700596 335.983573920806 332.432006847119 331.699050905856 335.206031784404 334.088500986807 331.889228837912 333.936622623043 333.609146129029 330.463897729075 327.643837000661
-9999 -9999 -9999 -9999 -9999 -9999 -9999 -9999 -9999 -9999 -9999 -9999 309.346038817974 306.79753875966 304.660072326952 303.138748170605 300.847732549937 299.086883547455 297.263221745164 296.276557928105 293.898269649906 298.856727572823 297.53039553524 284.25299839091 272.55911256103 261.887989071277 255.330902116543 266.852912858283 278.582443166653 298.349464376986 314.04719539716 326.02699280136 305.805969350304 300.459365797051 298.516777050357 303.545028669311 307.065391482018 314.401275669198 304.160484330385 309.584945632534 317.493820149607 329.808418258361 324.642875680379 323.618484515895 320.727951073199 319.842590320585 324.640777581657 328.151031475476 329.158866860235 333.92844389048 335.259643561603 334.702293390841 334.97057343108 335.064323423181 333.347694388595 333.341964711349 332.711303728645 330.477020268067 328.881889355572 326.390327487578
-9999 -9999 -9999 -9999 -9999 -9999 -9999 -9999 -9999 306.597579958941 304.823265073515 307.157974247439 304.802085882369 298.291358953431 296.197166448923 293.212173465246 291.693397518273 290.833534249443 288.868202216065 288.911483758139 296.663253770738 305.730522130054 302.413139368153 289.703811673492 274.220657374321 275.787368752058 280.121978776126 287.473411502162 291.896614044251 309.451896625915 321.252090426777 326.180603048607 312.332550084301 308.69818108603 308.429245019863 307.619667014425 316.185531550464 317.931266831034 318.240241967648 321.952751147759 327.130332928983 326.270919824331 320.797058117554 320.596488954692 315.879722588218 318.975173914882 326.461242637165 330.552101111756 332.29042816198 333.32612610549 331.337554927218 333.131744379568 334.037101739035 334.553504943444 334.223632814931 333.690208445577 333.12448119202 333.133522036633 333.374366757364 330.789993303341
-9999 -9999 -9999 -9999 -9999 -9999 -9999 -9999 306.55099486999 303.538726808951 303.342514046169 293.355552683509 284.756790164614 283.65344238329 281.981140153247 277.30398559839 280.87180327422 283.370193478172 287.791831963269 297.015136697654 303.939964283606 306.537597634748 308.386405971901 302.564849858593 293.801353462288 295.252861024141 302.076400727568 305.514656060676 313.838920566602 320.834701519023 325.83762358539 327.461791994435 323.90703583483 318.201766987435 314.08872985691 313.643257150566 319.267211861622 327.151313790771 328.905532829707 330.322631832428 329.716743473047 329.137664789662 329.909957885644 329.523712164887 327.228759778075 329.342750542662 330.2473907353 330.354728707709 328.516586315535 326.889945988949 325.253204342204 326.799079882618 330.13454436251 331.538002003938 332.53072357491 330.783988956453 329.490524294667 328.328697204668 330.648490888469 331.064285278121
-9999 -9999 -9999 287.644165040773 289.590888972908 -9999 -9999 300.805053712226 305.754722596837 303.006004339531 293.830749521969 292.457862851709 292.487709043082 295.698944088762 291.877151491492 292.757881160806 298.290954582253 299.026222215415 303.113502500029 303.259773243285 307.800605765709 307.878654476579 312.593795762864 309.481544518725 307.427482598959 309.288566570286 311.650329581881 317.526924119784 321.682456963591 324.266754141683 326.093963621616 326.621032713452 327.040649412273 327.166969301403 326.964096068383 327.274696345343 328.26294708082 328.628623962195 328.178741460645 326.570236214033 325.074440012948 322.776824957756 320.784431448736 325.31849668468 322.85698700425 324.27271268599 324.872512811785 325.661758421857 324.549079897487 323.898712163085 319.642494225526 320.468749974489 325.663009626301 328.58221434097 330.619094843694 329.802070631591 327.773757949377 323.998359689621 323.690063460023 323.591842629699
286.432769775998 276.092681886136 286.830505369754 284.939453124104 287.127059931003 295.193672177131 -9999 299.065368656143 303.806915281876 298.028930667036 296.088920595771 297.137275687156 300.145759578542 298.22872925955 293.464645381714 298.996154782497 302.187370293723 302.580993644274 303.762542733684 305.981864930251 308.924453731143 309.311630229771 313.028877262635 315.190292365036 315.795776352384 318.852218624347 320.080902094872 321.724517819599 323.361442562454 324.220062253884 324.564521789505 324.044616700289 323.688758854395 321.089622509849 321.49703215852 320.846511857141 313.752197292864 318.306755074882 309.93143464728 308.654632592683 303.269012494347 296.744804386066 300.996170027761 310.493415781617 317.29510500459 314.829772928489 311.741996790874 316.873016369262 310.196395902299 310.588340751969 312.127052280818 318.483779893052 321.952728254817 326.279159534275 327.060310356855 327.244453424974 326.73858643068 325.078231818888 322.334800757734 316.008377120038
-9999 289.572906494078 290.113365176493 285.712890627327 279.234191894993 277.499008180864 282.572051992071 294.860824575091 301.915664675716 298.444114674211 297.510795598315 300.430374142003 299.524642952252 293.293655399484 290.108711249555 293.876770001813 302.897598254935 304.892486567046 305.546928413055 306.982200610405 309.96951293137 309.801528916436 314.628089906277 317.348999018582 318.892639156627 319.394538879544 320.154487608354 320.743759153931 320.655029299058 319.488075260296 318.785621643653 316.083122241653 311.11614994135 304.105926537525 302.430862417451 303.655044580175 300.121139531067 302.286117549337 297.949745195582 293.669029259044 293.500907875794 297.434257510838 294.116020226662 293.805931054361 302.107742306377 301.052383444751 294.961700452194 297.010566664529 298.484542846959 295.816162107009 297.614173844341 305.130073528504 316.054840053331 321.264663672653 320.840156572594 321.234916671423 321.763641351795 319.411308315342 307.618499846311 297.185333273697
-9999 -9999 -9999 291.865432741132 289.491783143027 283.097663883827 277.526313776621 282.470931996637 296.574760424843 303.231033329297 300.454406740808 299.380928040118 295.632400522139 289.03748322538 284.188827508026 291.250572188255 299.986755360855 304.204353331008 305.567451477769 307.711540210528 311.993598933911 314.484825129471 315.942176816514 315.794036869268 312.225906381621 305.751869217374 302.550323478584 308.228202821086 309.535301241054 304.535682692528 302.97920226358 306.322769155909 307.501914987047 303.266433735167 303.473258957466 304.686515816704 302.513099679356 300.452842719859 297.319824232396 295.578117369098 295.706115709628 300.103630046461 303.856163018665 304.577781677515 305.189735414463 304.891838051823 303.305305488513 297.837684657853 295.017700194706 288.233589237078 284.918365422638 298.33632652839 303.539421114917 309.365150405265 314.371459953194 313.068267816372 317.620460484855 311.576179555902 304.584075866702 305.901382429198
-9999 -9999 -9999 296.702011108695 296.379394533454 294.390563972738 287.660469051442 291.853782648844 295.906578058564 301.96207427893 294.949226387211 293.261253359688 292.869926447713 289.418190010417 288.862983696586 291.646995549644 297.119979850305 303.153137196295 308.117752067927 310.506408687675 312.268943784484 313.112251283186 307.236152674489 297.618988052267 290.839111334641 291.953498835987 297.597633350357 303.228424049566 307.445671085692 305.706329346619 307.174476627226 306.778442380611 307.825172420982 308.507316589848 309.238990773474 309.191337587817 308.11421203907 308.15735625991 307.270591739997 306.517982493107 302.827903765533 300.071563727923 301.520172085964 307.552101102494 309.702873237631 308.115089426571 304.824317940402 303.008865379033 300.404228229426 299.745979328471 289.211021469674 288.17010499431 288.025901767692 295.115615787696 301.280990569761 310.158821025675 318.796279863401 322.286590570137 322.205001823189 323.156707764403
-9999 -9999 -9999 -9999 -9999 -9999 290.304084782085 290.746047971468 297.397727958862 301.059570315683 294.160484318083 292.415107719254 292.102378847513 291.45095824522 291.853477472176 295.38829039872 298.983772270625 303.753944385649 307.884353634044 309.574729916484 310.92487335079 307.455986047775 298.796440121707 298.967407217025 301.361564636175 302.242927541469 303.704170223153 305.780776978068 307.165374761848 307.9506149259 309.400527948278 310.572074887387 311.029312132902 310.722000125453 311.49279021869 313.305747981876 314.889213564111 314.771545414773 313.481056216234 312.860466013465 311.002319349007 308.113624574721 309.151222235551 311.950653051794 310.725959784588 311.648384104385 308.596237202387 298.626442001169 298.024536083092 305.083099346773 305.4662246622 306.923675551794 302.669563352984 302.696449212787 308.146644639574 309.809211652173 321.439773534824 325.160041795693 326.103309626852 326.848243709163
-9999 -9999 -9999 -9999 -9999 -9999 -9999 291.245544425974 298.984909053296 297.353004463589 291.903343203963 293.493392938822 293.309242242708 294.358070372503 295.746849058154 298.396736139935 302.093261713241 305.436134333484 307.210891721076 308.138679506533 302.283592232344 299.323944087402 301.180923448351 304.090042109253 304.465324399439 305.442268367672 306.142066949692 307.06448363798 309.180717465438 310.347671505381 311.507980342407 311.725677491233 312.221984859349 312.953804013615 313.849464415061 315.051597588407 315.631401058798 314.845787054761 314.544509893977 313.01305389069 311.794052128216 312.130126956412 312.813896173764 314.623710623212 315.602180480873 315.070518500405 312.528472907815 308.090095558067 295.955169698874 304.309173523625 311.223297119015 314.618736258274 313.130981434488 315.302642816515 316.669219956546 319.81616972741 322.857566810555 325.064605703065 326.944389348458 327.261314372573
-9999 -9999 -9999 -9999 -9999 -9999 -9999 -9999 -9999 -9999 299.385879515804 298.668449401668 298.61992645212 298.618995666124 299.065399170102 299.951774594142 302.099281307628 304.493400569538 306.026741025765 306.4633560187 304.595855720372 304.24539184252 305.026039122285 305.494705198629 306.043968199112 306.923606871267 308.161949153983 309.530158995783 310.70658874413 311.019538877808 311.983077998959 312.975509641515 313.525177000381 313.846115111051 313.545211796067 311.593681343711 308.741249089584 312.437683105101 313.197013838017 315.047576905322 314.653434754587 314.500007631167 314.501388548964 314.893005367396 315.403213501213 315.853187554713 316.121246339816 313.75000767115 302.260681185867 309.452964727169 316.569526649187 318.102958681152 318.881584159043 319.95515441694 321.109146113622 322.636169423549 325.371711717372 327.358367910836 328.210388183639 328.770767208748
-9999 -9999 -9999 -9999 -9999 -9999 -9999 -9999 -9999 -9999 -9999 298.426841735676 298.578224182286 298.484596252273 298.974288939452 300.12563323692 302.045516965253 303.3693923942 303.96128845057 304.863807675967 305.398124697088 304.749687195258 304.775382995133 303.753540044972 302.076744079998 303.044776908995 307.757316580972 309.228454591493 307.822196963631 306.109672549034 305.676406858013 307.157829280276 307.296546940101 308.485160821962 309.35196685762 311.553871149842 311.447746282229 307.147636432396 307.739006028314 312.193000793579 312.730812068026 312.952186584392 312.821136474421 310.85169984221 311.136489886444 309.396659851781 309.160530078385 307.456420916176 302.526931785327 312.636100690367 319.726486198812 320.562187189288 321.564323421823 322.075500483168 323.402648920303 324.074012752163 325.510818472748 327.10568236674 328.029922480406 328.79801177479
-9999 -9999 -9999 -9999 -9999 -9999 -9999 -9999 -9999 -9999 -9999 296.422355649783 297.392127989951 298.05572509689 298.731506346312 299.662055967542 300.454231260844 301.150650023153 301.979598997077 303.269386289659 303.991180419988 303.673271181256 301.558250434424 302.124420157162 304.485816951409 306.292144767999 307.914566039728 306.624267581849 307.492393487866 309.66867065064 310.074264525663 310.223205561983 311.229476926009 310.778564464321 307.648750312946 305.59691621399 304.115653994549 -9999 306.578025818577 306.542556758687 306.276580822351 304.772689832009 303.866340612749 305.171524056886 302.60943605631 300.736907979507 296.73226928641 301.495254463691 311.411300631498 316.501571630824 319.044364921636 320.296577446486 321.800765983399 322.992408746114 324.049766538423 324.536895748026 325.439231866899 326.527954096466 327.481559746355 328.471611019047
-9999 -9999 -9999 -9999 -9999 -9999 -9999 -9999 -9999 -9999 -9999 295.031143189168 295.312545775279 295.890426634671 296.566467283603 297.390419005442 298.154823301846 299.123695371925 300.282478330255 301.516601560372 302.368652342904 301.288322447251 303.125358576183 304.472335813607 305.078948973705 305.816390989361 306.555755614247 307.796806330295 307.024993911585 303.875679016126 304.120079036129 306.379295364255 304.545959485255 302.905448919712 303.164657594296 301.273307809415 298.316810613609 297.523483263203 298.800186162406 298.260902393945 296.883941659942 294.997612030367 291.358749369897 293.209930435555 294.322303751927 293.924179072557 297.958145095201 308.309585535567 315.3068313455 317.578163138546 318.159027090761 319.770545953424 321.09816741043 322.627357474494 323.936370845378 324.717765803528 325.407012935444 326.103843683668 327.065330500019 327.855918878709
