socal_rasters/bio09_SPHAsouth_aggfac2.asc
NCOLS 210 
NROWS 130 
XLLCORNER -119.45 
YLLCORNER 32.483333333 
CELLSIZE 0.0166666666666667 
NODATA_value -9999 
[rows 0 to 25 of 130, columns 0 to 59 of 210]
-9999.000000000000000 -9999 -9999 -9999 -9999 -9999 -9999 -9999 -9999 -9999 -9999 -9999 -9999 -9999 -9999 -9999 -9999 -9999 -9999 -9999 -9999 -9999 -9999 -9999 -9999 -9999 -9999 -9999 -9999 -9999 -9999 -9999 -9999 -9999 -9999 -9999 -9999 -9999 -9999 -9999 -9999 -9999 -9999 -9999 -9999 -9999 -9999 -9999 -9999 229.319045987291 -9999 -9999 -9999 -9999 -9999 -9999 -9999 -9999 -9999 -9999
-9999 -9999 -9999 -9999 -9999 -9999 -9999 -9999 -9999 -9999 -9999 -9999 -9999 -9999 -9999 -9999 -9999 -9999 -9999 -9999 -9999 -9999 -9999 -9999 -9999 -9999 -9999 -9999 -9999 -9999 -9999 -9999 -9999 -9999 -9999 -9999 -9999 -9999 -9999 -9999 -9999 -9999 -9999 -9999 -9999 -9999 228.747619564648 237.192859699708 234.704757610093 230.123813668397 223.611892717139 220.992847477419 -9999 -9999 -9999 -9999 -9999 -9999 -9999 -9999
-9999 -9999 -9999 -9999 -9999 -9999 -9999 -9999 -9999 -9999 -9999 -9999 -9999 -9999 -9999 -9999 -9999 -9999 -9999 -9999 -9999 -9999 -9999 -9999 -9999 -9999 -9999 -9999 -9999 -9999 -9999 -9999 -9999 -9999 -9999 -9999 -9999 -9999 -9999 -9999 -9999 -9999 -9999 230.17380903249 223.721420349633 220.499996163212 237.123813530986 242.638084463011 227.035713268957 222.583328237581 222.678573623325 222.397621104832 232.676185577842 240.666664121297 237.947616560002 -9999 -9999 -9999 -9999 -9999
-9999 -9999 -9999 -9999 -9999 -9999 -9999 -9999 -9999 -9999 -9999 -9999 -9999 -9999 -9999 -9999 -9999 -9999 -9999 -9999 -9999 -9999 -9999 -9999 -9999 -9999 -9999 -9999 -9999 -9999 -9999 -9999 -9999 -9999 -9999 -9999 -9999 -9999 -9999 225.2571372269 240.190475471969 223.342865079219 213.847618130778 215.547618802044 222.035713236953 224.242858890856 234.359512244168 246.390480051005 235.833335926207 224.533332834253 226.352378881489 217.828567522209 221.426193091293 238.430957866618 226.364280746421 223.038097376238 226.790477752578 -9999 -9999 -9999
-9999 -9999 -9999 -9999 -9999 -9999 -9999 -9999 -9999 -9999 -9999 -9999 -9999 -9999 -9999 -9999 -9999 -9999 -9999 -9999 -9999 -9999 -9999 -9999 -9999 -9999 -9999 -9999 -9999 -9999 -9999 -9999 -9999 -9999 -9999 220.242858873357 221.604766908551 208.450004544799 221.904762228862 231.104762994227 243.190471684664 226.764293722919 211.390472471704 214.066665596725 222.476192469508 227.540485370704 226.452381142489 235.304759913871 -9999 245.109523817834 236.661903412934 226.680957843164 229.316661782158 243.1428527833 230.497623495781 227.669040650307 232.857147188743 236.809524494094 238.047622664278 -9999
-9999 -9999 -9999 -9999 -9999 -9999 -9999 -9999 -9999 -9999 -9999 -9999 -9999 -9999 -9999 -9999 -9999 -9999 -9999 -9999 -9999 -9999 -9999 -9999 -9999 -9999 -9999 -9999 -9999 -9999 -9999 -9999 -9999 197.300003065217 201.207138053331 207.895240704677 227.93809503908 228.726196323534 230.449996893324 231.673816685759 243.576190945465 232.473812153272 221.223808312541 223.011913208705 230.590477001398 225.978569052644 231.609527588907 233.135719310244 240.878574328434 -9999 245.628574397968 243.064292881263 246.366657220517 243.73095705854 241.480949394723 242.583332038204 247.388107302118 246.171424886425 239.640476295262 230.357147260616
-9999 -9999 -9999 -9999 -9999 -9999 -9999 -9999 -9999 -9999 -9999 -9999 -9999 -9999 -9999 -9999 -9999 -9999 -9999 -9999 -9999 -9999 -9999 -9999 -9999 -9999 -9999 -9999 -9999 -9999 216.842853654557 199.757148730992 204.766662594167 201.083328297167 185.28571324222 198.245239180128 212.869041408331 222.085712386978 231.916664118393 233.057147909926 242.452381096845 247.971431750742 240.330959318713 241.609527572066 234.340473249382 225.904769892164 232.883331264036 240.533344260852 243.714286801464 -9999 248.390472429005 249.773815143651 -9999 243.399993895512 243.733333598845 246.766666401756 240.373809856325 234.190479324889 224.966667225618 222.04047780273
-9999 -9999 -9999 -9999 -9999 -9999 -9999 -9999 -9999 -9999 -9999 -9999 -9999 -9999 -9999 -9999 -9999 -9999 -9999 -9999 -9999 -9999 -9999 -9999 -9999 -9999 -9999 -9999 188.466663290578 214.402378000593 212.264293756632 195.890476190893 211.926197027981 207.773819017331 189.340473248916 187.91190717555 195.252380336913 203.378570539626 214.869037585851 219.628570489125 232.026191658809 247.154758417634 243.730949356988 237.685714796675 233.450000785075 231.216663363948 234.252380349703 241.590480757458 247.628566725364 247.709518422178 -9999 -9999 244.759521497024 245.264282198302 247.488098123968 245.964283068574 237.37619022305 229.619052902544 228.078571300911 227.990470797937
-9999 -9999 -9999 -9999 -9999 -9999 -9999 -9999 -9999 -9999 -9999 -9999 -9999 -9999 -9999 -9999 -9999 -9999 -9999 -9999 -9999 -9999 -9999 -9999 175.01905057667 183.404762240334 190.211902617761 197.8642844756 215.590484563317 228.338089007121 216.214290657264 203.307140373618 210.323810518002 212.919048334115 198.457141953879 195.333335829278 206.442863430238 207.826190956224 214.2095183722 227.976180989905 237.571422510405 249.338096605823 240.602382665056 238.114280682645 237.514282235221 239.964290617033 239.635707877503 239.988098096209 247.445243798455 251.695243822758 254.123809831349 247.442848193953 249.180946356301 247.657142662995 249.954761458696 245.566658062508 242.121429459643 239.352378831097 234.866668728937 240.209522148303
-9999 -9999 -9999 -9999 -9999 -9999 -9999 -9999 -9999 -9999 -9999 -9999 -9999 -9999 -9999 -9999 -9999 -9999 -9999 -9999 -9999 150.226188628022 163.990470862419 176.964290595247 171.645233179006 173.530948635875 177.209522228904 186.721427884246 200.626190152762 215.892856526567 233.140480063492 221.604755409629 221.442855841462 217.509532953501 208.197612820949 196.109523713161 215.276187824719 218.826194802563 221.995239208251 232.907142593085 239.323814409105 -9999 245.750003825405 241.685714765269 242.235717727189 242.814292941551 235.973808293521 238.376186333367 244.014282192169 251.897617304489 254.185714743167 251.769039161778 248.202377329407 246.099998471009 251.640472416817 247.185710939681 247.80237959937 245.507141135815 244.871429422296 248.142852796296
-9999 -9999 -9999 -9999 -9999 -9999 -9999 -9999 -9999 -9999 -9999 -9999 -9999 -9999 -9999 -9999 -9999 -9999 -9999 193.761905657717 184.169044534712 168.542858108449 179.304759944184 194.830947845699 186.223815952005 170.914283785738 176.333335852609 182.185714700175 196.580955456701 215.895236905416 235.023807534783 220.47618864718 221.935714734646 212.678566027036 197.902381953338 195.457153245498 217.723819657071 222.580947927457 224.399997692283 231.985713896473 243.452384924284 -9999 -9999 247.730957046163 245.628562942138 240.195240044331 241.588096593414 244.62381362224 244.535709376031 249.430953941373 254.235721608015 250.523803730135 247.397617351018 250.304759942377 252.378574402605 248.635723149084 249.092861175691 247.99999998034 248.733337387129 250.138095873134
-9999 -9999 -9999 -9999 -9999 -9999 -9999 -9999 -9999 -9999 -9999 -9999 -9999 -9999 -9999 233.492862709771 228.321426402328 220.133331308535 210.997615825968 207.976188680305 200.221427945197 200.15953061223 203.190475476883 211.076187121999 196.438102783304 184.521423360418 172.949996983209 178.173812824478 201.571430111703 227.688102669186 237.361904133747 243.985713963324 231.897617396607 211.333332085036 209.885715527531 208.071418721157 221.150001483373 232.535713199722 220.197612826473 216.457138012465 233.97380439062 249.240478455438 242.557151861369 239.604763031319 237.164291401701 238.071430180818 242.414287553866 246.647609694456 249.016662590293 251.204757658118 254.707141884531 250.959529889117 250.014278415207 253.338096604449 252.023811351233 249.654762285779 251.488098149207 250.990482341615 247.640472437267 244.680946376065
-9999 -9999 -9999 -9999 -9999 -9999 -9999 -9999 -9999 -9999 -9999 -9999 237.071426391943 234.254756930182 231.94048690845 230.297611238392 227.792858129614 225.795227053771 223.89047623101 222.726192480266 220.188098904505 224.85714337563 223.3452415739 210.02380756457 198.180942548199 187.328571347136 180.545238512344 191.783328966019 203.204761435314 222.611900290985 237.90475841721 249.530956272233 229.295234792035 223.742866469391 221.56666566202 226.316673262635 229.580963077354 236.659526860239 226.216667192269 231.390468551944 239.009521444311 251.042846664744 245.652381907019 244.390480061123 241.280952477731 240.178565968785 244.719039911664 247.997615797065 248.788085917172 253.326194745947 254.426185615761 253.654758449295 253.69999695502 253.609527587112 251.683334342608 251.478565207233 250.63095094659 248.235713963918 246.450000776185 243.792854343869
-9999 -9999 -9999 -9999 -9999 -9999 -9999 -9999 -9999 235.504760745228 233.523803709046 235.671428684875 233.114288335784 233.542850488249 233.590476995943 228.107143419469 221.750003825929 218.373813637912 216.176189429397 216.104766839741 223.478572832539 232.21904752121 228.673816706541 215.992855099649 200.461902644214 201.773815133681 205.880950944465 212.945239964166 217.059528321267 234.152378041878 245.511909458884 250.152374288769 236.319049870602 232.492855007304 232.019046808353 230.980949363834 239.23334115293 240.723808335967 240.814281427363 244.226188648575 249.154769880708 248.073806787938 242.347614301238 241.935714724886 236.983337395909 239.845249141815 247.052375756085 250.876193978135 252.371425630604 253.190475472057 250.997611996159 252.542854304679 253.221424097389 253.526180268063 252.976188663235 252.245239269166 251.466659537679 251.276195529679 251.316665647553 248.542865771461
-9999 -9999 -9999 -9999 -9999 -9999 -9999 -9999 236.328575131556 233.147621157256 232.757148750756 229.683334350576 223.28571701421 221.995231629135 220.130947129721 212.988094346331 211.735710149456 211.65952300756 215.809528344231 224.697616556598 231.266662587554 233.6357192785 235.138095882466 229.295234686028 220.428569801986 221.676189424227 228.095241518194 231.276187891274 239.230949376169 245.92618940482 250.564292897593 251.923812868445 248.226192482075 242.407142658804 238.140480040967 237.464286814297 242.719043680714 250.319053659719 251.849998467714 252.966667172348 252.169044498936 251.357147213097 251.947620392695 251.335716255271 248.814281477217 250.647617334626 251.311908711312 251.171428690268 249.104763043441 247.259521490632 245.38809966807 246.685710895746 249.795234671585 250.957153311363 251.726196293473 249.783329014804 248.259517673533 246.907146455062 248.978565199841 249.22857284665
-9999 -9999 -9999 219.411911012439 221.126186366849 -9999 -9999 231.578571321032 236.330955507095 233.378570562885 231.095233918211 227.169052121962 224.676185616801 225.326194760496 221.376190188001 222.057144161602 227.238090508088 227.671428667441 231.533325193094 231.464286794184 235.685710899528 235.549999234188 239.980953203952 236.671428704565 234.438102716913 236.023807507457 238.116668693921 243.642864214343 247.492858880214 249.838088982122 251.419048308272 251.685714721221 251.826187132873 251.673809054285 251.280948638728 251.369052883123 252.073799133002 252.247619628702 251.585704809206 249.74524308145 248.016670237395 245.504760749278 243.342853538023 247.595241529225 244.988094335455 246.133331278143 246.428573604254 246.983333587861 245.654762271548 244.750003820772 240.28808977722 240.885723089479 245.795249923309 248.44761656382 250.254760738273 249.25476457167 246.983329788517 242.992862712449 242.492866500527 242.154762247451
228.778568268436 218.280952455009 228.761913298264 226.700000762114 221.750003813269 227.209529873881 -9999 230.647624973313 235.111896513818 229.200008395376 227.045242312253 227.926197043791 230.638095852051 228.578567516338 223.597610470085 228.852382657798 231.747619622636 231.966674796955 232.819046029691 234.752384187244 237.452384945264 237.58095548692 241.054759983728 242.897613532461 243.288097367666 246.092853543058 246.914287562945 248.333335874114 249.683338162562 250.283332823929 250.354766846729 249.71190643491 249.026195530704 246.266654980751 246.402374261213 245.461902635387 238.314289120831 242.561897286972 234.007144943981 232.573806788163 226.985710187279 220.328578953735 224.254768356322 233.383331250536 239.916667962311 237.214279155779 233.907146480452 238.759525312332 231.876194029349 232.033336633647 233.273807500524 239.373809801297 242.590473160158 246.619045246965 247.190475458318 247.138092036879 246.383335119742 244.511905678376 241.561904945635 235.035717056436
-9999 232.411907195943 232.861900332774 228.285717012885 221.657146454421 219.719047548634 217.633331294856 227.285717001031 233.997615817201 230.340476979422 229.159523015287 231.89761733715 230.819046028488 224.392856601986 221.023811347293 224.535713178823 233.173812855187 234.921424860998 235.280952461181 236.526191700381 239.150001518518 238.704761491602 243.230949403841 245.669048305118 246.966674801613 247.147628784921 247.673805235972 248.026184081205 247.619049075063 246.192852024849 245.259525300262 242.371421803481 237.197620430991 230.069046044655 228.13333892 229.061901117508 225.380947118944 227.245243069133 222.70951845033 218.319049859413 217.885711648862 221.490482334853 217.990474725355 217.399997675898 225.345245358046 224.064289115977 217.764289869951 219.52143092402 220.740470887591 217.842849730181 219.352382616659 226.583339673601 237.178573575605 242.121437050621 241.442855853294 241.61429594514 241.890480037084 239.335723904924 227.359527679008 216.728569053373
-9999 -9999 -9999 235.233329774887 232.652378083287 226.116668705686 218.028568268588 215.828575124363 229.516674030051 235.857139591809 232.878570559402 231.592853547096 227.688087472963 223.29523849296 218.252384192675 222.647621139034 231.052383413193 234.919044493483 236.028568268831 237.850002277737 241.833332058375 243.961910243463 245.216659544201 244.79522705544 241.021434794208 234.35238267587 230.97857665315 236.257144930233 237.247619661406 232.152374282281 230.299999230571 233.340469351675 234.216659555976 229.797618886098 229.761905656364 230.699993142582 228.252384195815 225.94524765857 222.576183332955 220.59523773057 220.490482318614 224.580955487033 227.995235437936 228.449989320309 228.819042208722 228.235713938511 226.471431740886 220.816680935968 217.773811340814 210.807144230877 207.221427862983 220.302387167927 225.223815952148 230.754760697877 235.471435540139 233.919048304584 238.209514594287 231.957145743515 224.759525239972 225.842864974648
-9999 -9999 -9999 238.430946353476 230.976196291323 231.102386477614 226.63571930724 225.897621150158 229.609527582835 235.388080596207 228.207149513817 226.352386477434 225.771427149767 222.059516914831 221.283336632983 223.740474706212 228.976188652018 234.607151021265 239.190479271872 241.311901089179 242.785717008672 243.364288331817 237.319046046115 227.55476380943 220.58095169789 221.433330532693 226.669048298365 231.954769112942 235.871429448489 233.859516145382 235.033336643786 234.37857436965 235.100002286515 235.500003816221 235.969055166404 235.635711673248 234.307144168925 234.035713194951 232.897628789398 231.897621166675 228.004756946862 225.040477760876 226.159522978912 231.878574340525 233.728576668735 231.838092815041 228.369056711511 226.383331322536 223.530952473409 222.642856618603 211.957145738029 210.671421065733 210.254756902239 217.069045965394 222.933334320755 231.464286726843 239.766666370123 243.002372737047 242.723808281874 243.433334352211
-9999 -9999 -9999 -9999 -9999 -9999 230.035720829524 225.611904142252 231.900001518875 235.283329013267 228.230957035349 226.297618858739 225.73333359033 224.866668694934 225.023803705557 228.214279168802 231.478569024386 235.914283741846 239.659530636806 241.152385709117 242.119045256488 238.450000788017 229.697616575082 229.554752340942 231.633335114416 232.245243063582 233.361907955996 235.140480042829 236.176189429139 236.652378079807 237.830951685987 238.666667936456 238.840476989834 238.23571396334 238.721424100117 240.230960843204 241.488098147285 241.061908727242 239.523807529205 238.616668712341 236.583332075796 233.411911014703 234.233329780446 236.700000740789 235.180953986937 235.826198589338 232.514282247953 222.421432541022 221.578571272179 228.245235426687 228.40476989204 229.507133499943 225.10476309 224.949996883011 230.130947159762 231.533332748307 242.747615791296 246.164287555166 246.895236966121 247.445240017776
-9999 -9999 -9999 -9999 -9999 -9999 -9999 226.785709373429 234.261898036829 232.407142647013 226.861904147612 228.166664118306 227.671424860289 228.457138060886 229.545230864016 231.914291377413 235.304759974329 238.269046778945 239.76666641047 240.38809967298 234.361911782214 231.173812862048 232.730953203851 235.326194758933 235.364284514201 235.885711666815 236.473808283587 237.049999233686 238.830951688731 239.664287564698 240.473812099861 240.430946351902 240.635719296628 241.071434018622 241.642860412034 242.561897272539 242.814289091623 241.690471656263 241.123813636572 239.330955503181 237.828567510259 237.830955510165 238.219047543142 239.716663353595 240.342857361973 239.635715492769 236.850002297655 232.197620430931 219.885719321366 227.923805177411 234.483337403033 237.583339683624 235.878574361744 237.719047542205 238.830947862747 241.673812856271 244.500003793429 246.433334341489 248.033329015435 248.152378064746
-9999 -9999 -9999 -9999 -9999 -9999 -9999 -9999 -9999 -9999 235.004768371142 233.945236206483 233.716663360379 233.485717773339 233.552383423379 234.19761276007 236.002384182776 238.099998470335 239.350002287524 239.485713959627 237.369049080484 236.714290616863 237.202381133808 237.340469359732 237.619045256632 238.185710906519 239.054756161779 240.11666488655 241.014297485455 240.950000762376 241.592849728312 242.30000305067 242.471431731646 242.492858886993 241.904766087281 239.673812876314 236.547618872205 239.869041444201 240.307140334906 241.838096620735 241.140476229126 240.664283755196 240.445240020172 240.557147978629 240.685707093175 240.828571315113 240.830959322985 238.207138103369 226.599998509481 233.430957740319 240.149997689187 241.419048312602 241.923812859336 242.719039916602 243.588096615926 244.86429213665 247.309524524008 249.019042960594 249.650005341799 249.961898801871
-9999 -9999 -9999 -9999 -9999 -9999 -9999 -9999 -9999 -9999 -9999 234.504756927553 234.385707855657 234.119052887184 234.292858122975 235.147624967088 236.804763791936 237.738098144276 238.038093565784 238.664283750651 238.828578951956 237.954772950372 237.616668701397 236.278564459341 234.423805237928 235.014286034719 239.323814384813 240.457134249326 238.759521489012 236.680950168119 236.002384184652 237.171421047932 237.009525304152 237.871433253974 238.378566741849 240.152385707539 239.799995428734 235.235713978548 235.514293657774 239.571430208094 239.750003811346 239.702377320052 239.335716248833 237.030952468286 236.995235462134 234.973812105463 234.411903371241 232.464286822116 227.390472436271 237.028572007364 243.671428674451 244.247615810276 244.957149504566 245.185710902314 246.161899562687 246.63095855284 247.807140343509 249.145248408223 249.819049831375 250.342864987097
-9999 -9999 -9999 -9999 -9999 -9999 -9999 -9999 -9999 -9999 -9999 233.492858885391 234.080955505098 234.414283751754 234.871429442436 235.433334349403 235.919052123064 236.347629546483 236.885719297971 237.830955504006 238.138092041761 237.604766847892 235.238090523073 235.504760734238 237.480949398824 238.923805230509 240.185707092912 238.592845921074 239.219051356262 240.852378843122 240.966659546452 240.788093564001 241.464282987994 240.671421063512 237.247619638318 234.930953995858 233.199996952491 -9999 234.928565980966 234.533332822267 233.995235456004 232.171432508931 230.985710120163 231.897613535242 229.085704824835 226.959522269366 222.699989320117 227.083332010504 236.528575872697 241.249996163024 243.419052118606 244.388092035912 245.654769891495 246.519042964858 247.32142257626 247.495235440491 248.116672511399 248.911911007239 249.64285277799 250.30476760702
-9999 -9999 -9999 -9999 -9999 -9999 -9999 -9999 -9999 -9999 -9999 232.735710144534 232.840473174378 233.116668700717 233.464282988434 234.019046782686 234.4762001028 235.090473173967 235.98571014226 236.842853544441 237.416667937804 236.007144926905 237.433334345923 238.478565215445 238.738094329522 239.135719298273 239.526187896512 240.40237807795 239.330951706611 235.852375031426 235.849998470595 237.604755417074 235.480953229728 233.661907203355 233.478569034118 231.273811350822 228.052387244319 226.911899554547 227.823802954297 226.971427908859 225.273803721725 223.154754670331 219.207145672404 220.678573624812 221.426193218974 220.671424862084 224.357150987614 234.28095242088 240.807147966905 242.759521478479 243.052383415414 244.328567500482 245.32382201547 246.604766839088 247.540481565648 248.083324429295 248.473812101268 248.923801417727 249.607143398429 250.133331296231
