socal_rasters/bio07_SPHAsouth_aggfac2.asc
NCOLS 210 
NROWS 130 
XLLCORNER -119.45 
YLLCORNER 32.483333333 
CELLSIZE 0.0166666666666667 
NODATA_value -9999 
[rows 26 to 51 of 130, columns 120 to 179 of 210]
306.672485352748 307.496940595453 309.047866809848 309.960807785753 310.728591912127 311.086723324901 311.456626881081 311.38098146416 310.545433043835 311.107002235128 311.994194045178 312.03542324029 312.366325384824 313.143913268986 313.503852831017 313.92454528627 313.598785416108 313.89075472009 312.300315870339 311.505950921882 -9999 -9999 -9999 -9999 -9999 -9999 -9999 -9999 -9999 -9999 -9999 -9999 -9999 -9999 -9999 -9999 -9999 -9999 -9999 -9999 -9999 -9999 -9999 -9999 -9999 -9999 -9999 -9999 -9999 -9999 -9999 -9999 -9999 -9999 -9999 -9999 -9999 -9999 -9999 -9999
306.148590073535 307.188331589885 308.075889583217 308.918350207449 309.944145195044 310.667427053311 311.488143911865 312.070411677579 312.292724606578 312.319244391168 312.878425587905 313.370170582267 313.622909546788 313.186561595244 313.539581276709 314.531845069059 315.156112683917 313.612251311404 313.150184635596 313.412605266387 312.906600990677 -9999 -9999 -9999 -9999 -9999 -9999 -9999 -9999 -9999 -9999 -9999 -9999 -9999 -9999 -9999 -9999 -9999 -9999 -9999 -9999 -9999 -9999 -9999 -9999 -9999 -9999 -9999 -9999 -9999 -9999 -9999 -9999 -9999 -9999 -9999 -9999 -9999 -9999 -9999
305.409797661565 306.207939136384 307.211044299555 308.183311452721 309.003166194434 309.799056999456 310.628028858081 311.382812489091 312.284706106517 313.005027763876 313.436538687018 313.564804081477 313.339721682285 313.489715573737 313.664711022543 313.871688802332 314.896278404694 313.766929618908 314.712089542349 315.010169986008 314.211105364038 313.779052713707 -9999 -9999 -9999 -9999 -9999 -9999 -9999 -9999 -9999 -9999 -9999 -9999 -9999 -9999 -9999 -9999 -9999 -9999 -9999 -9999 -9999 -9999 -9999 -9999 -9999 -9999 -9999 -9999 -9999 -9999 -9999 -9999 -9999 -9999 -9999 -9999 -9999 -9999
304.498634332372 305.34831999864 306.174438464158 307.091079703479 308.019592275323 308.895545951989 309.640258781208 310.260719292129 310.9853973243 312.042724600385 312.818290698938 313.497695921337 313.709350586987 313.88888549733 313.093299880091 313.658203093697 313.683410682669 311.92598723337 314.47150417808 314.955581674508 314.199501051027 314.088813777957 315.866271951035 316.781799311139 -9999 -9999 -9999 -9999 -9999 -9999 -9999 -9999 -9999 -9999 -9999 -9999 -9999 -9999 -9999 -9999 -9999 -9999 -9999 -9999 -9999 -9999 -9999 -9999 -9999 -9999 -9999 -9999 -9999 -9999 -9999 -9999 -9999 -9999 -9999 -9999
303.586128225795 304.28058623455 305.158576954827 306.069953910589 306.90744017357 307.828071582882 308.65311430778 309.475296009736 310.30165861885 311.089157094688 311.801971426777 312.561401357676 313.167327869513 313.726707451118 314.025138856034 314.526824946372 314.303001414291 313.974975580426 314.585502614862 315.312965407 314.164413467009 314.953994748255 316.117263753569 316.625564579227 316.642997739524 315.388855029663 -9999 -9999 -9999 -9999 -9999 -9999 -9999 -9999 -9999 -9999 -9999 -9999 -9999 -9999 -9999 -9999 -9999 -9999 -9999 -9999 -9999 -9999 -9999 -9999 -9999 -9999 -9999 -9999 -9999 -9999 -9999 -9999 -9999 -9999
302.507728568141 303.268692008367 304.0774612344 304.89817809025 305.752143847776 306.639183033651 307.523483264153 308.369171131346 309.247497548014 310.044120779718 310.815956105415 311.577178946531 312.299072254167 312.967208857 313.47431945088 314.048797596968 314.361984250272 314.627983094768 314.832366933226 314.803565979133 314.184303280437 315.595886220311 316.05954742504 315.510887151885 314.70693970327 314.090370196648 312.973182682589 -9999 -9999 -9999 -9999 -9999 -9999 -9999 -9999 -9999 -9999 -9999 -9999 -9999 -9999 -9999 -9999 -9999 -9999 -9999 -9999 -9999 -9999 -9999 -9999 -9999 -9999 -9999 -9999 -9999 -9999 -9999 -9999 -9999
301.348793021483 302.148010245891 302.973594656471 303.832565298515 304.624763478605 305.49288939066 306.386764514728 307.249137870201 308.065567008359 308.964439380998 309.738510122482 310.487602224506 311.132972706434 311.83164977376 312.483459466148 313.181106555338 313.703048699562 314.320503228758 314.740524284392 314.827224737553 314.737564081635 314.72144319611 313.564369199169 313.85910034406 313.684043887816 314.424728377352 314.602470416084 314.552841181129 -9999 -9999 -9999 -9999 -9999 -9999 -9999 -9999 -9999 -9999 -9999 -9999 -9999 -9999 -9999 -9999 -9999 -9999 -9999 -9999 -9999 -9999 -9999 -9999 -9999 -9999 -9999 -9999 -9999 -9999 -9999 -9999
300.180404653354 300.946807851208 301.796707144815 302.615707387904 303.432189931463 304.33172606457 305.185554493669 306.086410512384 306.998374926044 307.749923693782 308.583694448532 309.285263051305 310.025917046588 310.734031669157 311.352317799028 312.009208671839 312.604537956511 313.173820490132 313.709815969399 314.205169674215 314.516868587449 314.309082035541 314.095893864647 313.748588561035 314.059852596041 313.500991843083 312.843215927648 313.286430346956 313.694824211282 312.652748154799 -9999 -9999 -9999 -9999 -9999 -9999 -9999 -9999 -9999 -9999 -9999 -9999 -9999 -9999 -9999 -9999 -9999 -9999 -9999 -9999 -9999 -9999 -9999 -9999 -9999 -9999 -9999 -9999 -9999 -9999
298.859397876688 299.643318169344 300.546470632795 301.411552418509 302.324119556786 303.1625518684 303.990974415421 304.930671682389 305.738586414839 306.643119801028 307.315536490846 308.03426360516 308.806243887557 309.467033378746 310.045013419882 310.761489859204 311.330528249194 311.923439019159 312.511436457588 312.972930903424 313.293502802491 313.530075069698 313.711074827553 313.750656124883 314.148551943845 313.983268742017 313.454566968299 311.869476346559 311.677894622387 309.594253575328 308.21144104076 -9999 -9999 -9999 -9999 -9999 -9999 -9999 -9999 -9999 -9999 -9999 -9999 -9999 -9999 -9999 -9999 -9999 -9999 -9999 -9999 -9999 -9999 -9999 -9999 -9999 -9999 -9999 -9999 -9999
297.564002980748 298.394348133503 299.215400685377 300.19837187639 301.02880858084 301.94938658678 302.809913624966 303.710243214419 304.59300993766 305.322372426115 306.012367236313 306.8557586558 307.423713675387 308.180381766195 308.92561339277 309.537719714886 310.123725884625 310.804870598248 311.295227044331 311.787536614288 312.095848083613 311.727142341899 311.395523080115 311.886550879413 313.314292901069 313.600028989461 313.71498871113 313.60187530752 313.032066359011 312.055633560536 310.072662398063 308.333236703321 307.080322279752 -9999 -9999 -9999 -9999 -9999 -9999 -9999 -9999 -9999 -9999 -9999 -9999 -9999 -9999 -9999 -9999 -9999 -9999 -9999 -9999 -9999 -9999 -9999 -9999 -9999 -9999 -9999
295.586685169905 296.571014393804 297.774612419546 298.825843800761 299.788803089242 300.713325488402 301.363494860901 302.353401177442 303.00428008193 303.651687611175 304.338233941449 305.120925895224 305.906684860154 306.716773977249 307.579566948187 308.194869987744 308.719604483334 309.346488947911 309.839584346274 310.155868523339 310.580856316718 310.950073232609 311.44191741531 312.163314813312 312.571197505366 312.701133730833 312.331512458488 312.262100230409 311.285743729902 311.009681697596 311.655380243797 311.28015138227 310.248291010104 311.53851318483 310.700904854694 -9999 -9999 -9999 -9999 -9999 -9999 -9999 -9999 -9999 -9999 -9999 -9999 -9999 -9999 -9999 -9999 -9999 -9999 -9999 -9999 -9999 -9999 -9999 -9999 -9999
294.14862821937 295.587303150331 296.180923458242 297.40794371046 298.382415758645 299.389816276063 300.08715056386 300.967033378757 301.429275512566 301.280822731922 302.828582752957 303.308128355154 303.783485408328 304.804519638879 306.070976239533 306.82553862996 307.275131222552 307.683830251118 308.201477041801 308.842124927332 309.648429857818 310.455894462822 310.814361568014 311.245025627834 311.67628478394 311.943603516722 311.596817015008 312.021438605176 311.367424021161 311.663421625461 311.816680904102 312.162994385282 312.166770920703 313.220931997508 313.104194655842 312.366615309058 310.858291650907 -9999 -9999 -9999 -9999 -9999 -9999 -9999 -9999 -9999 -9999 -9999 -9999 -9999 -9999 -9999 -9999 -9999 -9999 -9999 -9999 -9999 -9999 -9999
293.25660704365 294.249984726138 295.012634265848 296.130096421628 297.109291066737 298.007163988415 298.673439018628 299.422271718117 300.06767272291 300.730911247589 301.004592893191 301.924232473096 302.511047355254 303.029098512909 304.128189067147 305.365249620592 306.261482228894 306.802429196092 307.344970698916 308.046043388032 308.64833067632 309.301567071267 309.805610651578 310.310173027997 310.743667593947 311.212989802941 311.303680422602 311.351211537781 311.491264348621 311.852485651636 312.042144778157 312.010307316966 312.942825297931 312.946922284442 313.929855328861 314.077423096531 314.075469958829 314.42406461149 314.573341385901 -9999 -9999 -9999 -9999 -9999 -9999 -9999 -9999 -9999 -9999 -9999 -9999 -9999 -9999 -9999 -9999 -9999 -9999 -9999 -9999 -9999
291.595985401101 292.815872174516 293.797943105266 294.613395681907 295.419837935169 296.465003956141 297.257820119925 297.718849179232 297.947853089359 298.273147570973 299.173149100369 299.254722596011 300.196212739415 301.554595938358 301.879585257202 303.099540694887 304.357101424822 305.602066024765 306.355606072482 306.838951106536 307.380439747535 308.029830923021 308.715476983671 309.351448051885 309.901824944023 310.202072142015 310.323387145352 310.11558531977 311.192848195007 311.826759329895 311.931663509679 312.179122910226 312.912071219282 313.70207214365 314.334953275435 315.36792754606 315.958274832754 315.777519219714 315.147186272565 316.838851891147 317.009704587603 -9999 -9999 -9999 -9999 -9999 -9999 -9999 -9999 -9999 -9999 -9999 -9999 -9999 -9999 -9999 -9999 -9999 -9999 -9999
290.34300230683 291.320396408641 292.372283928103 293.043289172717 294.018859852042 294.855957019614 295.754272450627 296.427917472551 296.862358100048 296.028747557356 297.505454986349 298.899368277449 299.474555956209 299.930755621832 300.382034287191 301.321037283418 302.568908673041 303.77542875955 304.683227522472 305.634902944324 306.494529713594 307.226158131963 307.865249626406 308.447280874886 309.08629607465 309.489219663853 309.862953183661 310.48583983745 311.086395257443 311.55039977493 311.92087555308 311.940734858917 312.767265298072 313.857749923876 314.533668510996 315.502319332745 315.949501020404 317.011047361549 316.994224540649 317.556289682617 317.325920111407 317.467491140171 318.295417782158 -9999 -9999 -9999 -9999 -9999 -9999 -9999 -9999 -9999 -9999 -9999 -9999 -9999 -9999 -9999 -9999 -9999
288.766220080435 289.649597156462 290.671043381048 291.562278736559 292.443824758708 293.30113982146 294.191101061678 294.956367485643 295.460922233466 295.511665350964 295.872650123058 297.5864715416 298.588615407905 299.128822322174 299.599662770805 300.750953655857 301.846672044795 302.679458609334 303.277610770752 303.912330617128 304.811927784346 305.647575368141 306.554748518297 307.397483819376 307.91838835533 308.474357598008 309.26512908125 309.790489183504 310.443168628512 311.051887499396 311.623931879786 311.980834959346 312.458366383404 313.47812650984 314.247375490371 315.409080494437 316.341934192355 317.138885492348 317.314376819374 317.532775886836 318.158523559338 319.327415454727 319.703849774725 321.045143103434 320.75134275477 322.805885286483 -9999 -9999 -9999 -9999 -9999 -9999 -9999 -9999 -9999 -9999 -9999 -9999 -9999 -9999
287.293365466027 288.178123462213 289.043945307324 289.957839953892 290.765144337947 291.407394395513 292.282310477967 293.196739190624 293.829002368607 294.764541616644 295.524520866451 296.472976671257 297.431068409224 298.277099597805 299.089393600099 300.003356918666 300.847343431724 301.792510974712 302.667167656113 303.4210204962 304.110969533003 304.851074209476 305.383857713538 306.151969898121 306.933670032429 307.593032830987 308.272621144141 308.993629446984 309.648803702014 310.345436082436 311.11221312227 311.813522330954 312.235221857025 313.220298749259 314.261711107832 315.395324690049 316.428344710012 317.203819266092 317.628982542107 318.325401289186 319.357475270365 320.082443233559 321.129035931418 321.925941440516 323.01615141351 323.849746691208 323.555442816717 -9999 -9999 -9999 -9999 -9999 -9999 -9999 -9999 -9999 -9999 -9999 -9999 -9999
285.715026844795 286.627662649276 287.423980701419 288.253646840733 289.00072478401 289.717308035048 290.420440665442 291.220207202816 292.380615223492 293.301383960191 294.246528617388 295.215759263143 296.16594694584 297.125396715683 297.972389211268 298.913803088446 299.78504942223 300.835876451185 301.744575488328 302.703704821827 303.498718258001 304.172180165962 304.859558098405 305.59626768732 305.982048033246 306.630836478756 307.263885490053 307.845153797455 308.660293572064 309.466575611522 310.299850455755 311.217346177577 312.047775254342 312.962722764974 313.883728013187 314.839477524085 315.901557902284 316.791519147097 317.530876155995 318.312683094057 319.387001015721 320.425437907987 321.292381268684 322.173690780635 322.998062120784 323.887054434445 324.640762317968 325.137924190549 325.735824567007 326.16208648002 -9999 -9999 -9999 -9999 -9999 -9999 -9999 -9999 -9999 -9999
284.038032521232 284.950408924975 285.810768114469 286.633117667448 287.411705008642 287.987739558224 288.833801257522 289.690772999932 290.601211537145 291.81479643419 292.852691641049 293.864593493276 294.79303740338 295.780632006763 296.791343676298 297.796325672758 298.702415452495 299.395042418729 299.945358259125 301.59587096392 302.574928268309 303.489349356022 304.124549860439 304.787399284045 305.13471984863 305.809089650843 306.11024475562 306.752143841738 307.534744254299 308.472419725146 309.322486871245 310.256462083207 311.310203537904 312.241035445861 312.834754941369 313.705818154812 314.397171014828 315.601829516341 316.912811260817 317.973075852572 318.947051990043 319.806304914486 320.729545577888 321.131179808486 321.975654601521 322.870178182058 324.186393727483 324.995811452597 325.620033255321 326.266319264266 327.206245407116 -9999 -9999 -9999 -9999 -9999 -9999 -9999 -9999 -9999
282.269111624271 283.095962512679 284.092292776511 284.722045891616 285.570671067907 286.359680166846 287.190795885886 288.04389189554 288.997673020276 290.140251140976 291.299903857611 292.426330553282 293.469207751235 294.471115098023 295.453155505831 296.243560782586 297.092086780605 297.591270440644 298.91217039047 300.483093248075 301.369613625859 -9999 303.271522509524 303.968048088764 304.063034047991 305.049072252488 305.582962033826 306.164428699499 306.757659895058 307.612808217849 308.53713225972 309.045059189177 310.008140551984 310.340858458429 309.736152651378 310.401359532282 311.50798796131 312.64908597521 314.239044149676 315.999450672836 315.423309315905 317.84645840811 317.690452616946 317.434051544156 317.720222422266 321.299095100029 323.099418632468 323.428436263926 323.522026068257 325.49460598331 326.639183030041 327.390861500649 -9999 -9999 -9999 -9999 -9999 -9999 -9999 -9999
280.307991015673 281.185501089377 282.125343311441 283.170112602192 283.912315358574 284.594520560436 285.444992051815 286.482208240015 287.464561448621 288.584617601166 289.766502366744 290.979362474482 291.972854600551 293.039520249203 293.864746092823 294.226798993006 295.789619428272 -9999 297.79485320116 298.936622598195 300.220718368055 301.149429316221 -9999 -9999 303.573989865859 304.279212932008 304.874801633676 305.267623888564 305.878997793631 307.073364241449 307.922264091408 308.297340390397 308.277236939254 307.82640076487 307.752143848277 307.983184809287 308.869644149726 310.247413602788 311.738052352482 312.613136287163 312.515678412462 312.524375897285 313.746528647147 311.853713990211 314.510368307414 317.452354356066 320.579818725095 318.657173117526 320.241729670797 323.719352702128 323.611587516458 326.125785784188 -9999 -9999 -9999 -9999 -9999 -9999 -9999 -9999
278.684150675188 279.397155750958 280.159606925107 281.219863874652 282.391838063807 283.296676624406 284.176902759955 284.967903127166 285.97764585899 287.044342029906 288.202224714064 289.423416120961 290.575119002845 291.714164718131 292.690223680986 -9999 -9999 -9999 296.243217441784 297.927688585764 298.875663740638 300.008277879851 301.053703294914 301.968780504029 302.91743468478 303.635078425038 304.064186099551 304.568740826128 305.477180466024 306.232551569198 306.913551317775 307.506050114898 307.153038020127 307.418998720297 307.211196897807 307.544075005637 307.996376034536 308.461082443091 309.745498637964 310.821220391314 311.009819036473 309.125732467836 307.533393885405 307.554405174898 311.753189021484 315.287033046047 316.491828899253 314.574867303803 315.493415771957 318.133369405795 319.473480154719 322.492408690673 325.86792753213 -9999 -9999 -9999 -9999 -9999 -9999 -9999
-9999 -9999 278.694770797633 279.75667570712 280.751762378326 281.594017017282 282.561645495889 283.504280075577 284.585891708812 285.57044218871 286.625122055923 287.882362351166 289.054382306865 290.23059080545 291.286468490599 292.371726976676 -9999 293.835952750212 295.492782575545 296.591835007009 297.647010786347 298.622230516381 299.660018907912 300.724281296519 301.778968797343 302.695137011865 303.508140554766 303.860504159787 303.537818912228 303.683113099409 303.982261640664 305.456809980955 305.549797064415 305.682853691829 306.191810590993 307.233970641324 307.052352905496 306.418556210304 307.23987577364 308.195068345225 308.219963085893 306.429046692128 304.12243654887 304.543189970631 307.470016378066 308.638801632594 310.906837416834 311.360000658675 310.56275932038 315.658096235013 320.131896927332 321.841491692105 323.90842430876 -9999 -9999 -9999 -9999 -9999 -9999 -9999
274.853462207519 275.878562916442 276.901908861302 277.830245961085 278.741798387513 279.800521836807 280.784606926301 281.800811754013 282.898803699421 284.0210800013 285.102981554735 286.252098067548 287.557304364857 288.667060838439 289.738998396885 290.847282398979 291.705764758716 293.049842816693 294.171966540217 295.200317368791 296.191696151453 297.045715318819 297.390586853841 298.454475366208 300.344154342849 301.494949326991 302.506538376941 303.3356780909 303.73937225881 303.067817706623 302.449714661084 303.170959461681 304.046012877089 305.203598007875 306.029617292088 305.945617686751 306.580398543008 307.005531308689 306.628303530801 305.734611533937 304.48893740223 303.212829605622 304.113632171177 304.377197280977 303.332298253106 302.522941644728 303.157318121088 305.988189679897 307.878288154529 313.029189990473 315.008315993699 316.837280228816 321.351928628059 325.502441353766 -9999 -9999 -9999 -9999 -9999 -9999
272.984207143381 273.783294666736 274.687843313692 275.475982654885 276.597381580947 277.773056022453 278.716949450564 279.68580626447 280.800682045985 282.146919230959 283.438384995131 284.517639142965 286.062789898658 287.248451217438 288.390998825361 289.386520372626 290.496902452703 291.771255477801 292.730545034243 293.645835864523 294.566734300523 295.471435540024 296.030937184946 296.623443592924 298.827133150453 300.191589337881 301.180702195119 302.172706586495 303.217445362147 304.036537161146 304.237274178817 303.862693777138 304.720130903118 305.874008160623 306.288787850715 305.521842975851 306.344711272068 307.279029851872 306.867820749068 305.754097015707 304.802368168539 304.648468016938 305.464035032346 304.749221841972 302.118515051208 299.660423310453 299.524742074874 301.859367348531 303.528732261641 308.453758157406 313.181228567086 316.265418969594 319.106521547013 324.52616876453 -9999 -9999 -9999 -9999 -9999 -9999
271.185325614062 271.951744073029 272.737976063281 273.800697314312 274.846702563267 275.982734666669 277.022659288875 277.994682297335 279.362663250447 280.683364852659 282.134948715619 283.174179061177 284.486350992105 285.806808455618 287.04941557375 288.100646960286 289.015670771629 290.242835985957 291.011215205712 291.52104948888 292.486244188776 293.742042520938 294.880928031023 295.545356734216 297.48489377392 298.808784479246 299.987632739319 301.028610214616 301.950500475903 302.932022078353 303.873390188005 304.510482783808 304.986328118361 305.965400680068 306.440734864882 306.676803583426 307.009506217706 307.003295912999 305.986938490503 305.374885574132 305.281646707911 305.650207528899 305.037918109254 303.116363566381 300.858009364455 299.440429692404 300.718612637367 302.595413180806 304.242591833592 308.131782456702 312.486335686019 315.104515021536 318.836524884573 322.918243334741 325.821281415504 -9999 -9999 -9999 -9999 -9999
