socal_rasters/bio02_SPHAsouth_aggfac2.asc
NCOLS 210 
NROWS 130 
XLLCORNER -119.45 
YLLCORNER 32.483333333 
CELLSIZE 0.0166666666666667 
NODATA_value -9999 
[rows 0 to 25 of 130, columns 0 to 59 of 210]
-9999.000000000000000 -9999 -9999 -9999 -9999 -9999 -9999 -9999 -9999 -9999 -9999 -9999 -9999 -9999 -9999 -9999 -9999 -9999 -9999 -9999 -9999 -9999 -9999 -9999 -9999 -9999 -9999 -9999 -9999 -9999 -9999 -9999 -9999 -9999 -9999 -9999 -9999 -9999 -9999 -9999 -9999 -9999 -9999 -9999 -9999 -9999 -9999 -9999 -9999 123.45249748136 -9999 -9999 -9999 -9999 -9999 -9999 -9999 -9999 -9999 -9999
-9999 -9999 -9999 -9999 -9999 -9999 -9999 -9999 -9999 -9999 -9999 -9999 -9999 -9999 -9999 -9999 -9999 -9999 -9999 -9999 -9999 -9999 -9999 -9999 -9999 -9999 -9999 -9999 -9999 -9999 -9999 -9999 -9999 -9999 -9999 -9999 -9999 -9999 -9999 -9999 -9999 -9999 -9999 -9999 -9999 -9999 122.436506270393 122.653476714111 122.867460249871 123.078304289783 123.285867690047 123.489994048077 -9999 -9999 -9999 -9999 -9999 -9999 -9999 -9999
-9999 -9999 -9999 -9999 -9999 -9999 -9999 -9999 -9999 -9999 -9999 -9999 -9999 -9999 -9999 -9999 -9999 -9999 -9999 -9999 -9999 -9999 -9999 -9999 -9999 -9999 -9999 -9999 -9999 -9999 -9999 -9999 -9999 -9999 -9999 -9999 -9999 -9999 -9999 -9999 -9999 -9999 -9999 121.311639784779 121.548109053566 121.781930922452 122.012939452106 122.240982054637 122.465902327457 122.687541960631 122.905744551569 123.120344160941 123.331188200857 123.538124083426 123.697927474827 -9999 -9999 -9999 -9999 -9999
-9999 -9999 -9999 -9999 -9999 -9999 -9999 -9999 -9999 -9999 -9999 -9999 -9999 -9999 -9999 -9999 -9999 -9999 -9999 -9999 -9999 -9999 -9999 -9999 -9999 -9999 -9999 -9999 -9999 -9999 -9999 -9999 -9999 -9999 -9999 -9999 -9999 -9999 -9999 119.750766752161 120.075590132675 120.33109855551 120.584354399612 120.835182188905 121.08342742815 121.328908919228 121.571466444853 121.810924528951 122.047122954236 122.279882429939 122.509048460818 122.734437941406 122.955898283812 123.173252104613 123.386325835084 123.594961165288 123.798988341197 -9999 -9999 -9999
-9999 -9999 -9999 -9999 -9999 -9999 -9999 -9999 -9999 -9999 -9999 -9999 -9999 -9999 -9999 -9999 -9999 -9999 -9999 -9999 -9999 -9999 -9999 -9999 -9999 -9999 -9999 -9999 -9999 -9999 -9999 -9999 -9999 -9999 -9999 118.022834776881 118.376787183666 118.726898192376 119.000736235569 119.2727794637 119.542850493345 119.810764311687 120.076343535304 120.339408873425 120.599779127928 120.857280730089 121.111732481788 121.362956999601 -9999 121.854997633743 122.095455168528 122.331966398994 122.564352034368 122.792427061835 123.016025542062 123.234956740186 123.44904899483 123.65812873727 123.862154005832 -9999
-9999 -9999 -9999 -9999 -9999 -9999 -9999 -9999 -9999 -9999 -9999 -9999 -9999 -9999 -9999 -9999 -9999 -9999 -9999 -9999 -9999 -9999 -9999 -9999 -9999 -9999 -9999 -9999 -9999 -9999 -9999 -9999 -9999 116.890394208825 117.265098570816 117.556274413078 117.846189497893 118.134632109566 118.421428679369 118.706377028348 118.989294051034 119.269983290518 119.548265456029 119.823932646566 120.096807478705 120.366693495539 120.633403776899 120.896739958531 121.156518934963 -9999 121.664642332779 121.912601469739 122.208652496179 122.395360945446 122.629779814467 122.859304426898 123.083747862573 123.302923201326 123.516788481486 123.725442885182
-9999 -9999 -9999 -9999 -9999 -9999 -9999 -9999 -9999 -9999 -9999 -9999 -9999 -9999 -9999 -9999 -9999 -9999 -9999 -9999 -9999 -9999 -9999 -9999 -9999 -9999 -9999 -9999 -9999 -9999 115.292640684085 115.690868376761 115.998092650415 116.304632185911 116.610301970431 116.914892195625 117.218194960494 117.520017622824 117.820148466918 118.118392943215 118.414539336018 118.708389281067 118.999744414106 119.288396834134 119.574146269544 119.85677909729 120.136112211903 120.411930082986 120.684034346283 -9999 121.273817062225 121.531318662197 -9999 121.981725691482 122.227283476519 122.467704771689 122.702793120085 122.932352064795 123.156335829453 123.374835966792
-9999 -9999 -9999 -9999 -9999 -9999 -9999 -9999 -9999 -9999 -9999 -9999 -9999 -9999 -9999 -9999 -9999 -9999 -9999 -9999 -9999 -9999 -9999 -9999 -9999 -9999 -9999 -9999 114.006212233622 114.32782363801 114.649438857096 114.970836638438 115.291801451642 115.612123488357 115.93158340349 116.249965666648 116.567056654781 116.882637022799 117.196496962351 117.508419035693 117.818193434476 118.125587462166 118.430408476552 118.732419966403 119.031421660113 119.327192305241 119.619522093437 119.908185957562 120.192974089267 120.473670958156 -9999 -9999 121.289064406022 121.551240919694 121.808250425923 122.059875486963 122.305904387116 122.546129225382 122.780496595997 123.009115217834
-9999 -9999 -9999 -9999 -9999 -9999 -9999 -9999 -9999 -9999 -9999 -9999 -9999 -9999 -9999 -9999 -9999 -9999 -9999 -9999 -9999 -9999 -9999 -9999 111.774082182054 112.214586257123 112.54856872474 112.883310317114 113.21857833771 113.554151534089 113.889793395019 114.225276946013 114.560371397887 114.894857405548 115.228502272463 115.561071394749 115.892345427315 116.22208785893 116.550073622455 116.876071928706 117.199857710545 117.521200178786 117.839878080988 118.155647276527 118.468292235007 118.777578352546 119.083276747309 119.385164259504 119.683008192601 119.976583479458 120.327749252134 120.549997328326 120.82938384871 121.103584288164 121.372367857503 121.635509489588 121.892782209932 122.143964766094 122.389005659659 122.628009794802
-9999 -9999 -9999 -9999 -9999 -9999 -9999 -9999 -9999 -9999 -9999 -9999 -9999 -9999 -9999 -9999 -9999 -9999 -9999 -9999 -9999 109.862867353692 110.321168898799 110.665082930745 111.010601042891 111.357481001961 111.705482482028 112.054357527769 112.403873442652 112.753774641958 113.103822707111 113.453783034226 113.803400038589 114.152446745711 114.500667570876 114.847826002854 115.193683623065 115.537984846793 115.880498884853 116.220985411318 116.559185026773 -9999 117.227802275266 117.557727812357 117.884403227379 118.207595823799 118.527057646296 118.842544554243 119.153816221713 119.46063232278 119.762746809468 120.059917448503 120.351907728652 120.638467787247 120.91935539101 121.19433402871 121.463155745027 121.725589750774 121.981584547538 122.23124885419
-9999 -9999 -9999 -9999 -9999 -9999 -9999 -9999 -9999 -9999 -9999 -9999 -9999 -9999 -9999 -9999 -9999 -9999 -9999 108.333740233724 108.68468284538 109.038177489507 109.393957137295 109.751770018727 110.111352919689 110.472452162816 110.834808348691 111.198169707297 111.56227493187 111.926874159739 112.291702269446 112.65650558362 113.021022795501 113.385009764462 113.748197554348 114.110326765743 114.471151350674 114.830402372985 115.187837599398 115.543190001106 115.896202086042 -9999 -9999 116.938648222453 117.279743193138 117.617214201423 117.950809477288 118.280263899273 118.605325697358 118.925739286827 119.241245268267 119.551589964308 119.856508253491 120.155759809888 120.449066160599 120.736183165 121.016857145721 121.290826796 121.558052061515 121.818639753787
-9999 -9999 -9999 -9999 -9999 -9999 -9999 -9999 -9999 -9999 -9999 -9999 -9999 -9999 -9999 105.7791519152 106.263080596368 106.617649077774 106.975803374608 107.337270736018 107.701774596452 108.069044112403 108.43881606976 108.810804366228 109.184747695046 109.560369490661 109.937397002218 110.315565108258 110.69459724323 111.074216841581 111.454158781852 111.834144591143 112.213911055341 112.593181608895 112.971677778906 113.34913825861 113.725280760411 114.099845884893 114.472555159156 114.843133924998 115.211309431565 115.492233276265 115.939382551636 116.298730848734 116.654588697836 117.006687162786 117.35474967803 117.698513029457 118.037702558865 118.372041700702 118.701259611463 119.025087354989 119.34324836573 119.655481336922 119.961496351574 120.261041639666 120.553827284206 120.839601515174 121.118305204762 121.390056608583
-9999 -9999 -9999 -9999 -9999 -9999 -9999 -9999 -9999 -9999 -9999 -9999 103.632072447643 104.122528075719 104.47677993725 104.835758208694 105.199172973057 105.566738128045 105.938167571363 106.313171386018 106.691463469716 107.072755812813 107.456762313016 107.843189238633 108.231760024113 108.62217903042 109.014162062605 109.407415388981 109.801658629297 110.19660568126 110.591964720529 110.98744583011 111.382759093013 111.777629851033 112.171760557786 112.564865110975 112.956657408306 113.346853254832 113.735158918865 114.121290205458 114.504959104967 114.885869978355 115.263751982116 115.638301847817 116.009241102558 116.376279829347 116.739131925889 117.097507475192 117.451118467613 117.799680708204 118.142902372626 118.480497358584 118.812181471131 119.137664793276 119.456659315374 119.768877027783 120.074029920859 120.371847151096 120.66226005394 120.945398329101
-9999 -9999 -9999 -9999 -9999 -9999 -9999 -9999 -9999 101.582365035699 101.927446365008 102.277420043558 102.632873534728 102.993955611713 103.360408782448 103.731927871151 104.10820770204 104.48893737729 104.873825072559 105.262561797368 105.654840468589 106.050365447183 106.448827742671 106.849920271924 107.25335311795 107.658811568224 108.065986632268 108.47458839309 108.88430976756 109.294845579897 109.705886839623 110.117134093002 110.528285978949 110.939033506988 111.34908103808 111.758123396443 112.165851591599 112.571960447768 112.976152418562 113.378122328201 113.777561186205 114.17418289028 114.56766128381 114.957710264501 115.344015119827 115.726274488705 116.104187010051 116.477449415433 116.845758436417 117.208808897223 117.56629562207 117.917919157222 118.263370512201 118.602348325922 118.934558866698 119.259679792608 119.577415464615 119.887491224515 120.189813612224 120.484533308283
-9999 -9999 -9999 -9999 -9999 -9999 -9999 -9999 100.030820846275 100.382040023483 100.737922668098 101.099082946378 101.466098784959 101.839136123173 102.217908858725 102.602088927651 102.991363524774 103.385410308176 103.783908843287 104.186544417582 104.592988967097 105.002927779307 105.416036604945 105.831996916789 106.250490187617 106.67119598286 107.093793867947 107.517965315657 107.943387984071 108.369745253315 108.796707152077 109.223966597226 109.65119361745 110.078071592874 110.504285810976 110.929502485744 111.353418348745 111.775705336016 112.196044920334 112.614105223038 113.029586790391 113.442157743733 113.851495741144 114.257289884797 114.659206388682 115.056940077018 115.450162885838 115.838554380575 116.221797941353 116.599571226256 116.97155570806 117.337430952196 117.696878431443 118.049570081835 118.395196912894 118.733430860655 119.063957212594 119.38647079293 119.700885770971 120.007358549307
-9999 -9999 -9999 97.0406379698553 97.3863201139867 -9999 -9999 98.437585830434 98.7948093411387 99.1564769741567 99.5232048030961 99.8956012721704 100.274259566805 100.659328460193 101.050506591251 101.447462081318 101.849843978244 102.25733184746 102.669570922119 103.086240767653 103.506998061306 103.931499480326 104.359416960747 104.790409087164 105.224140166219 105.660276411899 106.098484038195 106.538415907656 106.979730604876 107.422103880589 107.865194319388 108.308670042611 108.752185820157 109.195405958666 109.638002394173 110.079624174531 110.519943235773 110.958627699238 111.395334242173 111.829715727126 112.261451719528 112.690195081926 113.115615843007 113.537374494716 113.955131528996 114.368555067184 114.777299879178 115.181037901013 115.579423902587 115.972127912587 116.358808515607 116.739137647682 117.112764356665 117.479362485939 117.838590620099 118.190114973134 118.533590314942 118.868707655044 119.195375440704 119.513759611252
94.6800231933431 95.0308036803701 95.3820762633442 95.7344627379195 96.0885829924015 96.4450721738847 -9999 97.1675987241042 97.534887313543 97.9070186611593 98.284614562607 98.6682949061915 99.0586490626405 99.455804824313 99.8594646448227 100.269262313232 100.684843062696 101.105855941065 101.531944274146 101.962760924487 102.3979415885 102.837137221385 103.279996870994 103.726160048434 104.175275801559 104.626987456173 105.080945967477 105.536792753928 105.994174956029 106.452733992237 106.912122725102 107.371990202475 107.831974028114 108.291715620479 108.750873564163 109.209089277624 109.666004179319 110.121263502402 110.574520109422 111.025413511488 111.473598478498 111.91871261421 112.360399244431 112.798309324362 113.232091901853 113.661384580665 114.085840223347 114.505104063053 114.918815610891 115.326627729411 115.728179929721 116.123123167021 116.511106489163 116.891757963163 117.26474571036 117.629707334514 117.986284254081 118.334146497749 118.673202512779 119.003616331155
-9999 93.856235504196 94.0455074309443 94.4058742521984 94.7684001921043 95.1336917875269 95.502378463515 95.8750782010253 96.2524127957119 96.6350116726237 97.0234870906715 97.4184703822526 97.8205375666541 98.2298316950242 98.6460113519579 99.0687103265182 99.4975490563265 99.9321594230973 100.372175215893 100.817216872336 101.266918181489 101.720895766276 102.178796767201 102.640239714537 103.104848860604 103.572257994464 104.042093275786 104.513982771585 104.987558363577 105.462444304081 105.938280104204 106.414669035432 106.891258238267 107.367677687076 107.843544004781 108.318496702494 108.792160032532 109.264160154564 109.734123228257 110.201681135327 110.666465757486 111.128099439706 111.586217878398 112.040433881789 112.490392683034 112.935712812407 113.376026151621 113.81096648974 114.24014663499 114.663208005828 115.079778669273 115.489480970293 115.891944883255 116.286796567827 116.673669813072 117.052192686005 117.421987531599 117.782711027098 118.134262083023 118.476814268099
-9999 -9999 -9999 93.0563278197012 93.4271869657828 93.8012313840804 94.179098129037 94.5613975522151 94.9487590786631 95.3418025966868 95.7411518092889 96.1474323268206 96.5612316126609 96.9826679224258 97.4113979333617 97.8470249169534 98.289155959382 98.7374095909214 99.1913967124506 99.6507225028026 100.114999770205 100.583839415538 101.05685043233 101.533643721461 102.013833998507 102.497024534953 102.982828139027 103.470863341001 103.960731505013 104.452035902545 104.944404600616 105.437440870709 105.930753706355 106.423955915782 106.916650770474 107.408458708052 107.8989868147 108.38784026925 108.874637601975 109.358980177012 109.840488431982 110.318761823674 110.793430326451 111.264078138313 111.730333326276 112.191808698568 112.648099897279 113.09882736003 113.543607709747 113.982030866474 114.413730619274 114.838298795538 115.255353925542 115.66451072486 116.065374372326 116.457557676168 116.840663907871 117.214336393239 117.578468320747 117.933242795862
-9999 -9999 -9999 91.8598079682439 92.0663757322581 92.449113845623 92.8360958096948 93.2279434201275 93.6252841946211 94.0287380214813 94.438938140454 94.8565025324959 95.28201293894 95.7155838007052 96.1568565362488 96.6054172509179 97.0608558647558 97.5227737418988 97.9907493582991 98.4643898001385 98.9432811727638 99.4270095815218 99.9151802052456 100.407375334585 100.903190611629 101.402225493166 101.904060362496 102.408288954361 102.914516447594 103.422323225496 103.931304930157 104.441055296318 104.951160429325 105.461225508013 105.970838545076 106.479579923815 106.987052915715 107.492856977563 107.996564863265 108.497783659004 108.996109006868 109.491117475463 109.982418058317 110.469591138733 110.952238080845 111.429944990002 111.902301786246 112.368915555759 112.829366681843 113.283241269844 113.730144498595 114.16966819549 114.601400373222 115.024930951838 115.439861295472 115.84577750947 116.24226760653 116.62895393162 117.005733487913 117.372787473528
-9999 -9999 -9999 -9999 -9999 -9999 91.4747657773409 91.8760986325235 92.2833614346037 92.6971778865846 93.1181716914689 93.5469722743051 93.9841594690778 94.4298458093569 94.8836345666272 95.3451137535845 95.8138446800427 96.2894134513488 96.7713870993635 97.2593345632957 97.752838133795 98.2514781941623 98.754812239515 99.2624282825484 99.7738952624715 100.288782118494 100.806678770659 101.327146528782 101.849761961466 102.374097822618 102.899736402887 103.426239012088 103.953193662916 104.480165479883 105.006729124244 105.5324649793 106.056940076911 106.579736707727 107.10041999626 107.618568418462 108.133760450285 108.645559308893 109.153551099632 109.657304761711 110.156394956386 110.650392530215 111.138883588543 111.621425626488 112.097610471444 112.566991803829 113.029161451037 113.483682630231 113.930139539409 114.368099210432 114.797143933949 115.216833112426 115.626749036512 116.026493070344 116.415956495046 116.795333860178
-9999 -9999 -9999 -9999 -9999 -9999 -9999 90.6796665193624 90.9243564602297 91.3484630580833 91.7801914210716 92.2201614375001 92.6689758295367 93.1267147058249 93.5929775231521 94.0673236839846 94.5493202201822 95.0384960166329 95.5344295492892 96.0366668691765 96.5447635640635 97.0582828511134 97.576774596049 98.0997962939877 98.6269035326978 99.1576499925999 99.691598890857 100.228300093192 100.767303465327 101.308179853821 101.850471495001 102.393747328077 102.937551496725 103.481447218109 104.024980543255 104.567718504022 105.109209058785 105.64902496145 106.186697004254 106.721799848451 107.253877637719 107.782493589221 108.307203290726 108.827558515304 109.343116758074 109.85343932885 110.358070371308 110.856580732007 111.348510739926 111.833427426925 112.310882566076 112.780435559845 113.241638181304 113.69404601822 114.137220380409 114.570705411548 114.994071958193 115.406894681601 115.809057233501 116.200763700197
-9999 -9999 -9999 -9999 -9999 -9999 -9999 -9999 -9999 -9999 90.4263114924724 90.8773841852909 91.3377323145086 91.8074588769523 92.2861232750883 92.7732830040343 93.2684593192827 93.7711963645109 94.2810325613498 94.7975025167332 95.3201427449435 95.8484973896574 96.3820953357629 96.9204788195882 97.4631843554155 98.0097522722247 98.5597171769495 99.1126193985694 99.6679878219724 100.225364683486 100.784294126789 101.344305036767 101.904941557098 102.465734480019 103.026226041856 103.5859451275 104.144449232066 104.701257703699 105.255908964031 105.807945249389 106.356904981405 106.902322767012 107.443740842539 107.98069190757 108.512708661691 109.039340970626 109.560115811911 110.074579236574 110.582262036851 111.082702634372 111.575443265466 112.06001472237 112.535959241412 113.002811429524 113.460100171597 113.90739059214 114.344194409904 114.770076749402 115.184930799105 115.588962552667
-9999 -9999 -9999 -9999 -9999 -9999 -9999 -9999 -9999 -9999 -9999 89.5199375147458 89.9917373651532 90.4733428948805 90.9643230431368 91.4641895286728 91.9724693290269 92.4886760702981 93.0123291006312 93.5429477681709 94.0800514210618 94.6231651294945 95.1717929828246 95.7254695879858 96.2837047563793 96.8460178361505 97.4119396195354 97.9809665664951 98.5526390060093 99.1264648421308 99.7019672377022 100.278667448215 100.856071470376 101.433710096419 102.011100767142 102.587762830689 103.163209913158 103.736967084741 104.308551786234 104.877479551083 105.443277356828 106.00545501487 106.563535688052 107.117036817169 107.665477750367 108.208381650487 108.745262143627 109.275638577933 109.799036023594 110.314966199363 110.82295036073 111.32250976319 111.813158032842 112.294420239876 112.76581191774 113.226852414577 113.677062985883 114.115985867983 114.543498990563 114.959823606064
-9999 -9999 -9999 -9999 -9999 -9999 -9999 -9999 -9999 -9999 -9999 87.9766597734979 88.6322612756625 89.1256332391039 89.6288108818653 90.1412734977707 90.6625366202664 91.1921005240114 91.7294635763153 92.2741260518364 92.8255901325818 93.3833465564666 93.9469108569382 94.5157737719119 95.0894393907429 95.6674003586956 96.2491683945199 96.8342380508282 97.4221172316734 98.0122890455763 98.6042728406818 99.1975593549043 99.7916469555538 100.386047361381 100.980255124997 101.573764799016 102.166080472792 -9999 103.345138547647 103.930879590693 104.513431546827 105.092292783359 105.666959760251 106.236936566857 106.80173301458 107.36083221194 107.913747785036 108.45997428648 108.99901199093 109.530366895091 110.053531644227 110.568010327693 111.073307034845 111.568920132993 112.054340360051 112.529081342118 112.992643353854 113.444540021356 113.884662625748 114.313228604776
-9999 -9999 -9999 -9999 -9999 -9999 -9999 -9999 -9999 -9999 -9999 86.9401912691477 87.2605953210584 87.7655963891124 88.2808151237911 88.8057460777074 89.3398590079406 89.8826408377092 90.4335765828822 90.992141722586 91.5578250873871 92.1300983417143 92.7084522234828 93.2923717485619 93.8813343034261 94.474815367202 95.0723037704559 95.6732864364058 96.277233122132 96.8836402875953 97.4919776898767 98.1017284374957 98.7123851757167 99.3234176616199 99.9343128184232 100.544555661996 101.153621671464 101.761003492092 102.36616897361 102.968606946586 103.567804334238 104.163232800993 104.754384992117 105.340734479387 105.92176818602 106.49696540584 107.065813062065 107.627788541169 108.182373044325 108.729051587402 109.267303464223 109.796613690658 110.316459653181 110.826330182359 111.325702664666 111.814062115973 112.290882108055 112.755683896407 113.208333966621 113.649063107881
