socal_rasters/bio05_SPHAsouth_aggfac2.asc
NCOLS 210 
NROWS 130 
XLLCORNER -119.45 
YLLCORNER 32.483333333 
CELLSIZE 0.0166666666666667 
NODATA_value -9999 
[rows 104 to 129 of 130, columns 120 to 179 of 210]
-9999 -9999 -9999 -9999 -9999 -9999 -9999 -9999 -9999 -9999 -9999 -9999 289.328971765624 294.493629468433 295.373672445203 295.611061092061 296.633499132147 297.718650802657 299.215606665194 300.552078236099 300.498580956217 300.139930709284 301.096656805732 301.475021321212 302.531280528044 304.664520195855 308.338150040289 310.437011663371 311.032211357575 312.623939350883 317.955322227943 318.319404752383 309.96646883824 307.796752900791 304.031898520261 306.815017687943 305.939231901014 289.261886781503 297.804664482447 313.5035243336 322.973000069131 307.277610721252 309.989021177091 318.086044253701 319.861785838346 315.559311161508 295.464630306701 298.1707991262 296.549499670149 292.972389281373 286.911148199468 280.930313049559 282.237266577449 277.489364715306 270.415435920143 272.190483057465 273.484886305831 266.784484771149 265.851600703984 265.893600365193
-9999 -9999 -9999 -9999 -9999 -9999 -9999 -9999 -9999 -9999 -9999 -9999 287.01022336336 291.451370190519 293.557968116309 294.943450907274 296.421165458462 297.268798814715 298.456871012539 299.5416412186 300.643615717824 299.95480348989 300.95998378577 302.065391552588 302.005874603579 305.116233743897 309.595588738638 312.578758189115 308.686859219882 310.527244486475 316.778709308589 322.162918132391 309.830101095623 312.173347464262 315.43577554038 324.967613054765 326.040512111203 322.747581456174 316.839073391517 322.926185455451 323.836998067328 320.279457088822 318.068061990239 312.070853940453 316.888015893188 312.384117268715 303.7308198918 299.335479784787 292.498352181547 284.998222387125 282.006790065528 284.874275221018 283.686637936424 273.229820370578 269.97546382916 280.430999792963 275.807105997428 269.876335221762 265.220161719365 262.131683341915
-9999 -9999 -9999 -9999 -9999 -9999 -9999 -9999 -9999 -9999 -9999 -9999 285.781806922237 288.51337431004 290.146209680922 292.343666047636 294.304855322388 295.614616374567 297.107719400389 298.654746983326 300.240470871746 300.685432438192 299.917305020322 301.078048639369 303.845329185802 306.003951989749 311.524475003084 310.777435350999 313.055381759746 313.572761430924 318.994110060955 322.112518226417 322.363906846622 321.30570984748 324.138122552339 322.732795798772 313.218559311783 314.102790778316 316.135703961574 325.760406671604 309.612846387832 302.021820215908 300.301857072401 295.610336167228 306.204612726753 303.770645309948 294.430130173104 291.668945436257 291.080245995274 288.249946582118 285.499725331205 288.079811078725 283.540443373872 279.696121287044 273.18281563644 283.393607840661 284.751754770606 280.023224003533 267.250129963466 263.431167595245
-9999 -9999 -9999 -9999 -9999 -9999 -9999 -9999 -9999 -9999 -9999 -9999 285.993507373924 288.436538677295 290.14517972691 291.832832315843 293.277160623158 294.584411591431 296.56793973384 298.426864610945 299.860282878802 300.545860298816 298.789848348995 300.834205507062 305.842262161248 307.348922750746 312.467491093219 312.811439499989 316.91610713901 318.474571214983 320.665611233683 322.346603374635 322.732055666891 320.772201576347 319.28157807406 319.096115129068 316.687484782225 314.913009651127 316.865836925607 318.54617326133 313.38995364534 306.254570153024 294.154518432065 279.440040470535 299.211372135994 303.783020083061 298.426666273943 288.513916168982 283.066482498508 288.234557979063 291.289825487837 288.889663837315 286.862846396579 284.409607004733 282.487350440895 289.074836621881 286.672340462166 274.621948585968 266.177055386901 261.506248537241
-9999 -9999 -9999 -9999 -9999 -9999 -9999 -9999 -9999 -9999 284.858902027459 280.836059613486 283.259284872498 287.849121080168 289.547515857371 290.989295934403 292.880676248103 294.192192055418 295.794372537098 298.172035165336 300.217117294578 301.01443482268 298.834510829958 299.49075317981 308.167938169681 311.30803677776 313.410140950841 315.423385590585 317.140296917086 316.532478388318 315.221565187652 317.900680532501 319.870017997309 319.822677621598 318.958862298691 312.643112340542 303.618492248503 309.606673976715 315.386444017426 312.358009412995 308.885925361715 305.806098996819 302.71162420936 297.702735745034 303.758209188157 303.492553728336 301.891754216702 292.97027607466 288.642646815258 288.816246039832 288.541290301737 282.74655942621 275.496604862365 281.498756342028 288.324691672767 290.89605727058 281.684517136551 272.711708244957 268.017150866066 262.421104605815
-9999 -9999 -9999 -9999 -9999 -9999 -9999 -9999 -9999 -9999 -9999 279.059295654743 281.236007614313 287.722274780118 288.031509375856 289.948471052347 291.436561563365 292.873443580493 294.829666115011 297.597152634745 300.332145696945 301.119476308388 299.901069635528 305.58319854076 299.229225223195 303.666786049072 308.480766267538 311.655952422 315.806289642895 316.017692597585 313.568954465828 314.995994609132 315.491905205095 312.271194522907 308.169769335395 307.837890603853 312.075759764629 314.319305416595 310.175926306541 308.552932733304 308.443458571069 306.669120778161 307.830154439277 304.862487853339 303.909194934114 304.934814415817 302.610962017977 296.530731288106 291.451469531574 289.923416138716 285.525367832923 283.086113049561 281.113006562872 288.291999752982 286.458999581128 290.707122842355 286.008003355783 279.447563295604 263.228653055454 262.097068712958
-9999 -9999 -9999 -9999 -9999 -9999 -9999 -9999 -9999 -9999 -9999 283.964141823828 285.109130830562 288.827178880959 289.36827852861 289.90293119228 291.444541904786 292.249328604088 294.094955422736 296.873382510596 300.240844746333 304.982185321708 305.339286795836 303.347030668997 301.168754662576 299.710708496347 304.293426477969 306.858879043598 313.878181404814 315.808616620848 316.664695727877 316.989501955057 316.368957561234 309.289001633087 304.571266193873 307.094550928203 318.344779983422 318.165039027297 315.841247684227 309.966491713194 309.562408502274 308.19348907478 310.959976262633 308.704917941689 302.249977351724 295.195358220009 293.41986848678 293.609428454691 293.228530851415 289.834556686858 291.234840350027 286.258194073528 288.869094758448 286.282058823131 285.483032315653 282.672218409679 283.806968549343 285.930359122202 266.613578983754 267.048324264439
-9999 -9999 -9999 -9999 -9999 -9999 -9999 -9999 -9999 -9999 -9999 -9999 287.183853130966 -9999 291.319595365987 290.109603847391 290.847236639283 292.391006431237 294.211441001772 298.050498913725 301.921577426582 303.716568030945 302.620361330981 299.432014492668 302.108413658236 303.218124361834 305.112213108593 306.253456107722 311.620040799469 314.519317605881 315.751464825656 317.009574880843 316.515281693921 315.933074891997 310.056045652852 312.320075775759 322.361129821504 321.050849988392 311.632278565345 310.019935513916 -9999 314.05762489001 315.279502847592 314.179855383243 312.873230021965 304.44551872024 298.261207614824 296.184837393349 297.480857868594 300.235214206043 297.748131021226 289.255516059123 283.779022342961 284.818878091278 281.589531038584 278.191238371917 277.545600835652 285.588585252948 273.120399688151 270.431129133434
-9999 -9999 -9999 -9999 -9999 -9999 -9999 -9999 -9999 -9999 -9999 -9999 -9999 -9999 290.970573411891 290.639602653632 291.20863341651 295.412513676004 297.893150317348 298.721099868339 299.709747293127 301.329605107082 301.401191713845 302.180763224162 303.195999126678 304.317382787806 305.22262572817 303.775116003799 306.260246180282 309.785308829399 311.379058811113 314.191734317001 312.652114890178 316.246093564729 319.981033424675 319.557151731922 321.731796319785 317.097984368393 315.827438309198 313.991706994656 308.06247711238 303.889930850996 297.317130964605 304.394309989444 306.885948117119 304.613678078625 297.991966320785 296.578216498695 303.779724043044 300.553863710617 285.543701323057 278.099426202412 281.378417968257 280.852287272783 283.335533148179 281.6711883881 282.309524471433 295.722137449721 283.244934178138 277.897842393527
-9999 -9999 -9999 -9999 -9999 -9999 -9999 -9999 -9999 -9999 -9999 -9999 285.82762142539 288.12230679394 290.156982395602 290.806961077907 292.19279477258 292.95643616104 292.746963493607 293.913513162609 296.219436614174 298.585273727105 299.688690177816 301.328788730548 302.783241259795 302.429695149097 305.374435395325 305.630851766861 305.577156045197 307.956375088235 312.161582889971 315.557228050855 316.629249505273 317.756431602337 310.546089350153 303.877021589114 314.642257712618 308.342018362657 297.08364115127 305.231605399953 305.521850628886 303.161689757249 300.387062143281 293.176712140316 293.74515522907 297.078285157508 299.304893495949 305.010879403085 306.510734657829 297.904647977609 289.871421952502 279.825500713911 278.874267496141 280.8250503186 283.906600839154 284.240600650571 287.034339658979 300.759460367793 295.309036563186 288.218971285048
-9999 -9999 -9999 -9999 -9999 -9999 -9999 -9999 -9999 -9999 -9999 -9999 282.695365884426 285.36562345341 289.166511495406 290.975700369379 290.763710034928 290.865386934046 292.74407956922 294.148910486982 296.543266282645 298.861930801839 300.089775099443 300.397270165249 302.097846969093 303.854866004625 307.103141746346 306.820396442932 307.513412468414 309.439491225845 314.563079740172 316.362983678424 317.389381433903 316.628181493599 310.558166674466 303.250923171274 300.856674208773 304.461318986634 299.357917891948 298.110931377519 298.934860224643 299.215614239305 299.467658983254 292.884048805951 286.757842807097 295.824928180492 302.621246284238 306.43270091454 302.016617113037 294.058891351519 286.631157055181 283.605064434257 277.659339688146 288.358489874283 291.795547598352 284.820724495837 289.955619599812 302.143318103466 300.312568814035 290.820701580225
-9999 -9999 -9999 -9999 -9999 -9999 -9999 -9999 -9999 -9999 -9999 -9999 280.13895409462 286.050453143978 -9999 -9999 292.796127310859 291.86051176704 293.462783798112 295.105606029514 298.052383400646 299.616500832285 300.118469246018 300.514564501782 302.203872653814 304.128372146509 306.487129240189 302.565017681918 308.268836904278 309.291580156458 312.726280268361 310.987419111017 311.539466853108 310.582618749394 309.50992582609 309.150138841881 306.817733872499 298.112899733095 301.564376890593 291.543808063984 293.037078845489 292.144401573309 284.951644916851 284.230453505141 296.680984228175 307.489188996369 312.255226161447 308.757827820987 297.711502102588 298.816452014372 295.86566931211 286.302261599975 280.783492988061 286.888191079656 297.873641894101 295.575760069429 293.551894957715 302.052200314205 298.605461146816 300.183265682717
-9999 -9999 -9999 -9999 -9999 -9999 -9999 -9999 -9999 -9999 -9999 -9999 280.177200169157 -9999 287.482437108553 -9999 -9999 293.530624357927 294.509994500513 296.840522718019 298.282310459387 300.177284222729 300.724594114973 300.958999626071 302.151100149145 303.499969422616 307.569007861493 308.878761258695 -9999 310.998138436956 298.21520246996 298.266013993652 304.250717120373 306.669540348695 308.72977442386 311.231620830968 306.82524883714 301.953689397345 306.44570156736 304.480056924995 293.564064293179 288.526466224734 293.296035733166 295.60864244703 303.807357664035 304.735191328519 314.813766401147 307.657547275277 301.223869362064 298.398605418276 293.839119038117 290.281234771029 287.66093449679 284.2854765921 294.376510399753 -9999 301.001556351636 300.407401968007 299.916129910912 298.827972465494
-9999 -9999 -9999 -9999 -9999 -9999 -9999 -9999 -9999 -9999 -9999 -9999 -9999 -9999 -9999 -9999 290.687286347775 -9999 -9999 297.081962550649 298.761329629766 299.936927780861 300.250717165703 300.423225400168 300.610733023431 303.348052921846 307.291427587434 -9999 306.10771954449 300.001861546365 288.736847032634 293.934295463649 306.701538071868 303.795906091897 307.381820475699 313.38803864959 312.379035915272 312.490692156652 309.530326934211 303.148109546489 290.572776895296 291.518791077102 291.493492291966 288.504196074169 296.67246222213 304.941368005893 314.186500441565 313.203178478294 309.982139698725 303.919563395019 302.187057568187 295.963363813784 290.905784520822 293.264518763543 -9999 -9999 300.690292403484 298.3945312355 297.91596976121 297.990463230317
-9999 -9999 -9999 -9999 -9999 -9999 -9999 -9999 -9999 -9999 -9999 -9999 -9999 -9999 -9999 -9999 -9999 -9999 -9999 -9999 298.417793257772 299.588012675335 300.439476011497 300.571281423756 302.503967253073 306.536666811823 308.068466196779 308.105682402512 304.076515294081 300.231086638132 302.098121561349 307.784973072005 306.16317757552 298.611534150294 306.558723246632 312.633537298694 312.886100673497 315.388031043961 312.410911637965 306.162071192225 305.355926581622 296.935546899982 295.56535352972 291.466949502888 292.054771316621 299.164741395875 308.939857243174 305.330276570841 301.629043616803 305.372032027513 310.437973002895 309.919891405306 311.253669741489 309.18949135962 293.648918104081 294.782157920949 297.996475196355 300.549232393753 298.95484160756 303.484909027086
-9999 -9999 -9999 -9999 -9999 -9999 -9999 -9999 -9999 -9999 -9999 -9999 -9999 -9999 -9999 -9999 -9999 -9999 -9999 -9999 297.765739410182 299.408912632517 301.004959089187 302.410095196074 304.066314675005 304.429885865063 304.371337887256 304.539863588491 303.735054032599 303.907051071444 306.113143858017 306.539230429885 298.142570616606 296.923378052453 309.674613768886 312.660758966866 313.546241774347 311.831222518082 314.830162079486 312.714637758762 309.463386539166 296.405098143596 289.81141665524 287.761055030361 294.775581231525 303.662307557545 316.592819447709 306.724441667379 302.657318062762 303.741584736349 300.834564439523 298.257865841748 305.254463176315 299.524551390658 303.096847534857 301.642913829296 299.755813576129 303.171378983642 303.939796413211 306.618354819614
-9999 -9999 -9999 -9999 -9999 -9999 -9999 -9999 -9999 -9999 -9999 -9999 -9999 -9999 -9999 -9999 -9999 -9999 -9999 -9999 297.236770606589 298.349365216287 299.604019152036 300.796546925461 300.454673763327 300.813194275678 301.271263111164 302.478034957873 303.254569988124 303.472419713141 306.974555955978 309.24717714232 308.453834521117 306.816963282593 310.54357902985 308.119545084432 306.573600797163 307.96300508627 311.059364189962 310.91281132819 311.887802163369 305.413055649148 293.888710089275 288.757782060161 295.677558670893 311.691062441649 319.36986564624 302.464103820795 298.959678697991 296.120986904763 298.491050656276 304.155753976595 305.850921673857 298.648170678381 290.340499959432 292.228057744353 300.003837434306 306.603721563195 308.085014295475 309.197837863003
-9999 -9999 -9999 -9999 -9999 -9999 -9999 -9999 -9999 -9999 -9999 -9999 -9999 -9999 -9999 -9999 -9999 -9999 -9999 -9999 -9999 297.898277270199 298.750747671528 299.330459588045 299.454521179747 300.022094728897 300.860870334318 302.077163692248 302.242019655955 303.376983578576 307.425033574092 -9999 309.539253205579 309.27069094651 305.472580068441 299.016884096612 286.696540666341 302.726020771409 304.248329137832 307.635009862733 305.65764608144 307.894943262055 302.368499893562 301.664146340455 304.324897632678 318.443748309391 314.420814706496 301.584854124142 296.278854535768 299.024345202789 304.685836767493 304.277679483941 300.950050459013 293.531662195818 285.586936960215 290.866012391545 301.647620928921 307.381889301747 310.454666083482 310.851844814059
-9999 -9999 -9999 -9999 -9999 -9999 -9999 -9999 -9999 -9999 -9999 -9999 -9999 -9999 -9999 -9999 -9999 -9999 -9999 -9999 -9999 297.209442131364 298.12347410961 299.161552432676 299.479942308508 299.727790846735 300.42565917103 302.265579198235 302.468597404986 304.899116456555 308.678665148193 308.213226360849 300.871162432244 299.605804474783 293.204323103426 288.152565181037 273.264915483629 285.934410048854 290.454040403945 297.045333739206 303.551292335173 308.243514854307 309.264938438926 315.422858921616 321.581710816069 321.498764087238 315.724144160563 306.529411349172 303.964729331249 303.508750895499 303.547370942324 301.530708349267 298.98746491936 296.589179934181 294.771751528902 299.220985299732 306.19419073378 310.70575710337 309.948699926558 307.230278110045
-9999 -9999 -9999 -9999 -9999 -9999 -9999 -9999 -9999 -9999 -9999 -9999 -9999 -9999 -9999 -9999 -9999 -9999 -9999 292.356765723835 -9999 296.288795442813 297.836235025563 299.082496632827 300.230720502395 301.644371011189 303.094001747349 304.200241097236 305.148414551192 307.145751937161 307.04952240252 306.124115061266 300.155441362968 295.843559489104 285.424308915681 275.854980669337 273.407134819139 274.716583330967 282.040611290613 290.82220414821 307.232894905063 312.215682864389 313.984977958115 311.998054523468 300.219291711343 297.94170364457 305.065391404802 308.619064388889 307.695709172922 308.109733583616 306.875549382873 303.250389186293 303.077285609815 309.263496439246 306.780540336659 310.285713205387 310.122016989752 306.760940625754 304.581237769713 305.854438798696
-9999 -9999 -9999 -9999 -9999 -9999 -9999 -9999 -9999 -9999 -9999 -9999 -9999 -9999 -9999 -9999 -9999 -9999 -9999 291.348205543333 293.254852267589 295.230583161981 296.703109732038 297.221588136255 297.256591796577 295.807296741306 297.63709257563 299.159477216478 300.959793066213 302.659538246928 303.951690649726 304.693511961151 302.256530866244 297.740875294299 289.49664320813 282.231140159531 282.494430347883 289.922355941302 295.229331709622 300.336883086681 317.309425312497 318.761375405512 317.035652415569 302.175285566174 290.780365231212 279.050979550385 299.215881042908 306.939407299929 310.464561411772 312.941467278349 313.134506255679 312.343795831631 312.133735675824 308.797325188697 310.591789096819 309.924392834621 303.859542960405 307.57592005009 307.387931864643 305.702857938595
-9999 -9999 -9999 -9999 -9999 -9999 -9999 -9999 -9999 -9999 -9999 -9999 -9999 -9999 -9999 -9999 -9999 -9999 -9999 290.837661724533 292.62512967659 294.579536409048 296.488136265611 298.035789475962 298.121665973198 295.352073697877 297.004730159536 298.600257865756 300.316871611137 302.326026894762 303.235008233255 304.843917799444 306.752830492555 306.047615116033 299.764053532332 298.852256560141 304.440925547838 310.673004214235 312.548583821426 315.267791818336 316.480735738108 317.216079745169 319.345374965717 315.282989640838 302.993332138859 297.490798853739 308.204017581376 310.197456305132 311.82830813058 310.368118319454 308.85271445184 311.575065609017 311.270980909467 308.233428916161 312.826789839388 314.636871279776 312.620971790423 308.093452486254 306.618675223079 307.982521066536
-9999 -9999 -9999 -9999 -9999 -9999 -9999 -9999 -9999 -9999 -9999 -9999 -9999 -9999 -9999 -9999 -9999 -9999 -9999 -9999 290.778045669124 290.846626225397 292.726783691177 296.831993058314 299.340003943314 299.792793289255 298.796714811128 298.358070350845 300.040824857369 301.694976773448 303.556388825055 305.660842862281 308.208442636443 311.520698500286 312.033439633298 312.925315840613 303.610740796943 300.518341111482 303.898231313507 315.264778057334 315.853813161698 316.736846936304 316.263992293072 316.22817234338 309.972366352161 307.439514139445 306.629707400263 305.507331816624 305.965354913202 306.096710255873 300.408630497729 298.05121593497 301.731727615223 298.707397502849 298.871139550632 303.268684168444 -9999 -9999 -9999 -9999
-9999 -9999 -9999 -9999 -9999 -9999 -9999 -9999 -9999 -9999 -9999 -9999 -9999 -9999 -9999 -9999 -9999 -9999 -9999 -9999 286.713348474401 286.217300374135 287.325988781336 289.967124863323 295.625602649313 299.686347920782 301.234222425719 300.175552360742 300.724319456405 302.837638814826 305.644218379152 308.851264921587 310.608871449967 309.917114281446 310.068939170602 310.97158052929 304.439399734121 294.643921175241 288.920921239991 304.24908418214 314.278488053541 316.837783810458 313.991340730554 -9999 -9999 -9999 -9999 -9999 -9999 -9999 -9999 -9999 -9999 -9999 -9999 -9999 -9999 -9999 -9999 -9999
-9999 -9999 -9999 -9999 -9999 -9999 -9999 -9999 -9999 -9999 -9999 -9999 -9999 -9999 -9999 -9999 -9999 -9999 -9999 -9999 283.037933437649 281.419914213587 284.306899985693 285.626640322073 287.299728354986 293.625396598965 297.767059251456 301.588241539933 304.088584864654 305.953796372632 307.141159057999 306.479278547679 306.453926091779 306.21523286936 305.727516144313 308.201179457238 303.99818435766 292.623207435482 -9999 -9999 -9999 -9999 -9999 -9999 -9999 -9999 -9999 -9999 -9999 -9999 -9999 -9999 -9999 -9999 -9999 -9999 -9999 -9999 -9999 -9999
-9999 -9999 -9999 -9999 -9999 -9999 -9999 -9999 -9999 -9999 -9999 -9999 -9999 -9999 -9999 -9999 -9999 -9999 -9999 -9999 279.958168105601 279.447113000853 281.233245836176 -9999 283.319297751164 -9999 -9999 -9999 -9999 -9999 -9999 -9999 -9999 -9999 -9999 -9999 -9999 -9999 -9999 -9999 -9999 -9999 -9999 -9999 -9999 -9999 -9999 -9999 -9999 -9999 -9999 -9999 -9999 -9999 -9999 -9999 -9999 -9999 -9999 -9999
