socal_rasters/bio05_SPHAsouth_aggfac2.asc
NCOLS 210 
NROWS 130 
XLLCORNER -119.45 
YLLCORNER 32.483333333 
CELLSIZE 0.0166666666666667 
NODATA_value -9999 
[rows 26 to 51 of 130, columns 120 to 179 of 210]
335.223121711813 336.889160037343 345.775413471837 348.61029810766 350.100929263769 347.932884265055 345.091773992493 338.206100698447 325.461463990815 324.893516404061 327.252144085797 322.815810877023 321.027290467796 322.622200067177 321.200469909086 320.254814182739 312.099487499486 310.148628494133 291.180732901367 279.974273694013 -9999 -9999 -9999 -9999 -9999 -9999 -9999 -9999 -9999 -9999 -9999 -9999 -9999 -9999 -9999 -9999 -9999 -9999 -9999 -9999 -9999 -9999 -9999 -9999 -9999 -9999 -9999 -9999 -9999 -9999 -9999 -9999 -9999 -9999 -9999 -9999 -9999 -9999 -9999 -9999
340.518485949977 344.275672851627 346.503044160518 348.700500409495 352.403678876781 353.912445053031 355.198188768723 355.239311247943 350.814323493787 345.515976113041 345.379898033045 344.041679360675 340.379798965673 331.494194194183 328.856147643903 333.601310617987 333.808128536409 314.85509522888 305.920677289805 303.804756039889 293.978706773166 -9999 -9999 -9999 -9999 -9999 -9999 -9999 -9999 -9999 -9999 -9999 -9999 -9999 -9999 -9999 -9999 -9999 -9999 -9999 -9999 -9999 -9999 -9999 -9999 -9999 -9999 -9999 -9999 -9999 -9999 -9999 -9999 -9999 -9999 -9999 -9999 -9999 -9999 -9999
344.712272628851 346.417892426832 349.579429581648 352.346771220331 354.112655628092 355.591293315458 356.932571393564 358.722084018335 360.602607715909 361.58831023862 359.393402110058 354.367759817013 347.411293132249 342.445289660099 338.955414131187 335.598655382031 339.282097145327 324.027053822126 326.826263524093 324.772491559404 312.929924207171 304.748443478231 -9999 -9999 -9999 -9999 -9999 -9999 -9999 -9999 -9999 -9999 -9999 -9999 -9999 -9999 -9999 -9999 -9999 -9999 -9999 -9999 -9999 -9999 -9999 -9999 -9999 -9999 -9999 -9999 -9999 -9999 -9999 -9999 -9999 -9999 -9999 -9999 -9999 -9999
347.475807187504 348.522872906122 350.575859036969 353.006080599387 355.541984532558 357.026344291041 358.223350510717 357.79715730184 358.633361757528 362.78189085257 363.214019771889 363.436836258545 360.035896368972 355.482551639312 341.733856399471 342.175384290354 336.764160564925 314.492980910827 332.668838263318 332.205948043401 320.13989278473 314.234840407437 324.669265627883 328.050231951788 -9999 -9999 -9999 -9999 -9999 -9999 -9999 -9999 -9999 -9999 -9999 -9999 -9999 -9999 -9999 -9999 -9999 -9999 -9999 -9999 -9999 -9999 -9999 -9999 -9999 -9999 -9999 -9999 -9999 -9999 -9999 -9999 -9999 -9999 -9999 -9999
349.666007989812 350.26183318741 351.842155435312 353.506858808675 355.191543551786 358.017524698569 359.320419295196 360.850097634599 362.570732095603 363.417938228142 363.891601553943 364.598739613635 364.332115189286 363.134468087793 360.162811344709 358.345642083706 350.675674603589 341.802795450506 342.14835353159 343.297912792024 327.865654199381 329.322921784596 335.133857454258 333.634094329605 329.316337580106 314.578667121919 -9999 -9999 -9999 -9999 -9999 -9999 -9999 -9999 -9999 -9999 -9999 -9999 -9999 -9999 -9999 -9999 -9999 -9999 -9999 -9999 -9999 -9999 -9999 -9999 -9999 -9999 -9999 -9999 -9999 -9999 -9999 -9999 -9999 -9999
351.175628657562 351.870376575051 352.956787095759 354.3632812309 355.518341048951 357.257537813524 359.752220124297 361.159385665687 362.714607219703 363.882118215799 364.761764515601 365.546279898917 365.806983945918 365.6937484825 364.499351519112 363.737915036919 360.837936449506 356.470710856183 352.378944379036 346.676864704931 335.700019855873 342.891197161702 341.535934542694 331.798454431111 319.057190075914 309.047744939648 295.939552346613 -9999 -9999 -9999 -9999 -9999 -9999 -9999 -9999 -9999 -9999 -9999 -9999 -9999 -9999 -9999 -9999 -9999 -9999 -9999 -9999 -9999 -9999 -9999 -9999 -9999 -9999 -9999 -9999 -9999 -9999 -9999 -9999 -9999
352.204498287053 352.812622058708 353.869560230014 355.046600326327 356.165069567558 357.553413371323 359.340026826917 361.289131152488 362.672035202699 364.017150862113 365.03865813623 365.250724791627 365.26038360296 365.274620059355 365.050498966399 364.923568726692 363.800910963146 362.76087190716 361.067726164462 355.64274609855 348.571495058275 342.946731820063 327.075454766259 324.65042122945 318.185783478102 319.395728985256 315.944374311189 310.803085323733 -9999 -9999 -9999 -9999 -9999 -9999 -9999 -9999 -9999 -9999 -9999 -9999 -9999 -9999 -9999 -9999 -9999 -9999 -9999 -9999 -9999 -9999 -9999 -9999 -9999 -9999 -9999 -9999 -9999 -9999 -9999 -9999
352.888168329282 353.559875476935 354.530387867994 355.571006764073 356.795913683014 357.747833240301 359.32659147066 361.089263898658 362.457115152366 363.930046067144 364.407890318869 364.411979672208 364.492202758965 364.319816596122 363.844703678967 363.431053170409 362.821571356756 361.787559534403 360.193191548762 358.302619959283 355.194244455416 348.232284657628 339.966590981093 331.511322080888 328.894920386528 318.331550866443 307.685356078672 306.506233173621 305.015563991368 292.919334814028 -9999 -9999 -9999 -9999 -9999 -9999 -9999 -9999 -9999 -9999 -9999 -9999 -9999 -9999 -9999 -9999 -9999 -9999 -9999 -9999 -9999 -9999 -9999 -9999 -9999 -9999 -9999 -9999 -9999 -9999
353.319396965257 354.011962882184 354.996231069269 356.100624070197 357.317863450321 358.16924284476 359.668907145443 361.131050097294 362.369773845444 363.30640411024 363.426506042155 363.33712006016 363.116638186941 362.68637848933 362.010482798892 361.153137220174 360.342742929851 359.436363233259 358.233779931366 356.099220311275 353.32537082887 349.333549566391 344.623596257258 339.659698540564 337.098816004957 329.698028679485 319.921417429334 300.597473477721 294.74042542391 271.643204126609 255.055839615599 -9999 -9999 -9999 -9999 -9999 -9999 -9999 -9999 -9999 -9999 -9999 -9999 -9999 -9999 -9999 -9999 -9999 -9999 -9999 -9999 -9999 -9999 -9999 -9999 -9999 -9999 -9999 -9999 -9999
353.505111688833 354.190162645532 355.145523060375 356.392425519385 357.723625164577 358.924682612222 360.102584818356 361.342948904053 362.131317132957 361.981857299724 361.8658065863 361.575965878455 361.41213226211 361.324195862954 361.012023933202 359.954010021345 359.007209794379 357.871459976524 356.425163288566 354.596817046587 351.021949843921 340.757568535013 331.532112253818 330.666877596419 337.940299995875 334.995086730508 329.731079178613 323.655342202627 313.510666075081 299.825660883899 277.307541334619 257.46350877151 242.765060624374 -9999 -9999 -9999 -9999 -9999 -9999 -9999 -9999 -9999 -9999 -9999 -9999 -9999 -9999 -9999 -9999 -9999 -9999 -9999 -9999 -9999 -9999 -9999 -9999 -9999 -9999 -9999
346.223731973273 348.115776050099 353.356681830444 356.310600261945 357.970214825817 359.699707016273 357.763183573845 360.074836741869 358.705886866566 357.534797644979 356.311409032396 355.542716969831 356.72859189538 358.304618817568 358.263473538255 357.247879045728 355.507682827179 353.985618608685 351.988678018733 348.588127176787 345.655281099362 342.961395274807 341.02062992673 341.447120671649 339.012107889837 334.494087304352 325.328613429755 319.451217826701 304.576179720275 297.189277688534 298.176261931527 290.15150470521 276.479332009556 282.695533816812 271.921600482927 -9999 -9999 -9999 -9999 -9999 -9999 -9999 -9999 -9999 -9999 -9999 -9999 -9999 -9999 -9999 -9999 -9999 -9999 -9999 -9999 -9999 -9999 -9999 -9999 -9999
344.825172355877 352.738639811923 350.079574634357 355.262107786764 357.550376862525 359.208473207276 357.550598126954 358.140853899268 354.871948338644 345.058006146131 353.263183625915 349.965873778683 346.637359623673 349.570373486231 354.500480584625 354.584625258134 351.915550276601 348.143081687576 346.431381256269 344.937416069564 346.161064109048 347.144981399189 344.303360036573 341.764595059111 339.47853855027 335.380729767072 326.72103890085 324.770744448291 312.8298265319 310.176872297028 306.083404570615 304.313766576713 299.910881028523 304.117652913832 298.319900670622 287.510513490974 270.532409956566 -9999 -9999 -9999 -9999 -9999 -9999 -9999 -9999 -9999 -9999 -9999 -9999 -9999 -9999 -9999 -9999 -9999 -9999 -9999 -9999 -9999 -9999 -9999
352.3378067107 353.980056740008 353.049774156415 356.632545446811 357.728210436206 358.229454041464 357.471817028264 356.033760092317 353.33649448714 351.437072773694 345.799568247858 346.888137790195 345.838317899389 342.735687316086 346.015769850088 350.414146397698 352.30923459931 349.858009385202 347.660331780088 347.30170440488 346.424903864748 345.072547936298 343.273117094021 341.333557150321 339.475166350708 336.862037699984 331.772628904946 325.956748934803 321.664367774037 319.188400288431 315.721794242911 310.164550899053 313.102531341286 307.71431725496 311.935722268298 308.295356817812 303.100456219387 302.079643111199 298.968719657605 -9999 -9999 -9999 -9999 -9999 -9999 -9999 -9999 -9999 -9999 -9999 -9999 -9999 -9999 -9999 -9999 -9999 -9999 -9999 -9999 -9999
347.597198488052 353.682685794478 355.838562002802 355.386062638022 355.669342018811 356.112457277604 355.490997327403 350.931984051252 344.30659497295 338.257575959363 339.163345378505 330.959404112196 332.524184965629 339.671829276117 333.737861643661 338.372093114332 343.967262223193 348.437484699058 348.411125206053 346.016662644412 343.882431021851 343.051155102748 342.536949170669 341.303932213617 339.544830341442 336.445144715163 331.054725740082 323.66629031909 326.922622701879 326.680953998475 322.141319309273 318.753837554418 320.097076414799 321.556884836906 322.054733062884 325.662117043661 325.793403646722 319.362922691184 309.849342353569 319.895591491431 316.55883796959 -9999 -9999 -9999 -9999 -9999 -9999 -9999 -9999 -9999 -9999 -9999 -9999 -9999 -9999 -9999 -9999 -9999 -9999 -9999
351.694038367889 353.960716226682 354.574356078113 353.886795038249 354.240715031997 353.821662906666 353.400901800389 351.842544589165 346.396393032358 327.012298713086 334.732940425575 341.315307629621 337.937774611493 334.021598997942 330.488029441453 332.108367918477 336.525268465043 341.438545199431 342.569473221454 344.296447763279 345.190727232652 345.266433711547 343.95195009543 342.761405951576 341.616027855058 338.472801267471 335.195877101082 334.942184461507 334.011711140517 332.583053616736 329.527732958526 324.352951089766 325.723075762664 329.795333806223 330.734046954674 334.25360875468 332.968345572324 336.806915349674 331.733665448103 332.027267580939 324.930633637822 321.493797270682 324.666870139574 -9999 -9999 -9999 -9999 -9999 -9999 -9999 -9999 -9999 -9999 -9999 -9999 -9999 -9999 -9999 -9999 -9999
350.789947517335 351.886054978696 352.342727659382 352.406028749178 351.625099176986 351.449806220195 351.579925545383 349.565300040671 345.048606919568 335.808212455199 329.615402071216 341.219970646951 342.136047379723 338.892013619575 335.037658680663 337.422851477434 341.061691258475 341.468246480246 339.392364536795 337.876724244446 338.6425857316 339.639739964249 340.775146399967 341.820121810155 340.152984622367 339.223571799319 337.996009840071 337.291557317546 336.652961739037 335.916061411617 335.123794570986 332.211921763593 330.201919557617 334.193893359292 335.437927342619 340.119796749209 342.725273103042 344.690162684713 340.550254780161 337.705597081711 338.720604035272 343.838149991033 342.251167203123 349.238349800173 341.606841944856 355.282172961857 -9999 -9999 -9999 -9999 -9999 -9999 -9999 -9999 -9999 -9999 -9999 -9999 -9999 -9999
350.169975280682 350.647872918107 350.479309088778 350.245681766142 349.342376737025 345.853889458702 345.499412546176 345.65016177925 341.691703786865 342.409538279965 341.032035839741 341.937622046317 343.133232107015 342.982963576327 342.236633298003 342.636878946053 343.526428213601 344.583648665445 345.108322157138 344.000267045209 342.995033253145 341.971015950022 339.385124202496 340.015785197231 340.369903567586 339.575927753874 338.376487741656 337.878585835759 337.010658263239 337.215705858501 338.293769813895 338.594932578591 336.047821068003 338.88114157328 342.973480171872 347.339233337377 351.064155531749 352.305480948176 350.899040282071 351.402000367959 354.678741455907 356.479332005481 360.68957512715 362.266692986069 366.489318817831 368.528953542172 361.785667539702 -9999 -9999 -9999 -9999 -9999 -9999 -9999 -9999 -9999 -9999 -9999 -9999 -9999
348.51775359893 348.560844422548 348.188674931951 347.479591379932 345.574852028746 342.755180380906 339.859169058238 338.518409727077 340.618400557094 341.616104118425 341.875610352172 342.139572136313 342.957794175689 343.901519763747 344.141975402885 344.543273922554 344.326599086991 346.113235455083 347.302970867977 348.374153134482 347.840911888992 346.538734456168 345.081748986242 344.39830779384 340.681076167141 338.515541084554 337.201568632321 336.824638359576 336.870429992068 337.824729901777 339.209037761838 340.930541971978 342.282203639081 344.571273764974 347.004928557121 349.618987992087 352.977806035828 355.87431331592 356.822868364629 357.90927883159 361.40505212409 364.831672625243 367.989242497006 370.506416293701 372.647514297671 375.0912475453 376.91622159899 376.472518961038 376.453109662624 376.370330796875 -9999 -9999 -9999 -9999 -9999 -9999 -9999 -9999 -9999 -9999
346.197380072882 345.770202636791 345.606338504403 344.719924937974 343.069519075268 339.010749879547 337.816268922999 337.177055370419 336.321449279167 339.084968526741 340.91025542053 341.818542467739 342.609611504586 343.468986496201 344.625045762371 345.606147755387 345.976371769273 343.371215915293 339.91193381446 349.383995041144 350.480102520942 351.150024431773 348.929267926469 347.139068646278 342.193496814635 341.163787875387 337.049759028553 334.951164183669 335.710845959119 336.685974074392 338.319534337339 340.59014123766 343.662170372753 346.042854278214 345.410835319832 346.973358050239 347.123344471268 352.917991586646 358.51454914911 361.948837244769 364.470909080812 366.909385642272 369.228691066461 367.507454021512 370.102920592016 372.543670373707 378.86557766849 380.475807178848 380.88163756399 382.340248070009 385.301757760028 -9999 -9999 -9999 -9999 -9999 -9999 -9999 -9999 -9999
342.922988900438 341.725746172983 342.041893015045 338.878326454415 337.98489379171 336.754570034383 335.332092287131 334.411674521018 333.850738510993 336.716010997914 339.564453098338 341.17441557518 342.145713795422 343.020980819821 343.928588864819 342.132568396579 341.354179407198 336.986068791954 341.713691639314 349.051147408911 350.881088235771 -9999 351.341865565512 349.252273612013 341.678581251264 344.420608504389 341.163826061336 338.715202317788 336.988929695079 338.727958682561 339.582366998141 337.473670920077 339.694770783397 336.217262374435 324.691154572379 324.873718098189 328.557853668265 332.657958847689 341.538390860377 350.606376640637 340.804862949092 356.598213047593 349.907936494106 342.376976352526 339.8554226174 365.057639700679 375.740859990081 373.676574677597 369.986312986496 381.370155146253 386.092460598862 388.487411456184 -9999 -9999 -9999 -9999 -9999 -9999 -9999 -9999
336.737266544007 336.441665686403 336.030860867015 337.533279431641 335.198631302152 332.498237634098 331.524681088499 332.853713988886 332.979515052158 334.723381015526 337.730926480135 340.099983194129 341.437469467964 342.443138109126 340.781074641778 332.551048233855 341.088569585828 -9999 342.929611247917 346.025543090358 349.359550456586 350.772117610358 -9999 -9999 347.750534150991 346.15019979533 344.329444960913 340.130981479735 338.111824034745 341.879203763357 343.161773691171 339.459655850327 331.751495479311 320.737312511519 313.645858765509 308.877166799478 311.245628289681 318.022735407388 325.437164254263 328.024719309213 321.356895581709 316.455230643914 321.655502586879 300.129219125095 317.947921483239 338.547400853632 360.920616199076 339.553336859805 347.852805616373 372.376251109173 366.802330044033 383.05258150039 -9999 -9999 -9999 -9999 -9999 -9999 -9999 -9999
333.272308331124 332.567726150927 330.594528220404 331.777435248625 334.480445888106 332.946273807297 332.517517101761 331.565422077444 332.226600608603 333.210823064699 334.795310919109 338.523689241883 340.348991378021 341.492446884407 341.860984819091 -9999 -9999 -9999 338.952461057758 347.549957275647 347.685394226884 349.701446521251 350.647827133754 351.638618456878 352.016448982346 351.131103538186 346.003746193783 342.634170428548 343.615158078436 343.439666802591 341.943473820011 340.412368910858 329.682167121193 325.295845165563 315.567756735782 313.047973686277 310.629463251403 309.36944573868 314.346588047712 318.732406615269 314.519844190028 292.90184069903 273.071350367769 268.799888362695 300.6304163733 325.998695153219 331.669143567813 310.370400046761 313.909690417768 331.844268544358 338.309943656047 358.499610472356 383.111678934267 -9999 -9999 -9999 -9999 -9999 -9999 -9999
-9999 -9999 330.818473813914 331.660652145164 332.137283328283 331.191017165649 330.343055716544 331.000289905961 331.962516762363 332.572372432797 333.061477627347 336.805213894812 338.894508341338 340.390296919452 341.411064140461 341.742317202193 -9999 336.206657433302 344.932144109578 346.559997551882 347.382827740219 348.3218154829 348.476730343931 349.725913960027 351.276260364289 351.963241569436 352.200897223509 346.303291530425 334.241760401054 327.402130269481 322.184478694803 329.624595560672 323.086853203782 317.035659827052 314.406814509713 317.21466837353 309.65220652849 297.105194194149 298.652336054226 301.793701108646 296.18651600899 274.466614365134 249.091198259293 247.888946342078 269.309950973947 274.804306618372 289.014960905704 289.284851541202 277.914100058384 316.688460775483 349.108070053876 359.458740254409 371.319091340933 -9999 -9999 -9999 -9999 -9999 -9999 -9999
327.703445438717 328.821212760481 328.566802992104 327.16851808517 325.45471192722 326.889480556865 326.379684461652 327.203651429593 328.218315105593 330.059173553646 331.54736326317 333.783485371422 337.370826689118 339.115097028827 340.366943345892 340.129188563243 338.022979760358 343.155250516201 344.511444085324 344.412750249103 344.55889128421 343.735374484809 335.763351590703 338.135421474174 349.387054416184 350.853706342909 351.756591787891 352.295455928498 347.534454521909 330.966598816691 316.727661268474 315.66058350176 316.894058329842 320.413879333057 321.577278083854 313.277221866995 312.899520823581 310.487121655084 300.182960629689 285.894279777326 269.278351117118 251.642372366522 255.172164728201 252.796398349376 238.358024455571 225.042835832623 226.358089527756 248.332450797239 260.387427394909 299.830275980375 312.268233926681 322.687102971941 355.286940917975 385.132178879287 -9999 -9999 -9999 -9999 -9999 -9999
325.356521619684 321.669715908956 320.382217462136 316.986587517128 317.904045096292 320.470092764355 319.520141623138 318.939666756256 320.607032690247 325.000556878608 328.177101130937 328.507904017575 335.192665031463 338.177535992987 339.307617172029 339.80056762882 339.132667535622 342.446006761163 342.161720295348 341.272438063669 340.442131051259 338.827758875943 334.157554646019 331.109886224829 344.484473987719 349.316757182697 350.356491075774 351.067710868613 351.57172393464 351.761550911468 344.422935735095 332.484581042184 332.925163233143 336.394729552678 333.050560160712 317.714187940766 318.828529156257 320.293716573216 310.26699845705 293.369858146251 278.531005987849 271.471946778711 273.285652231062 261.57219359666 233.310261162749 202.757095756476 195.434203661344 215.048847023887 227.893970200885 266.169669464736 302.426055381921 323.548911790831 342.531219035286 383.065940440416 -9999 -9999 -9999 -9999 -9999 -9999
324.847488459502 319.384925913852 314.964569099475 315.200439434939 315.535125724631 316.768394457244 316.571418772964 315.70107268322 319.964248562707 324.696411099051 328.890159580422 329.723808292385 333.261382975952 336.809791539039 338.304450974096 339.303451526373 340.135940545655 340.600234993985 336.440017814732 331.088935898233 329.025299100076 333.263152988471 334.587875432283 330.992126435571 342.354163970388 347.6932220435 348.643356312028 349.612861622114 350.174987788292 350.594093315294 351.141731257262 349.725128243333 345.265808155985 346.871032690011 343.28375258044 337.646911705568 332.974922211932 325.646446468007 309.240135374809 297.184692622549 290.30162039596 286.998199627412 275.803070322194 253.009193883724 227.373813970206 206.568496844173 214.650428515608 228.434036084783 239.105117640151 268.620917697411 301.138686641849 318.801368286003 345.694800730928 374.847655723626 394.388565013453 -9999 -9999 -9999 -9999 -9999
