socal_rasters/bio07_SPHAsouth_aggfac2.asc
NCOLS 210 
NROWS 130 
XLLCORNER -119.45 
YLLCORNER 32.483333333 
CELLSIZE 0.0166666666666667 
NODATA_value -9999 
[rows 104 to 129 of 130, columns 120 to 179 of 210]
-9999 -9999 -9999 -9999 -9999 -9999 -9999 -9999 -9999 -9999 -9999 -9999 195.959049188122 198.928329427277 201.699027977447 204.569553341171 207.345439874177 210.153678861054 212.935497248327 215.639293635458 218.270618405117 220.856426199718 223.416561095658 225.99225231075 228.546195952803 230.998218498368 233.582424130405 235.947288475598 238.227981538125 240.589240989068 243.031642880195 245.077102636433 246.690479253748 248.693756072295 250.423152894299 252.479236577998 254.255416845188 255.066482527028 257.384437528446 260.038375800371 262.243141177628 262.856407137556 264.671569793824 266.703483551367 268.388366671498 269.49819945977 269.533531183032 271.109191863357 272.254302970048 273.326507554659 274.033523548939 274.761619545367 276.025619492075 276.747451771978 277.227684014827 278.398780803727 279.667106618604 280.161689733736 281.116569504384 282.246543855637
-9999 -9999 -9999 -9999 -9999 -9999 -9999 -9999 -9999 -9999 -9999 -9999 194.504753079009 197.473411523437 200.418621025411 203.163745842592 206.050044975463 208.7901420217 211.625297510639 214.31820675063 217.074378933157 219.627933467775 222.26295848842 224.842124905586 227.385272942199 229.940761531578 232.392719236436 234.91815563565 236.973686190069 239.302619899653 241.826915706783 244.225692721279 245.692352272033 247.855979888061 250.059993703923 252.440650903551 254.427028631352 256.133968324602 257.519187910501 259.724845844646 261.285423248368 262.928230259284 264.281822190887 265.537780719795 267.38947294522 268.487487778412 269.34665678733 270.338897683805 271.171920765451 271.939102157615 272.98386380165 274.356727581188 275.47966765196 275.760353076091 276.54933927384 278.540023786676 279.207672098588 279.818023675812 280.495697023723 281.212646472238
-9999 -9999 -9999 -9999 -9999 -9999 -9999 -9999 -9999 -9999 -9999 -9999 193.214916193379 196.011234244847 198.986747705222 201.805850943159 204.666156729218 207.423232995596 210.25399395027 213.035438499464 215.837326012858 218.415203058766 221.010326350279 223.621044121113 226.267166101596 228.818527186161 231.452091178143 233.751991242544 236.139118160574 238.449649775402 240.85552593695 243.221580467564 245.36977383672 247.322093933359 249.486186948666 251.362583136587 252.780414556923 254.668781249551 256.556774109539 258.937812789908 259.626686068117 260.802528364088 262.315834025352 263.545776336262 265.792816137228 267.1718139542 267.840469354119 269.034973134988 270.420173629359 271.403770423533 272.507705663131 273.989639262234 274.735870341097 275.611167896226 276.166091910582 278.136886560353 279.297111494166 279.941604606886 280.062774659322 280.673927287015
-9999 -9999 -9999 -9999 -9999 -9999 -9999 -9999 -9999 -9999 -9999 -9999 191.822143517169 194.654308282922 197.674365960721 200.502479518032 203.386249509236 206.18110652763 208.992610893505 211.804855310324 214.516189538506 217.232150999123 219.786830865972 222.392887076741 225.062969172317 227.659767118003 230.295902219556 232.677009547319 235.245361292359 237.494255035282 239.874244658344 242.150150264841 244.293907137772 246.263187379712 248.19425580039 250.201927158129 251.951000187392 253.770591708592 255.689796410823 257.544868453386 259.036331155539 260.178993210331 261.080535882205 261.627204863053 264.469543420333 266.236618023526 267.321861244358 268.097198474806 269.020324682948 270.770301787131 272.226272564024 273.27449034566 274.358306865327 275.321121203711 276.320625284289 277.964454625416 278.85317229381 278.893478405303 279.28906248393 279.930221549107
-9999 -9999 -9999 -9999 -9999 -9999 -9999 -9999 -9999 -9999 184.673736534212 187.674152339971 190.512844052416 193.446594201565 196.309600794845 199.174728359733 202.038410149189 204.920471154916 207.719272575518 210.54032131058 213.331993065452 215.971237147809 218.599254573069 221.178733790735 224.000881157919 226.728374443037 229.23096080798 231.728580438717 234.149215665584 236.336147275132 238.575641600757 240.903930632586 243.092971769705 245.193279237901 247.20536419658 248.844085673923 250.359920482165 252.532001454221 254.717987029524 256.268379191077 257.855148291437 259.300270060807 260.747100808393 262.024757352692 263.948020907635 265.481712313212 266.826377844862 267.632537831495 268.686393720913 270.002807593643 271.318000773859 272.103942870918 272.78253171446 274.404342622074 276.105613684131 277.429710386031 277.791458131893 278.098510742106 278.712112405318 279.338539119775
-9999 -9999 -9999 -9999 -9999 -9999 -9999 -9999 -9999 -9999 -9999 186.377643550817 189.21921917143 192.097808800825 194.974517783429 197.855918846931 200.786521872076 203.619480095334 206.483570061894 209.270019493523 212.10575863007 214.803474390188 217.497199975061 220.235328636899 222.580512968736 225.295375784496 227.821201290766 230.456375087818 232.950340238207 235.246406525904 237.387954679226 239.689758274129 241.888084382759 243.847743961537 245.612071963905 247.624484990354 249.77119823381 251.80273053019 253.455341315726 255.150939911777 256.861503577373 258.544677709623 260.229576090337 261.688117962965 263.177986121485 264.799713110132 266.096633894459 267.083602887512 268.096817004628 269.379653912056 270.332664476043 271.45635985126 272.465499853958 274.310676551889 275.320915198606 276.796791059997 277.560203546886 278.018859856757 277.718727101778 278.748741124938
-9999 -9999 -9999 -9999 -9999 -9999 -9999 -9999 -9999 -9999 -9999 185.246257749779 187.942256887096 190.815860711375 193.766616783068 196.622600518077 199.545402488756 202.349109612963 205.263629878136 208.086379965151 210.887096369917 213.75704570966 216.401687585591 219.019435846605 221.480060544342 223.946197472949 226.644786798503 229.117141686042 231.776966058008 234.196121180714 236.48940273818 238.685901610105 240.914680454876 242.697727180504 244.521221131164 246.635696371484 249.170238463524 251.01822659543 252.858749368716 254.256576510489 256.062248205698 257.683410616551 259.499145481845 261.038551305292 262.194999689988 263.268966644605 264.618164042045 266.107353191169 267.451354955477 268.564964284459 270.055801367052 270.917282089982 272.442771882794 273.482757554855 274.53778837454 275.465499866383 276.666412323453 277.948165891239 277.353675838841 278.503509474826
-9999 -9999 -9999 -9999 -9999 -9999 -9999 -9999 -9999 -9999 -9999 -9999 186.770770997389 -9999 192.588520022815 195.343883475341 198.248451194727 201.094646416695 204.023357353047 206.888977012094 209.682731592824 212.524391137253 215.148078881873 217.694976771744 220.518569918141 222.95184703909 225.587131462717 228.003440818419 230.600185355584 233.049251521576 235.415389982529 237.72058102282 239.865306823463 241.964347806311 243.718234988118 245.877452810558 248.385356877139 250.249656651581 251.727947215764 253.377887692871 -9999 257.144790627897 258.93417355787 260.57579801326 262.105911231053 263.017852776328 264.133575420664 265.49643705378 266.964096049248 268.572761513961 269.844345087139 270.443695048552 271.364128101222 272.641899081507 273.513206468064 274.414276102253 275.509895300752 277.250595100959 277.329711914819 278.12339015187
-9999 -9999 -9999 -9999 -9999 -9999 -9999 -9999 -9999 -9999 -9999 -9999 -9999 -9999 191.170700034809 194.101425130365 197.031814538053 199.962829550347 202.762287104895 205.641693075697 208.485103567659 211.269454919282 213.985942802728 216.668678245955 219.208869900425 221.869117699781 224.440692868371 226.822032897486 229.319663963458 231.798320738181 234.201328241655 236.507789581479 238.639614075562 240.947311362752 243.217075321706 245.270851101277 247.387737247246 249.096717806523 250.876975983327 252.64320371748 254.117370580027 255.585685710524 256.927219357962 259.085327117965 260.831947293261 262.267555218509 263.342658981278 264.70066068096 266.684844942652 267.867164602926 268.1338500835 268.935386632609 270.386573768489 271.623596165293 272.989845256621 274.078651414935 275.261962865072 277.454544048788 277.56404876185 278.089233380868
-9999 -9999 -9999 -9999 -9999 -9999 -9999 -9999 -9999 -9999 -9999 -9999 183.936874341454 187.030738795076 189.977603874733 192.873374902061 195.765232049648 198.646045647491 201.487182577954 204.358409846156 207.186698877035 209.99179454932 212.772075615914 215.454482994003 218.108798947746 220.683364831424 223.26230236174 225.708297696391 228.192188228872 230.614406550643 233.111152614108 235.532928433861 237.773040736709 239.989158599169 241.753219580698 243.529933889398 246.005569427963 247.687744119415 248.955512978709 251.273651088069 253.14266202232 254.72017285323 256.28524015403 257.452644327783 259.108604395362 260.946426363213 262.566657997753 264.469772307713 266.04196165137 266.905143727363 267.695533741386 268.306480403506 269.56703183577 270.877708409737 272.367553683908 273.601348863031 274.979576073097 277.188453642978 277.957031257754 278.428657516834
-9999 -9999 -9999 -9999 -9999 -9999 -9999 -9999 -9999 -9999 -9999 -9999 183.039611776109 185.877284968292 188.834800683135 191.659854848919 194.518959008739 197.41934581928 200.30473324084 203.152996025438 205.972785912323 208.82672115292 211.59177776621 214.244834860809 216.955730403992 219.558509793001 222.180129972239 224.697578393754 227.153140988771 229.604354821607 232.065975153457 234.474212612194 236.729553191922 238.91102597049 240.783447245079 242.504390686984 244.288661923624 246.493854493201 248.163341498574 249.911865205786 251.775630922579 253.519401519099 255.30083462833 256.570350640292 257.914207420765 259.968566861029 262.076766940816 263.782165491014 265.049545287306 265.843620280464 266.70063017492 267.849632244786 268.712516745345 270.74690243703 272.267578113999 272.946456888879 274.526855432777 276.716423008983 277.665641782528 277.932098369694
-9999 -9999 -9999 -9999 -9999 -9999 -9999 -9999 -9999 -9999 -9999 -9999 181.780746426482 184.756572678572 -9999 -9999 193.570739713627 196.235427817163 199.121662103543 201.975021325202 204.835823019708 207.738151511345 210.366073569517 213.167953457905 215.813583336936 218.429904901613 221.129569972188 223.43956371792 226.07360454987 228.467803919404 230.979759182501 233.245658840109 235.430267300222 237.569770780708 239.657505005882 241.751087159875 243.665264103605 245.171951263451 247.300174682873 248.650432564036 250.53745648484 252.247459389097 253.559452032412 255.209663366894 257.562828019356 259.91941830131 261.772773720563 263.137649516097 263.864509559986 265.339569063953 266.570396406394 267.221817011613 268.187080355113 269.873870815929 272.039756748987 273.13526915894 274.225112878908 276.024070716807 276.911148053409 278.208305340242
-9999 -9999 -9999 -9999 -9999 -9999 -9999 -9999 -9999 -9999 -9999 -9999 180.552661859705 -9999 186.324027976992 -9999 -9999 195.177917449689 197.851860006956 200.845535242297 203.589736901336 206.418544732198 209.216041526764 211.959140745379 214.646270715573 217.247173271126 219.995948755079 222.526733366251 -9999 227.447277035764 229.352149934392 231.604064905655 234.096290554921 236.407916986959 238.625095330631 240.769725767624 242.692264532005 244.350307424954 246.580032316511 248.374790173668 249.613601668642 251.125472987462 253.182338686883 255.006050075688 257.182815521361 258.870223972899 261.168746915988 262.221702563263 263.208129861043 264.549903847178 265.690368635242 266.779960612209 267.926322919958 268.994163485023 271.033958396132 -9999 274.145561196412 275.204017614609 276.386268586484 277.442825300536
-9999 -9999 -9999 -9999 -9999 -9999 -9999 -9999 -9999 -9999 -9999 -9999 -9999 -9999 -9999 -9999 191.016464197247 -9999 -9999 199.70693965662 202.434070549575 205.274623831381 208.04841228553 210.875205956282 213.453418698781 216.124244652454 218.85034938976 -9999 223.755996668421 226.013900722187 227.890014619348 230.334819754538 233.184486354344 235.203762023189 237.471630055724 239.888568846116 241.897911036102 243.935787171895 245.709808325138 247.327568033472 248.51808164372 250.403228729473 252.154903395086 253.652145354098 255.823932607289 258.056472746177 260.307144130375 261.62699888194 263.080169657189 264.074455244634 265.50318144119 266.473915090115 267.465713471059 268.95042417264 -9999 -9999 273.388107278755 274.2990493566 275.512336703991 276.649826022513
-9999 -9999 -9999 -9999 -9999 -9999 -9999 -9999 -9999 -9999 -9999 -9999 -9999 -9999 -9999 -9999 -9999 -9999 -9999 -9999 201.268424948623 204.120296436815 206.898498494128 209.637157401184 212.34178157732 215.160751304021 217.706714591541 220.21383663917 222.595825163999 224.938716853685 227.335834465776 229.887630425034 232.080245938005 233.935535401637 236.468246417871 238.800247160207 240.903392755096 243.078151675441 244.889205908016 246.508483855852 248.357799505072 249.79477307578 251.434112525259 252.96912762993 254.685966458316 256.72793575782 258.959747272359 260.353301981916 261.651863074687 263.477302517408 265.280082675917 266.696357708019 268.126548745009 269.363960248514 269.594749427139 270.876518229523 272.466812116426 273.866119356497 274.917709329784 276.486312847567
-9999 -9999 -9999 -9999 -9999 -9999 -9999 -9999 -9999 -9999 -9999 -9999 -9999 -9999 -9999 -9999 -9999 -9999 -9999 -9999 200.092418632586 202.912288626578 205.701671563533 208.501773801037 211.161006889321 213.863471948024 216.45751567829 219.020221676959 221.458072629739 223.900016751466 226.389331780135 228.747878996393 230.683235140917 232.824401827763 235.586067162138 237.811565368997 239.929843872645 241.912799805921 244.025119752009 245.86013028254 247.60394284425 248.792690259744 250.255409217898 251.856780980614 253.961540185495 256.120120971559 258.61149595986 259.578979471995 260.894424406127 262.458251926039 263.756591792782 265.054206821933 266.915756199576 267.920272810329 269.475326519134 270.70275113999 271.845870947891 273.340797396363 274.652252174348 276.080688455302
-9999 -9999 -9999 -9999 -9999 -9999 -9999 -9999 -9999 -9999 -9999 -9999 -9999 -9999 -9999 -9999 -9999 -9999 -9999 -9999 199.045391052918 201.757366145811 204.571777309611 207.290096246189 209.939300499273 212.674900016836 215.238162957649 217.841823540133 220.328136406939 222.754585232009 225.300147970617 227.834300972214 230.007461514802 232.170021027224 234.453388176854 236.550792667197 238.605548826873 240.70376965486 242.795867886418 244.82511899221 246.699085210368 248.325324992951 249.547119111896 250.943439462267 253.136146505897 255.747062626136 257.876655568458 258.41814421075 259.821968059895 261.159965485579 262.825424166362 264.640174835605 266.211776710046 267.104934681548 267.805778483347 269.236175503379 271.125083887827 272.937202427911 274.294410681504 275.625671369694
-9999 -9999 -9999 -9999 -9999 -9999 -9999 -9999 -9999 -9999 -9999 -9999 -9999 -9999 -9999 -9999 -9999 -9999 -9999 -9999 -9999 200.709358185157 203.308452569294 206.108890492712 208.826255759266 211.494670830159 214.126823388491 216.656887021853 219.177101101669 221.680664026273 224.225116694937 -9999 228.726287797548 231.150703399747 233.241317721349 235.174842812128 236.680240592812 239.436496701222 241.572589841069 243.638908359318 245.478729211739 247.428138702502 249.044727306763 250.743167844972 252.688133206366 255.230037651497 256.6764144758 257.563415504096 258.762847882891 260.532234151078 262.372047398504 263.854057293422 264.992958051444 265.882034294067 266.707397440219 268.448020898764 270.554298364231 272.283790565893 273.815444919133 275.021125777729
-9999 -9999 -9999 -9999 -9999 -9999 -9999 -9999 -9999 -9999 -9999 -9999 -9999 -9999 -9999 -9999 -9999 -9999 -9999 -9999 -9999 199.39804073101 202.118442493789 204.943469964745 207.657218896345 210.2652740144 212.915992702749 215.522178616037 218.040336575227 220.535068473209 223.135337793473 225.484847985319 227.468330348808 229.737537350572 231.699584937369 233.611953713744 235.039337124917 237.624996156511 239.840740170101 242.1083678894 244.34972760074 246.558052023631 248.398002599488 250.64141841262 252.660106630791 254.433059670318 255.79631422086 257.000312781313 258.38114926376 259.953475928737 261.417716954933 262.845672588198 264.10916135044 265.394287086843 266.608566271857 268.295288057606 270.169090227915 271.851776097966 273.050941444334 274.095504749244
-9999 -9999 -9999 -9999 -9999 -9999 -9999 -9999 -9999 -9999 -9999 -9999 -9999 -9999 -9999 -9999 -9999 -9999 -9999 192.323493932392 -9999 197.937416028915 200.994224511357 203.743492091122 206.489006007644 209.186351739047 211.783935506754 214.458812678083 216.988937338933 219.460315670816 221.944755520461 224.34263988997 226.347213713856 228.430267309216 230.33502194224 232.042354561058 234.043575248145 236.133281685294 238.421466794374 240.797546335185 243.55470272659 245.693340268185 247.663841230813 249.423702215054 250.580448125928 252.177314721637 254.300388306028 256.142890906609 257.740928618749 259.344886755746 260.84796140382 262.121971113782 263.603027312831 265.512893655471 266.744834867412 268.370628335129 269.712135296717 270.769645673889 271.900726294256 273.262893650882
-9999 -9999 -9999 -9999 -9999 -9999 -9999 -9999 -9999 -9999 -9999 -9999 -9999 -9999 -9999 -9999 -9999 -9999 -9999 191.321346244612 194.184219319302 196.968997918579 199.763984642386 202.522815664662 205.235481225751 207.857532462112 210.565952264846 213.159244504166 215.672527274573 218.163204158288 220.695919001816 223.049621545513 225.296089144753 227.514251675324 229.375884980932 231.274257629601 233.352516136958 235.732482889715 237.957385973759 240.263290353609 242.979114501451 245.012374847546 246.877708421273 247.88263319039 249.070335374544 250.155483213545 252.95986170962 255.148117035763 257.00632473675 258.813407874205 260.362586952968 261.897079450546 263.374381998772 264.673446635705 266.237472498181 267.573951708303 268.511856069844 270.122917146947 271.407531719352 272.58034512922
-9999 -9999 -9999 -9999 -9999 -9999 -9999 -9999 -9999 -9999 -9999 -9999 -9999 -9999 -9999 -9999 -9999 -9999 -9999 190.308956115502 193.015357933194 195.759593926787 198.514629323539 201.359687763894 204.039146383299 206.642730679293 209.297435718673 211.94462581843 214.562240561457 217.114849053637 219.524230919029 221.947853049297 224.414638481603 226.660644499586 228.643371559415 230.813144643239 233.198886833865 235.586654634791 237.762519794943 239.883930179302 241.879859892724 243.950588192711 245.925098384427 247.610820749938 248.793827039054 250.288776362987 252.560234037082 254.458637206348 256.227096533947 257.78744504306 259.197128263365 260.992240877599 262.551666240729 263.732902498115 265.579177832165 267.147918669911 268.432380661532 269.418601967995 270.649772614705 272.047683694474
-9999 -9999 -9999 -9999 -9999 -9999 -9999 -9999 -9999 -9999 -9999 -9999 -9999 -9999 -9999 -9999 -9999 -9999 -9999 -9999 191.847499810557 194.621128045039 197.374179800936 200.086406670293 202.921077693322 205.541618311546 208.19231411327 210.807411158133 213.393436393504 215.850627862979 218.40790172666 220.829864468161 223.231128656935 225.712009396917 227.987129177331 230.242526971592 232.092838260013 233.995498628383 236.293720207647 238.866378748789 240.906673398794 242.85778042544 244.770046199225 246.68661877866 248.207855197204 249.862663241391 251.522762273403 253.252792329774 254.924495672724 256.588211037797 257.779968242033 259.257232630193 261.006065342378 262.283943157287 263.719741804442 265.575363108289 -9999 -9999 -9999 -9999
-9999 -9999 -9999 -9999 -9999 -9999 -9999 -9999 -9999 -9999 -9999 -9999 -9999 -9999 -9999 -9999 -9999 -9999 -9999 -9999 190.637359579215 193.440025293888 196.215412101113 198.929492912554 201.67371745907 204.346633869521 207.100219688242 209.63298031212 212.172904933062 214.770206413934 217.31805798028 219.752475704652 222.230934110615 224.482295955625 226.814014395561 229.03354641712 230.998352021193 232.744449595969 234.55785366824 237.267467459342 239.766445124547 241.869384732619 243.655158971725 -9999 -9999 -9999 -9999 -9999 -9999 -9999 -9999 -9999 -9999 -9999 -9999 -9999 -9999 -9999 -9999 -9999
-9999 -9999 -9999 -9999 -9999 -9999 -9999 -9999 -9999 -9999 -9999 -9999 -9999 -9999 -9999 -9999 -9999 -9999 -9999 -9999 189.484573327018 192.26588817609 194.977523769197 197.68226238111 200.414272270431 203.053169211384 205.763664204848 208.449577294925 211.028900110419 213.623249016819 216.147232017443 218.522548639933 220.856620752294 223.256935090615 225.466606107106 227.924438435054 229.893741579246 231.684150672681 -9999 -9999 -9999 -9999 -9999 -9999 -9999 -9999 -9999 -9999 -9999 -9999 -9999 -9999 -9999 -9999 -9999 -9999 -9999 -9999 -9999 -9999
-9999 -9999 -9999 -9999 -9999 -9999 -9999 -9999 -9999 -9999 -9999 -9999 -9999 -9999 -9999 -9999 -9999 -9999 -9999 -9999 188.477970075137 191.105483970382 193.999492600443 -9999 199.120288814091 -9999 -9999 -9999 -9999 -9999 -9999 -9999 -9999 -9999 -9999 -9999 -9999 -9999 -9999 -9999 -9999 -9999 -9999 -9999 -9999 -9999 -9999 -9999 -9999 -9999 -9999 -9999 -9999 -9999 -9999 -9999 -9999 -9999 -9999 -9999
