socal_rasters/bio01_SPHAsouth_aggfac2.asc
NCOLS 210 
NROWS 130 
XLLCORNER -119.45 
YLLCORNER 32.483333333 
CELLSIZE 0.0166666666666667 
NODATA_value -9999 
[rows 26 to 51 of 130, columns 120 to 179 of 210]
168.763099740854 169.962493786815 178.125595056715 180.481552081664 181.539878852883 179.101791433152 176.023811351599 169.063102950304 156.525592869114 155.624996060435 157.520832282782 152.95297977736 150.950595977895 152.129165705701 150.435119574454 149.237503088621 141.091667364234 138.923218025428 120.549402406026 109.558330552881 -9999 -9999 -9999 -9999 -9999 -9999 -9999 -9999 -9999 -9999 -9999 -9999 -9999 -9999 -9999 -9999 -9999 -9999 -9999 -9999 -9999 -9999 -9999 -9999 -9999 -9999 -9999 -9999 -9999 -9999 -9999 -9999 -9999 -9999 -9999 -9999 -9999 -9999 -9999 -9999
174.477970056653 177.692851966081 179.407730138265 181.192264484714 184.350589737794 185.462497701512 186.325595846484 185.995239290505 181.368454050327 175.919639747214 175.460712400354 173.822021468449 169.941066818413 161.13571945972 158.250594979873 162.480949300408 162.339878257169 143.912498780244 135.074405772139 132.733333471726 123.040474337252 -9999 -9999 -9999 -9999 -9999 -9999 -9999 -9999 -9999 -9999 -9999 -9999 -9999 -9999 -9999 -9999 -9999 -9999 -9999 -9999 -9999 -9999 -9999 -9999 -9999 -9999 -9999 -9999 -9999 -9999 -9999 -9999 -9999 -9999 -9999 -9999 -9999 -9999 -9999
179.176197040881 180.48333356489 183.101196249635 185.350006090153 186.64880370007 187.676780686392 188.600002278754 189.947624183938 191.344047541421 191.948219301759 189.428569811141 184.245838278476 177.26845179527 172.132141163469 168.476784057404 164.908927616432 168.063102996805 153.180950158798 155.504764653151 153.219638929003 141.602379035997 133.4946440505 -9999 -9999 -9999 -9999 -9999 -9999 -9999 -9999 -9999 -9999 -9999 -9999 -9999 -9999 -9999 -9999 -9999 -9999 -9999 -9999 -9999 -9999 -9999 -9999 -9999 -9999 -9999 -9999 -9999 -9999 -9999 -9999 -9999 -9999 -9999 -9999 -9999 -9999
182.565475465237 183.105358109889 184.724994633362 186.65892789303 188.705947854583 189.656543726527 190.489871967173 189.645835895623 190.121433207351 193.679161061328 193.700004579713 193.550003069214 189.952377386259 185.202980106536 171.657142832629 171.752380153849 166.219650662422 144.538692431896 161.55773521875 160.8047639594 148.942264759134 143.001190202336 152.587497600893 155.515472432988 -9999 -9999 -9999 -9999 -9999 -9999 -9999 -9999 -9999 -9999 -9999 -9999 -9999 -9999 -9999 -9999 -9999 -9999 -9999 -9999 -9999 -9999 -9999 -9999 -9999 -9999 -9999 -9999 -9999 -9999 -9999 -9999 -9999 -9999 -9999 -9999
185.324993133489 185.535717011271 186.613098130497 187.795238483139 188.992866495512 191.316669449506 192.154754628378 193.233329757241 194.538097366286 194.938694001568 194.986305232278 195.244056695742 194.594635031962 193.071426406166 189.875000066219 187.717849728979 180.013687297134 171.178566022627 171.146427114619 171.895836066492 156.83392735717 157.85416797184 163.117854816262 161.289878934364 156.892852780315 142.590477405142 -9999 -9999 -9999 -9999 -9999 -9999 -9999 -9999 -9999 -9999 -9999 -9999 -9999 -9999 -9999 -9999 -9999 -9999 -9999 -9999 -9999 -9999 -9999 -9999 -9999 -9999 -9999 -9999 -9999 -9999 -9999 -9999 -9999 -9999
187.524402618984 187.755954736577 188.391658774272 189.339279162398 190.000007620622 191.236305215279 193.279766060336 194.219642629452 195.288089738469 195.988094324948 196.444644923085 196.797615047623 196.652976995137 196.11904526825 194.604763053752 193.503574374172 190.32619099968 185.761901957105 181.44880674809 175.622024618735 164.812500022642 171.300594292818 169.699997044703 160.097023157332 147.538688793711 137.695831480958 124.926189461105 -9999 -9999 -9999 -9999 -9999 -9999 -9999 -9999 -9999 -9999 -9999 -9999 -9999 -9999 -9999 -9999 -9999 -9999 -9999 -9999 -9999 -9999 -9999 -9999 -9999 -9999 -9999 -9999 -9999 -9999 -9999 -9999 -9999
189.234519959208 189.411308282195 189.961902612004 190.650001515829 191.331554405908 192.250595080764 193.506542182606 195.01845549688 195.917263020403 196.765476214384 197.355941771868 197.136314396962 196.755355838123 196.33631134722 195.757148751114 195.208324440442 193.75714494647 192.334529901461 190.342262300712 184.76428616695 177.602977760313 171.894642121852 156.371433313188 153.71130379558 147.255951019376 148.064880298827 144.460117560495 139.187499999895 -9999 -9999 -9999 -9999 -9999 -9999 -9999 -9999 -9999 -9999 -9999 -9999 -9999 -9999 -9999 -9999 -9999 -9999 -9999 -9999 -9999 -9999 -9999 -9999 -9999 -9999 -9999 -9999 -9999 -9999 -9999 -9999
190.623210906736 190.865470881205 191.322616571079 191.914283746827 192.682140342702 193.130947107046 194.222022995446 195.469047535026 196.323806748266 197.366065971203 197.363090518696 196.988685611766 196.607738498939 196.024997722773 195.186306011526 194.377380384028 193.386901866451 192.007736233713 190.032142665793 187.849998502532 184.503570629965 177.501785389574 169.210708716245 160.792266908172 157.927978555208 147.473804735479 137.011905615351 135.552974667962 133.785118133703 122.040474321576 -9999 -9999 -9999 -9999 -9999 -9999 -9999 -9999 -9999 -9999 -9999 -9999 -9999 -9999 -9999 -9999 -9999 -9999 -9999 -9999 -9999 -9999 -9999 -9999 -9999 -9999 -9999 -9999 -9999 -9999
191.830360413008 192.063682550215 192.533332819862 193.155353536963 193.882148734639 194.247028342243 195.261314378202 196.228572837866 196.945236193378 197.417263032507 197.10237885008 196.610122689781 195.942264566011 195.110713973974 194.076786056699 192.770832079969 191.582141891734 190.35000612108 188.726184872108 186.315471686079 183.289882703633 179.061306069775 174.198223182068 169.092857419163 166.254757014793 158.816665763314 149.132145118118 130.370832766 124.502384488432 102.167263407558 86.060121614695 -9999 -9999 -9999 -9999 -9999 -9999 -9999 -9999 -9999 -9999 -9999 -9999 -9999 -9999 -9999 -9999 -9999 -9999 -9999 -9999 -9999 -9999 -9999 -9999 -9999 -9999 -9999 -9999 -9999
192.788085937938 192.978572839936 193.483932490857 194.169040668591 195.01786040258 195.708335876351 196.392860398796 197.110126492666 197.422618865441 196.82915878811 196.301792156314 195.489288334979 194.975002293336 194.482738502672 193.664287580957 192.296424883832 190.924407979554 189.386901876033 187.623210929806 185.525592838866 181.632141190629 171.402385884901 162.171428808622 161.002975326254 167.591072094574 164.416671815569 158.992858965374 152.847023110535 142.813690364415 129.451780490931 107.658335156373 88.4101182661548 74.1672613179484 -9999 -9999 -9999 -9999 -9999 -9999 -9999 -9999 -9999 -9999 -9999 -9999 -9999 -9999 -9999 -9999 -9999 -9999 -9999 -9999 -9999 -9999 -9999 -9999 -9999 -9999 -9999
186.510711654698 187.887496942748 192.497619640936 194.863689410172 196.019042956864 197.225589744181 194.869052874657 196.62202836593 194.859519990393 193.270240766208 191.633338968981 190.373805993601 191.113689409207 192.271427141372 191.683326752804 190.286312123013 188.210708652107 186.238689442641 183.959526105267 180.285118147326 177.053577459056 174.082736985749 171.80654911965 171.832145699072 169.104763075938 164.429161156741 155.26488509542 149.333923510802 134.722618313051 127.363695187643 127.992263828665 120.007736390105 106.667856258849 112.271431033849 101.749405046672 -9999 -9999 -9999 -9999 -9999 -9999 -9999 -9999 -9999 -9999 -9999 -9999 -9999 -9999 -9999 -9999 -9999 -9999 -9999 -9999 -9999 -9999 -9999 -9999 -9999
185.959526002087 193.163688646274 190.091667227528 194.642852728352 196.382736184236 197.489284521657 195.394641864576 195.468452475494 191.840477089346 181.9321364053 189.389873542281 185.774402681686 182.058326727816 184.441665607172 188.692268314319 188.358337420577 185.405952501641 181.298812895837 179.243457829164 177.325592040349 178.086303679609 178.625000019813 175.507144981876 172.663688692253 170.079166453706 165.750599001828 157.104763115125 154.870239380524 143.099407368839 140.202976275369 135.953571352558 133.941669562735 129.453571313969 133.135715512533 127.274999769538 116.669048491282 100.227978031688 -9999 -9999 -9999 -9999 -9999 -9999 -9999 -9999 -9999 -9999 -9999 -9999 -9999 -9999 -9999 -9999 -9999 -9999 -9999 -9999 -9999 -9999 -9999
194.113094345665 195.208335861607 193.800594324458 196.777973157728 197.323207848178 197.301193244551 196.104164140816 194.202976253672 191.097019241677 188.783340479475 182.829162672321 183.410121896654 182.004165682754 178.544639646484 181.178577324286 184.988101942045 186.329166396935 183.551780749718 180.97678380857 180.18035888973 178.976188660882 177.194637327113 175.039287600955 172.786907221683 170.608329808488 167.705955550747 162.41309750387 156.477378822753 152.024406530758 149.290473962726 145.626785393975 139.985714075956 142.414882576756 136.93392938631 140.656547471898 136.851783820758 131.541664109725 130.330356470483 127.027975251257 -9999 -9999 -9999 -9999 -9999 -9999 -9999 -9999 -9999 -9999 -9999 -9999 -9999 -9999 -9999 -9999 -9999 -9999 -9999 -9999 -9999
190.333930978469 195.684528301893 197.345829008144 196.380355854919 196.233924854148 196.046436318999 194.935119647452 190.024997818064 183.132133609485 176.796428658164 177.186904953857 168.733924987648 169.765472211701 176.26012045038 170.001194016813 174.033332745492 178.94881054047 182.79643627581 182.320835141576 179.619644215869 177.088691709351 175.852970140884 174.958927170186 173.285713223983 171.187500024865 167.83749777531 162.275592897962 154.892856638941 157.541664150811 156.947616600258 152.23868564578 148.644641853254 149.566070561669 150.60476310393 150.732143203686 153.800590558084 153.601783778661 147.149406459922 137.786312115273 147.067859422851 143.561309896142 -9999 -9999 -9999 -9999 -9999 -9999 -9999 -9999 -9999 -9999 -9999 -9999 -9999 -9999 -9999 -9999 -9999 -9999 -9999
195.208335860797 196.891071306241 196.901187902576 195.756549835963 195.541667950062 194.639873516021 193.674999249943 191.70893482222 185.866070003156 166.637500894607 173.623809579403 179.491668719703 175.729762991007 171.430954159925 167.591060608681 168.655357363455 172.415481485724 176.737495400644 177.323806726368 178.529167188518 178.950000768178 178.579761506606 176.851192500666 175.290473950122 173.753574399585 170.295238554271 166.751785305591 166.13987733687 164.791660332263 163.10059359989 159.771427265509 154.470241589812 155.391075041763 158.896427106322 159.433330558574 162.439876609096 160.867855012188 164.189880438647 158.994644151526 159.027378205323 151.876186463949 148.308330508715 151.066661859459 -9999 -9999 -9999 -9999 -9999 -9999 -9999 -9999 -9999 -9999 -9999 -9999 -9999 -9999 -9999 -9999 -9999
195.101184858829 195.6863136215 195.586307532735 195.126785284973 193.819042206885 193.120834363051 192.735122696564 190.23453145997 185.352970175661 175.88035982301 169.386905528971 180.152973126776 180.50238039296 176.892856672066 172.662502283838 174.454166334281 177.484516124874 177.388694789843 174.924407999062 172.9904708927 173.262500745598 173.769054392642 174.363094254362 174.945240070788 172.919044504942 171.633327509795 169.945838946971 168.884521497183 167.877376572329 166.754760759654 165.577377340067 162.432739332848 160.135707863406 163.577972346341 164.385707952923 168.470233921268 170.611312843056 172.107727080677 167.823814356571 164.77143112318 165.444049928895 169.961910219686 168.119052800609 174.463695424333 166.867263706792 179.610717591749 -9999 -9999 -9999 -9999 -9999 -9999 -9999 -9999 -9999 -9999 -9999 -9999 -9999 -9999
195.281543737195 195.245235443171 194.624404917501 193.879760751844 192.45238498201 188.579170228279 187.658336654703 187.270233195567 182.850597377882 183.048809069587 181.192256944783 181.538093551769 182.172622676989 181.522613545843 180.303569798042 180.127975450593 180.521430967066 181.060718527563 181.05475999801 179.505950950626 178.06607436792 176.589885738203 173.636913303576 173.830951676974 173.691661844571 172.540477775506 170.875000017649 169.952388788104 168.697612768527 168.500591274507 169.127380356589 169.038688686974 166.201789882888 168.48571387835 172.061309767991 175.847614235665 179.035118064928 179.841068263418 178.141662659982 178.258338877246 181.010707862592 182.419643437229 186.054168642772 187.230945471054 190.926193215241 192.537502285393 185.803573727 -9999 -9999 -9999 -9999 -9999 -9999 -9999 -9999 -9999 -9999 -9999 -9999 -9999
194.445240024805 194.001789099286 193.195831309826 192.002979294255 189.647018477244 186.357139615357 183.010723172958 181.136302952895 182.601192465368 183.057136535291 182.769641883844 182.452976226897 182.752975458657 183.140468592679 182.864883428814 182.701778415654 181.991065952355 183.192859638783 183.856548299221 184.354160312041 183.341075925864 181.6101227072 179.757736234397 178.600002289733 174.577377438959 171.998806013117 170.303577456262 169.557147977993 169.050594335134 169.610118855467 170.53035353092 171.761306750195 172.63689801325 174.427978484189 176.360717749137 178.474395714452 181.283927875683 183.702976197129 184.226787587567 184.891078917615 187.809524484548 190.734519925972 193.416664076108 195.476188641384 197.174400289693 199.144638052158 200.594043717462 199.842857402646 199.501789023813 199.1755943187 -9999 -9999 -9999 -9999 -9999 -9999 -9999 -9999 -9999 -9999
193.016071332152 192.107738500645 191.402977000522 190.103569047717 187.995235479791 183.554763860583 181.826187143853 180.649402636869 179.25595474804 181.383933988293 182.650596613046 182.943454737619 183.206550597392 183.466659537887 184.011905663256 184.433929439386 184.285713208025 181.217269994753 177.382141038234 185.974407185423 186.529766073183 186.713100455992 184.069641162029 181.855358170325 176.604763143796 175.150596657313 170.761901972951 168.232147164292 168.567264574606 169.040481529459 170.181549113076 171.955348916888 174.432136505419 176.325592018441 175.342266139482 176.401782896582 176.114284569312 181.377380325557 186.28749837746 189.189884157475 191.150600401792 193.136310548061 194.991668673174 193.023208726055 195.155361236601 197.119640088641 202.799407935709 203.998809807295 204.055946345195 205.158931700392 207.623809769652 -9999 -9999 -9999 -9999 -9999 -9999 -9999 -9999 -9999
190.65535737478 189.002979303114 188.757736221062 185.188690228299 183.835720063499 182.144638093729 180.252971657537 178.826190976597 177.667263025427 179.910121877192 182.095828989215 183.077381128055 183.465480800468 183.751789086554 184.087497716471 181.801185649424 180.523807558024 175.761905741487 179.804164822979 186.341068225301 187.657138817565 -9999 186.976196321518 184.494049131109 176.684520739566 178.896427146075 175.260120468138 172.429164878529 170.283332780624 171.573207864163 171.900592863101 169.444644896747 171.152378060367 167.438099015697 155.955360505834 155.79166778801 158.879165626605 162.405353421374 170.535117867224 178.720237729461 169.120834328869 183.779758316069 177.044643783837 169.519642203447 166.760123872967 190.411311751286 200.2184486469 197.953571297799 194.13809597428 204.582732981885 208.759532902114 210.75476070648 -9999 -9999 -9999 -9999 -9999 -9999 -9999 -9999
185.486309061895 184.677375835767 183.752975434772 184.686309832447 181.921432517926 178.807743102092 177.332141880304 178.130950934864 177.678569778279 178.79464719787 181.144042942409 182.80951689251 183.592262261531 183.990474696376 181.76548016245 173.227374996638 180.970237685146 -9999 181.632740068698 184.120834240335 186.789878834006 187.683330534474 -9999 -9999 183.155349829158 181.088092717899 178.899402696696 174.395244639426 171.965473179234 175.073215460389 175.910114300815 171.890476319162 164.038688780191 153.106548502514 145.897621161946 140.929760034953 142.805355011939 148.901195352494 155.579757646552 157.686313702569 150.942855968265 145.906547486374 150.524997973296 129.686906884601 146.298209892067 165.592261725742 186.559524589043 165.866073388692 173.424403699064 196.425590413543 190.789283784461 205.932143897779 -9999 -9999 -9999 -9999 -9999 -9999 -9999 -9999
182.832740775776 181.709522268358 179.316665678539 179.897624923108 181.998210938705 179.964881906302 179.023212451005 177.624404933164 177.744049041597 178.117263806514 179.062499954407 182.131553630383 183.300003044228 183.811305993292 183.602382684309 -9999 -9999 -9999 178.489879435858 186.273807533499 185.830360361277 187.266662592703 187.591663353275 188.055362697273 187.880947126701 186.516666439341 181.061908883964 177.322021390735 177.789279943687 177.144641935383 175.214878093391 173.309524672702 162.580951764643 157.973808425066 148.193451013457 145.387500819742 142.667259275326 141.117256110956 145.421428603895 149.26786041593 144.845836773475 123.887499326538 104.610718036203 100.24107147074 130.235118397034 154.032737526726 159.099998375037 138.501783919925 141.522616927905 158.308337929251 164.108924400236 182.955947474458 206.104762898476 -9999 -9999 -9999 -9999 -9999 -9999 -9999
-9999 -9999 180.318447120527 180.600006094869 180.52321625653 179.069049858083 177.686904905501 177.810710903156 178.19107054224 178.291076662069 178.190479251334 181.256553624645 182.677967059516 183.516071312206 183.913097382081 183.626186380458 -9999 177.142860442285 185.031551315215 186.021427156126 186.243453971285 186.626785278353 186.181556704543 186.837490049529 187.779167171976 187.922618865636 187.667854322069 181.473221033498 169.345836786206 162.291668082729 156.761901800125 163.511905597374 156.810714897973 150.527378124144 147.564285222481 149.816074472392 142.21071254193 129.812500106363 130.868453923185 133.519638006095 127.782142836827 106.666075323979 82.1583350149243 80.6571424636037 100.772616575357 105.713688461486 118.838094395388 118.832737416306 107.705951135722 144.260116084876 174.737502753618 184.261905694265 195.164290956885 -9999 -9999 -9999 -9999 -9999 -9999 -9999
179.27321625772 179.8083305339 179.006549855781 177.094642663609 174.844638843902 175.701187108684 174.62500001771 174.892257699325 175.341663347042 176.572616556013 177.476184833461 179.097026792339 181.991073585238 183.087505331017 183.710716242973 182.850593600741 180.219642669783 184.620834325177 185.327976228475 184.639881147953 184.17261886239 182.866668743433 174.55595413218 176.298812606112 186.638690930651 187.494644156936 187.795829771517 187.821422580056 182.766666587343 166.29047423874 152.165474076326 150.597023020688 151.375591384042 154.290470069771 154.927974657419 146.56785602109 145.783927875115 143.06845481894 132.765480159172 118.729763321192 102.52678517583 85.2767813130947 88.3410719094018 85.7398816972805 71.6261900566909 58.6345249176181 59.5964279964112 80.1815471047152 91.3892890142077 128.58749723493 140.138690642504 149.680358607249 180.29165973331 208.314284921174 -9999 -9999 -9999 -9999 -9999 -9999
177.902385730185 173.747024569524 171.924400391043 168.062499999581 168.366073604975 170.341667171927 168.795242337174 167.699405685324 168.783328936172 172.446430150313 174.966670994202 174.691070530486 180.586910188652 182.902973165794 183.445240013598 183.349403391172 182.005954743734 184.6440429645 183.776191736548 182.314285300581 180.945831315851 178.755954835062 173.677383449087 170.249996246951 182.530956087596 186.611309040368 187.091663355734 187.238094332047 187.163692477504 186.841072096962 179.304756413234 167.317852075285 167.245239230704 170.089878030738 166.448219459838 151.280952767549 151.944042016562 152.857143545442 142.91785447272 126.289881099124 111.747022757238 104.613096300612 105.999403073788 94.464285332937 67.2053588804786 37.7886919247369 30.4380956318975 48.8547628656216 60.8035723841795 96.895238272535 131.107141000622 150.84821295422 168.538093145778 206.738093940749 -9999 -9999 -9999 -9999 -9999 -9999
178.348808349544 172.432739332295 167.523208632337 167.154762256838 166.907737730943 167.533924097505 166.746421832021 165.349411009554 168.877376470641 172.941673252376 176.336303692814 176.628570571048 179.473808219905 182.310119610608 183.180950156785 183.598812099021 183.889881131148 183.640476244308 178.964882016379 173.182739310732 170.559528388128 174.089885635023 174.755363536294 170.694637279633 181.092262127848 185.773811341655 186.072017665915 186.435123440218 186.455951693914 186.280952455108 186.303573608603 184.460121230095 179.630950984373 180.714885695098 176.772030017356 170.90356835725 165.942859685732 158.494640586516 142.34643191001 130.407142874742 123.411903303936 119.86845414127 108.814285525278 86.6654801088292 61.8648799401591 41.6839295813081 49.0892856104433 61.9232147560576 71.8059538345739 99.5874990752477 130.17678786877 146.695235801572 171.907145888142 199.26666591868 217.508331259004 -9999 -9999 -9999 -9999 -9999
