socal_rasters/bio06_SPHAsouth_aggfac2.asc
NCOLS 210 
NROWS 130 
XLLCORNER -119.45 
YLLCORNER 32.483333333 
CELLSIZE 0.0166666666666667 
NODATA_value -9999 
[rows 0 to 26 of 130, columns 0 to 58 of 210]
-9999.000000000000000 -9999 -9999 -9999 -9999 -9999 -9999 -9999 -9999 -9999 -9999 -9999 -9999 -9999 -9999 -9999 -9999 -9999 -9999 -9999 -9999 -9999 -9999 -9999 -9999 -9999 -9999 -9999 -9999 -9999 -9999 -9999 -9999 -9999 -9999 -9999 -9999 -9999 -9999 -9999 -9999 -9999 -9999 -9999 -9999 -9999 -9999 -9999 -9999 23.1411497318919 -9999 -9999 -9999 -9999 -9999 -9999 -9999 -9999 -9999
-9999 -9999 -9999 -9999 -9999 -9999 -9999 -9999 -9999 -9999 -9999 -9999 -9999 -9999 -9999 -9999 -9999 -9999 -9999 -9999 -9999 -9999 -9999 -9999 -9999 -9999 -9999 -9999 -9999 -9999 -9999 -9999 -9999 -9999 -9999 -9999 -9999 -9999 -9999 -9999 -9999 -9999 -9999 -9999 -9999 -9999 25.2120217710596 32.3794665803472 29.5697130461559 24.8542919541406 18.3333144371418 15.3783028474352 -9999 -9999 -9999 -9999 -9999 -9999 -9999
-9999 -9999 -9999 -9999 -9999 -9999 -9999 -9999 -9999 -9999 -9999 -9999 -9999 -9999 -9999 -9999 -9999 -9999 -9999 -9999 -9999 -9999 -9999 -9999 -9999 -9999 -9999 -9999 -9999 -9999 -9999 -9999 -9999 -9999 -9999 -9999 -9999 -9999 -9999 -9999 -9999 -9999 -9999 29.3126721235883 22.7851362815568 19.2587208567483 33.9192575532775 38.4382687110608 23.5587313873037 18.987889760684 18.4758548895557 17.67987199347 26.5643391346112 33.2579412469348 30.3726534693959 -9999 -9999 -9999 -9999
-9999 -9999 -9999 -9999 -9999 -9999 -9999 -9999 -9999 -9999 -9999 -9999 -9999 -9999 -9999 -9999 -9999 -9999 -9999 -9999 -9999 -9999 -9999 -9999 -9999 -9999 -9999 -9999 -9999 -9999 -9999 -9999 -9999 -9999 -9999 -9999 -9999 -9999 -9999 28.3898467413553 41.3933630091305 25.2927575960488 16.0001428409017 17.001336279761 22.3321719568879 23.8213357991019 32.4403642865903 42.9608039968368 32.7184744365023 21.8134980314701 22.8816938757839 14.5303232858799 17.2880688786771 32.262183734869 20.6670713868122 17.1314125027997 20.0124599955347 -9999 -9999
-9999 -9999 -9999 -9999 -9999 -9999 -9999 -9999 -9999 -9999 -9999 -9999 -9999 -9999 -9999 -9999 -9999 -9999 -9999 -9999 -9999 -9999 -9999 -9999 -9999 -9999 -9999 -9999 -9999 -9999 -9999 -9999 -9999 -9999 -9999 27.6066779995825 28.0688400897829 15.1682182279659 26.959441628157 34.8583306947592 45.3507356984172 29.6081939243095 14.8736830327189 16.7116126552719 23.9006667127554 27.955253593884 26.3540539848074 33.9043330580077 -9999 41.7026749097127 33.3652482354759 23.7440686703045 25.4820961493402 37.600887301874 25.4362712417015 22.3526534790994 26.5144333600939 29.5503058077765 30.1245803718254
-9999 -9999 -9999 -9999 -9999 -9999 -9999 -9999 -9999 -9999 -9999 -9999 -9999 -9999 -9999 -9999 -9999 -9999 -9999 -9999 -9999 -9999 -9999 -9999 -9999 -9999 -9999 -9999 -9999 -9999 -9999 -9999 -9999 8.71217914014824 11.5437476583713 17.1060914275349 35.0186314105517 35.1172008860694 36.0876392831503 36.6086463998818 46.9660520546366 36.1242690572541 25.0619969611986 26.1364993233118 32.483613981773 27.653464817896 32.1461706198589 32.9761514790902 39.5292367580809 -9999 42.7052192970327 39.764085748151 42.0665054001413 39.1527443209032 36.532786365113 36.9796562007976 40.8149089861748 39.1172371138642 32.6223869973616
-9999 -9999 -9999 -9999 -9999 -9999 -9999 -9999 -9999 -9999 -9999 -9999 -9999 -9999 -9999 -9999 -9999 -9999 -9999 -9999 -9999 -9999 -9999 -9999 -9999 -9999 -9999 -9999 -9999 -9999 30.1042343237062 13.3473288920807 17.3888294678877 13.3158618700358 -2.02143956723621 9.42704754045394 22.3257431685117 30.2462038592727 38.738559719938 39.1243662214418 47.1609010385693 51.6411428653797 43.9152288448038 44.5047101854129 37.1168699981414 28.7946844092869 34.5525698366863 40.9620962094202 43.216231345775 -9999 46.169432655042 46.8807344385331 -9999 39.9321594252782 39.6710157529445 41.8911113673527 35.3997192796875 29.2541037052158 20.1543028837311
-9999 -9999 -9999 -9999 -9999 -9999 -9999 -9999 -9999 -9999 -9999 -9999 -9999 -9999 -9999 -9999 -9999 -9999 -9999 -9999 -9999 -9999 -9999 -9999 -9999 -9999 -9999 -9999 6.16289978812875 29.7703155727668 27.0057078225489 11.1263578812304 25.3681168352382 20.8739707931408 3.04406103108477 1.07852372371635 7.24891874247742 14.1625287399841 24.2266306510613 27.9699301121696 38.8139886393181 52.1803760222814 48.2977962099563 42.0806742432189 37.5505657431295 34.8004760811361 36.9876708815288 43.1194362238255 48.0316171523815 47.5386428766147 -9999 -9999 42.9443855430595 42.7749795677501 44.1939468218851 42.2299958026154 33.7761202228159 26.0181594071776 24.0632982125774
-9999 -9999 -9999 -9999 -9999 -9999 -9999 -9999 -9999 -9999 -9999 -9999 -9999 -9999 -9999 -9999 -9999 -9999 -9999 -9999 -9999 -9999 -9999 -9999 -2.21691222743108 4.81658247645677 10.4839835780477 17.0360548139342 32.9015111424239 44.1662101930877 32.1445722957753 19.4367499585366 25.3143090661316 27.0131001722155 12.8832706964134 9.33210464228224 18.9597475237259 19.6591882802081 24.9162911826106 36.9883398660839 45.24689954594 55.56354998661 46.7384252621425 43.7216701364038 42.5277090179465 44.1566896441011 43.1658916700273 42.7983140524179 49.1112479848432 52.3548259649619 53.7951822433563 47.213068000769 48.1637258621906 46.1170358904944 47.6017016963475 42.9821472598093 39.1656637379812 36.0238113296502 31.3495025932831
-9999 -9999 -9999 -9999 -9999 -9999 -9999 -9999 -9999 -9999 -9999 -9999 -9999 -9999 -9999 -9999 -9999 -9999 -9999 -9999 -9999 -22.1080146103521 -9.92340113793127 1.54824222058897 -4.11021921530171 -2.96292109868625 -0.238288760797028 8.05668148471133 20.3792872142363 34.0582432095394 49.4722662192084 37.9643716909673 37.0918350299106 32.7048259036848 23.3534761040262 11.3736539536449 28.5655063934271 31.2648992927658 33.4576839967558 42.90116878203 48.2454948603658 -9999 52.8515358100318 48.4064045396561 48.1698569843913 47.9777498587986 41.0445079882273 42.5917234103466 47.1695317946888 53.7923726739724 55.2532520518473 52.3380260571104 48.4468546039202 45.8370285037901 50.3443908767876 45.5762558315432 45.5256185484179 42.7854748013918 41.6201562726656
-9999 -9999 -9999 -9999 -9999 -9999 -9999 -9999 -9999 -9999 -9999 -9999 -9999 -9999 -9999 -9999 -9999 -9999 -9999 21.7529399292433 11.9304356516693 -3.47270764208764 6.02938297219365 19.9582860198351 11.1713028436285 -3.94569745352455 0.443154492991279 5.25944207288619 18.0961734809078 35.5106558226531 52.7601785764393 38.3877591987794 39.0435485986763 29.6419888018599 15.0975242206661 12.1388792316563 32.2162040981959 36.0796609426815 37.0794019543444 43.4441508692794 53.4383544722714 -9999 -9999 55.292078035105 52.6484947377577 46.9137077576562 47.4664487633756 49.6140069925647 48.9065465919466 52.7156476650634 56.4771814570896 52.3984403823684 48.8438625472953 50.8421954800371 52.1792869889923 48.0195780164535 47.8775234260034 46.2389764626219 46.2539825326399
-9999 -9999 -9999 -9999 -9999 -9999 -9999 -9999 -9999 -9999 -9999 -9999 -9999 -9999 -9999 64.149071703637 58.1972017401274 49.7538128002437 40.4292011386352 36.8235416617392 28.8012771880763 27.9625706429744 30.1932883405499 36.9507493879086 22.4136794205521 10.3965289803503 -1.19339596735799 3.05834726255985 24.2590686398689 48.1660689826374 56.4580898210883 61.9995679921566 49.9120998931273 29.9172754532656 27.7295408672444 25.3776321050072 36.9045667277068 46.7890844409573 34.4956169752199 30.2886285347643 45.9611376970341 59.7646111872281 52.5309820817308 49.1072196991048 46.0921640615509 46.2145662097629 49.6174230473628 52.836629855705 54.3723306623428 55.6104116167616 58.236750614469 54.094364181456 52.5048446718407 54.8897828953602 53.0064773690178 50.1193819240912 51.2286634513955 50.1201744210532 46.3868322641071
-9999 -9999 -9999 -9999 -9999 -9999 -9999 -9999 -9999 -9999 -9999 -9999 71.5122642542704 67.9027118717549 64.9690761581318 62.6535959272253 59.577883727077 56.984945301132 54.3606815389908 52.5195398401784 49.4045448287998 53.0515813591096 50.8679695406146 37.5467224507038 25.6665880817249 14.6920224700349 7.58033349010728 17.374549111319 27.4248434859992 44.9456643713988 58.6300353685543 68.7852878627525 49.0615616919291 43.0304784357511 40.2564869068436 43.9540367003776 46.2518729660122 52.1287317638388 41.5919342238719 45.7416438653696 52.1137408860239 62.5941171538751 56.8043623099385 54.8732166502761 51.2651434202067 49.4803056654771 52.9617328619517 55.4238767503136 55.3597678993596 58.9052820078249 59.2034530738148 57.783024787398 57.1370172602711 56.408449175628 53.8903579670399 53.0472030594144 51.6005706997986 48.7006244746768 46.4188490071201
-9999 -9999 -9999 -9999 -9999 -9999 -9999 -9999 -9999 73.851915362992 71.2262763965864 72.5901260429343 69.4145927492019 62.3996057574244 59.4596023626603 55.7804727598488 53.4909687025415 51.6769809818216 48.8743906097203 48.097670551173 54.2827129255543 61.8439721843683 57.7316246288154 44.9172878546969 29.4296961094321 29.9761752897589 33.056900995695 38.9791893440319 42.0860814794459 57.4706077213198 67.4186515585675 71.0089740977912 57.1774530768524 52.7528504735659 51.6067629117014 49.8107928890453 56.843694629209 57.4842091073701 56.7753810567102 59.1673765107676 63.0818090302407 61.304561641641 55.2143840934003 54.0186100063473 48.6673889126475 50.5680598928696 56.613658872069 59.4329175774256 60.0403127728437 60.0645895108028 57.3702020651679 58.03590583726 57.9475889192378 57.5840044055776 56.4167566366767 54.9960127014837 53.6005296667127 52.6947536532634 52.1073198340413
-9999 -9999 -9999 -9999 -9999 -9999 -9999 -9999 77.4119224527908 73.5979709655834 72.5522499168752 62.1315870390576 53.142800335603 51.1572456377425 48.696520822201 43.3965330163091 45.8288831640099 47.1723356230208 50.3484926176327 58.0361137209926 63.4996738351811 64.9893560226241 65.6839132580467 59.2549572057959 50.1169672108286 50.4629640614433 55.7502927534132 57.9934139216235 64.7925224080093 70.2477912757011 73.895120613644 74.3561306045175 70.0381374458284 63.7841930606751 58.9158954639041 57.5048790103739 61.6798800971962 68.0196609616562 68.6886997193298 68.9800243375296 67.3581066204207 65.8659915921451 65.6038646736997 64.3147697547907 61.1488847888539 62.0492477405123 61.9017677245447 61.0423402903241 58.3354225301819 55.881220827976 53.4013280871285 53.8887958450603 56.0652370412455 56.4451160377859 56.4786129084782 53.930211076491 51.7929430077662 49.8884182031362 51.0952596549439
-9999 -9999 -9999 66.8186779041197 67.7467403376293 -9999 -9999 75.6620616931868 79.4669208550763 75.8401794499221 66.260065089374 64.0262584673918 63.0598745335749 65.18228721456 60.6222324406528 60.5156116463649 64.7126140539669 64.3705901991429 67.2254257196303 66.4130458749087 69.5907764376435 68.7088031757467 72.0387611287141 68.1308250675842 65.1423435183726 65.8663625562707 67.0173568680061 71.6098022360454 74.3653202014968 75.6555309248266 76.4592056296156 75.8193779013311 75.1219673176388 74.1814460806634 72.9551582361058 72.2504158008565 72.088857652962 71.4278087642689 69.9746189202587 67.4437561146175 64.9925432337764 61.8497610191724 59.0370206795656 62.2188119758776 59.0167360388046 59.2595701057187 58.7903604501894 58.487858775845 56.5451393187543 54.8980817884368 49.9540348313631 49.8417634781553 53.6043071636567 55.3275737674709 56.3474798208067 54.7070627379947 51.8636608312504 47.4103136213663 46.2542219055283
71.2528285986445 60.4941654219754 69.7488498677462 67.0665550226306 68.2112369488161 74.9825839971606 -9999 76.782506947047 80.3318729396069 73.9137268103068 71.1277675660042 71.1736545492048 73.0367908452828 70.2528419615809 64.7076930975675 69.0086822498039 70.9345912884474 70.3498859348009 70.3333625894178 71.4137802152587 73.2270488720462 72.5019416648952 75.0100898802814 75.915979393776 75.4769477728022 77.271768569264 77.2149314863922 77.7780551911375 78.1827812192763 77.915008546643 77.1249523199787 75.6985092197827 74.2001800606654 70.7372932579793 70.0743465392031 68.3615360444424 60.7061949063424 63.8656816603679 54.9901819417542 52.7799082077519 46.7707605803091 39.6343736715685 42.5280942816274 50.3021134907944 55.6566429400474 52.3204364628928 48.4437103558001 52.1909399192993 44.9337559040956 44.3866434076523 44.6926641259694 49.7377233417275 51.950601568056 54.9457683505014 54.7948732365642 53.9409599308465 52.5270862671292 50.1391582601169 46.6915131014744
-9999 75.8176231383325 75.8179264101177 70.6810035730876 63.6137371071342 60.9943828607972 64.8726072222092 75.6838073644002 81.3419418369177 77.0823936368496 75.2548523006751 77.0661277749651 75.194486626571 68.247005467589 64.2524471362223 66.8824443663505 74.2586479090571 75.1741046874393 74.6647415245336 75.0450591944222 76.7581119487098 75.5112533458047 78.9689769782491 80.4957809425401 80.8847274773876 80.1645946531543 79.7998714463315 79.2336292284544 78.0803527879168 75.8331108166213 74.1135501895409 70.4932899396657 64.701126139114 57.0515375395621 54.3661642021604 54.4237861899288 50.1174707499051 51.0402765266562 45.9138412672662 40.8598079947131 39.6212367849755 42.2197580418525 38.1413040421401 36.7075061498347 43.3471393595272 41.3675613659279 34.6046867525541 35.5087289420268 35.8798856784059 32.3540978457111 32.9672703376202 39.0481872428791 48.2113389694604 52.1069421595016 50.6566171861937 50.1391658687623 49.6047735210944 46.5893612203939 34.5929909642139
-9999 -9999 -9999 79.4257373830614 76.2251071942089 69.250776295638 62.9738502458709 66.6797208696532 79.196619022952 84.5170974781686 80.840826037956 78.8746204391967 74.2753200634448 67.0357265579773 61.3774595214551 67.0293111660714 74.262924186682 77.1642265324599 77.3905792262623 78.3279113680296 81.2621536238295 82.4649410223434 82.829357147311 81.5341816016831 77.079639446425 69.8802242454927 65.7147226287998 69.8762149863996 69.9934807154106 64.231017129147 61.5747718774409 63.6963672580382 63.5745992775782 58.5525512917352 57.6232767008188 57.6870088693475 54.4582357538043 51.3800382717433 47.3740539718754 44.6119327569854 43.6153173368071 46.6987056591585 49.0623178474793 48.6849355739941 48.1882076319969 46.800918563527 44.3161430471018 38.12695410864 34.4978518525959 27.1147609420037 22.8636211872346 34.4732107490886 38.3651819585297 42.7325963592519 46.4328203181125 44.1875019072371 47.4468488520746 40.8896399074329 33.4016446554578
-9999 -9999 -9999 86.7277450563851 85.8233585382419 82.9726467212752 75.6120033234877 78.5625457723359 81.4168033557172 86.2244510650911 78.513738640859 75.9200534857077 74.5216731989866 70.1399688809006 68.6179904887846 70.1702594820917 74.3041324554345 78.9198379429398 82.4604663797621 83.6405124648093 84.2102146146233 83.8626327548491 77.2051525377857 66.9951276948911 59.4470729914734 59.3469285955297 63.5092029488503 67.634109478253 70.5361747808707 67.729904178205 67.9297924112692 66.3932218563071 66.191837311706 65.7187156720489 65.2240924776231 63.9867572847676 61.8926429809579 60.6919794105441 58.8064155655536 56.9004650265954 52.3529148317405 48.6854238614398 48.9125003545749 53.4557952622116 54.3012495159709 51.656218542992 47.5709428913668 44.824206377832 41.2876615747134 39.6329689258587 28.8246260174528 26.7700100120834 25.5764817993841 31.2799772737297 35.9378690476765 43.2218035965068 50.2391481033189 52.5544080742311 51.5604944206725
-9999 -9999 -9999 -9999 -9999 -9999 81.0865287827151 80.5031948075711 85.7876815733768 88.2539444010743 80.6873798418626 77.9805240568833 76.6616363560091 74.9235362957931 74.287855144401 76.5191154432731 78.8032646130308 82.2119522009054 84.9668540940783 85.5539035792735 85.6162014015324 81.1825294756729 71.8888626102356 70.7925510345685 71.9795608547392 71.6001090943801 71.7758579247185 72.5784702338855 72.7153244105229 72.1795024869017 72.3926734903143 72.3264884958667 71.4954662350995 70.1355629049151 69.661287307701 70.1442947400847 70.4562530580857 69.1545410241696 66.7465248177751 64.9967270034796 62.183943764979 58.1655607294096 58.0917997470707 59.5628967109795 57.2076521025573 56.9620208887961 53.0047950979188 42.5933523655946 40.9065084054904 46.3801851154577 45.6932029710975 45.917220133826 41.0167532565969 39.9563207063099 44.029001282916 44.5850447943352 54.4103746239284 56.8838062208475 56.7839641592027
-9999 -9999 -9999 -9999 -9999 -9999 -9999 83.5793628615562 90.3873023953731 87.7336349573217 81.4826736492221 81.9555110891172 80.6661434130272 80.6073894503378 80.8365936277062 82.2182960477923 84.638442990043 86.6115608185633 87.1736030576546 86.889101032485 80.1868610479412 76.1742706273762 76.730136861051 78.3761234263229 77.5053367623126 77.1180171958628 76.6929626437137 76.29471969535 77.1020832067042 76.9724349985096 76.784601211452 75.8030910545955 75.071018219339 74.4957485210767 74.1775341058305 74.0666103337751 73.4489326491842 71.4390258884028 69.9442710982322 67.3434848802382 65.0011777964755 64.0604705889402 63.52158737259 64.00620460184 63.7145557444135 62.1254472857049 58.5819921614307 53.262990992624 40.8186855568836 47.4921721894832 52.8551263851539 54.9220542877638 52.5360765411959 53.4117088318284 53.6920461574553 55.5487585019205 57.4106540519251 58.4136838873048 59.1864795768369
-9999 -9999 -9999 -9999 -9999 -9999 -9999 -9999 -9999 -9999 91.6205310824907 89.8159732829577 88.7347297673969 87.5553455361751 86.8780422222375 86.5816345207528 87.4592380515965 88.5682411169983 88.9160308839475 88.0457191496146 85.1646823979432 83.6303329463953 83.1214694994356 82.3240623489308 81.6097965255703 81.2360515613863 81.1387996674979 81.1539897945703 81.1033134490804 80.1084404015909 79.7553291316736 79.451377870641 78.7254104639224 77.7490863829447 76.2369518358297 73.1106796394555 69.2062397092906 71.4452953381702 70.9423904305628 71.369201665978 69.8116817542834 68.4629459454598 67.2446746870053 66.4356746692299 65.6504840900219 64.7893543239176 63.9096822803939 60.525986715673 48.6028070819193 54.2546834477338 59.7675762009802 60.070297249754 59.6773939113594 59.5605258980319 59.5770978942958 59.941640850573 61.4543962404587 62.2298955869919 62.0753440912081
-9999 -9999 -9999 -9999 -9999 -9999 -9999 -9999 -9999 -9999 -9999 92.5685348518971 91.6168918625451 90.4240684523866 89.690298081069 89.6301174153234 90.3509330743265 90.3244304665217 89.829433441939 89.4447765352221 88.6421337172224 86.8432006868057 85.6053676629084 83.3431816183089 80.5497531930324 80.2610549884407 83.3630619000075 83.4774494218613 80.8616180499465 77.9729824120364 76.29035568382 76.4568519589218 75.2941494065536 75.1453781119204 74.6679306063641 75.4049167625749 74.1065940954925 68.730363868061 68.0264854343344 71.0166378066834 70.2153606422819 69.1514911693725 67.8252792409558 64.7441282451568 63.7368507618282 60.860873228662 59.3449974008986 56.6037779072796 50.8589020048543 59.1606187143188 64.5734767904495 64.2477293014635 64.0050601987749 63.4171485910724 63.4699811939238 63.0637960439068 63.3560075730874 63.7325658791895 63.5506839758206
-9999 -9999 -9999 -9999 -9999 -9999 -9999 -9999 -9999 -9999 -9999 94.0553817758245 93.4692974097947 92.963081360298 92.508607864696 92.1704273224371 91.813087463844 91.1297035231838 90.6919765475257 90.7073097231544 90.1045436885914 88.6553649945161 85.3528976539308 84.6188411658301 85.5605907436384 86.0212821925947 86.2083091769446 83.693374641182 83.241022108398 83.9158077243724 83.0037059810283 81.8906936646106 81.4841861734355 79.6987266684652 75.4202919130329 72.1848716929247 69.4998684007818 -9999 69.2035808618529 67.8571224224086 66.3549938363798 63.6188821961844 61.5776319317617 61.424366010763 57.7950620891906 54.7899790061044 49.787954336027 53.024965242578 61.1084251210326 64.68859670813 65.8514556877154 65.8829841614212 66.1620178211413 66.16739273173 65.9993686703949 65.3010635396549 65.0584735875577 65.0575523389285 64.8912296296705
-9999 -9999 -9999 -9999 -9999 -9999 -9999 -9999 -9999 -9999 -9999 95.1118564606204 94.5628852852368 93.8933525092094 93.3539581300107 92.9449787149787 92.4809684759078 92.1907787328124 92.067522049197 91.8900623323679 91.4943809525586 89.1735973369481 89.5708541849509 89.586418153042 88.8205604570335 88.2449836747438 87.6028175377695 87.4800491317135 85.3840980720169 81.0152282752582 80.0094356531812 80.709842700097 77.6024456181061 74.7660770522279 73.6581573545637 70.4789562353172 66.3716125586841 64.3292503280194 64.1949977967079 62.3262729599381 59.6947689198691 56.6221971853446 51.8659725050852 52.3549385274406 52.1322173941766 50.3552331941071 52.9528255085072 61.4824113572669 66.8942603981627 67.710081098962 67.0729961374224 67.3475666056762 67.4269199354709 67.6684703808235 67.7082138089789 67.3035564440492 66.8119220763856 66.4335594180988 66.2042675032944
-9999 -9999 -9999 -9999 -9999 -9999 -9999 -9999 -9999 -9999 -9999 -9999 95.4685993196981 95.0786857611332 94.5544509896969 94.0176048284991 93.682722091981 93.3786563879958 93.0413951877375 92.9212150573345 92.7684040074842 92.2118167888655 91.7231597908772 91.1027107255283 90.2150383014895 89.7318496713111 89.4462852477326 88.787200931568 85.283435838106 77.9424305218238 78.9144554006133 81.0355033872187 78.5201473360441 75.7900924700267 74.6313381231113 73.1441574171518 70.5074100617107 66.1999426014134 62.1791811076774 56.8311224198359 51.1274719425091 50.9042301010449 54.5902442920454 56.8929338303135 58.3983106593426 59.2066316606642 61.2324857797431 63.4047097920627 67.3235854969293 68.8822536455168 68.7738628402552 68.6272487642903 68.6784152978345 68.7990665421829 68.7894897467234 68.5499572776657 67.8736133602891 67.610727310116 67.2827949551637
