socal_rasters/bio04_SPHAsouth_aggfac2.asc
NCOLS 210 
NROWS 130 
XLLCORNER -119.45 
YLLCORNER 32.483333333 
CELLSIZE 0.0166666666666667 
NODATA_value -9999 
[rows 104 to 129 of 130, columns 120 to 179 of 210]
-9999 -9999 -9999 -9999 -9999 -9999 -9999 -9999 -9999 -9999 -9999 -9999 3733.65728700053 3782.09173521696 3828.81426936676 3875.24822936962 3923.44580020002 3970.54717959471 4015.80084168681 4062.21234069942 4107.5762933086 4152.25793398954 4196.68432558447 4241.82775816909 4286.21496518071 4329.57397395641 4375.08789002345 4418.8565667182 4458.36791940355 4501.20959399751 4547.22546323818 4586.27831990343 4615.18066352149 4652.07739199928 4684.79235792604 4723.84497018086 4757.97155709873 4770.06115692717 4815.74914480962 4872.99999881547 4920.74572775769 4928.89623962994 4965.52990655321 5011.60461367053 5047.91186465716 5069.39562990461 5062.36315908913 5096.44128345022 5121.2265623871 5142.62194788868 5156.98290999787 5169.1090081782 5199.66809038284 5213.47900374125 5221.78601067281 5250.14880328446 5277.68176253789 5283.54467701096 5303.92004367147 5325.89038018508
-9999 -9999 -9999 -9999 -9999 -9999 -9999 -9999 -9999 -9999 -9999 -9999 3707.83428899902 3755.43609557775 3803.0187981923 3849.04412776468 3897.21881040702 3943.07751400533 3991.67590271982 4037.14166193982 4084.20104916929 4127.75781186314 4172.63671808298 4218.16491637713 4262.51855405229 4307.41601497185 4351.09118594268 4396.35681089209 4434.82702585734 4476.74706965882 4522.89819268712 4568.79650827112 4593.94653270918 4634.47326599911 4675.68371498325 4724.85229411725 4763.724486827 4796.21081483552 4821.64892555209 4868.69335846629 4900.04370063676 4931.01049754168 4959.46057103502 4983.19726470294 5022.19787573118 5044.64233377182 5059.78442366015 5080.75671346078 5095.96936012 5107.84924278972 5128.88622978879 5161.80895955788 5187.66430633704 5188.46020492647 5204.94091745316 5254.72582970614 5267.16650343563 5276.46313472627 5286.27539089656 5299.76171827959
-9999 -9999 -9999 -9999 -9999 -9999 -9999 -9999 -9999 -9999 -9999 -9999 3681.83837830617 3728.68652282221 3776.90277040733 3823.12115415878 3870.61938416856 3918.25598085656 3964.70068293809 4012.15386899399 4059.98657167824 4104.01312194268 4149.32458439392 4194.46264582589 4239.87475525624 4283.77575619958 4331.88745050215 4373.05261179372 4416.13037048204 4457.43041926118 4502.15722591994 4547.94763115171 4586.39477478346 4623.24267518367 4664.83740177698 4699.98974562425 4726.5576167461 4762.7443841308 4801.20410092192 4850.10168428744 4860.33508251827 4881.76257293066 4910.68017540753 4934.84875418443 4985.51611274882 5011.3695066208 5023.68090807507 5048.14038068621 5076.57104457024 5096.63671824458 5119.83081002269 5152.17663531972 5168.8176264706 5185.9975583555 5196.46093735468 5244.67639061161 5272.90722620818 5285.1373290378 5278.03588899331 5290.23962357382
-9999 -9999 -9999 -9999 -9999 -9999 -9999 -9999 -9999 -9999 -9999 -9999 3655.00677428583 3703.64819278983 3751.45043879898 3798.56072938807 3846.21722353305 3893.71838318965 3940.36791931904 3986.88598571134 4034.20788510298 4081.21563668367 4124.49096623061 4169.96435479535 4216.33703551317 4260.7773431081 4308.08911075893 4350.41113217906 4397.79516538081 4438.33215269673 4481.34533628081 4524.19848567678 4563.08911077131 4601.16528263723 4637.80261178886 4675.13134713674 4709.58300726925 4743.51208443729 4782.32043378735 4818.68127415437 4846.34155227843 4868.84472631337 4882.63854975936 4888.48559500982 4951.74548251979 4991.129394118 5013.06982373857 5024.2570799093 5041.56347598939 5081.60143979393 5114.74548298678 5136.93371566788 5159.08715780758 5180.47448708344 5200.85754343606 5242.27856382914 5261.46777327689 5257.72131393186 5259.49121060162 5269.78979467426
-9999 -9999 -9999 -9999 -9999 -9999 -9999 -9999 -9999 -9999 3532.68939147015 3582.65026793981 3631.05645698531 3678.96942077059 3725.92217960708 3773.50518743138 3821.54809512512 3868.84612974991 3916.68615653785 3963.37005550821 4010.12902769676 4055.30871518988 4101.23895202256 4145.92846620215 4194.27783135472 4241.47228942086 4285.7652581345 4331.48889094494 4374.32336365566 4413.63232363003 4455.01782168963 4497.58618109609 4537.99511657129 4578.55810495724 4615.541014992 4646.69555629212 4673.23730430696 4717.20873943164 4759.73803648692 4790.86584434939 4819.70019485791 4848.33508259408 4876.3555904378 4900.95898365727 4941.78356877137 4973.45947212307 5001.71252396635 5015.91271965447 5035.38525353145 5063.85021930528 5091.60217249568 5107.43273945911 5118.23486276802 5156.249389009 5198.14453057153 5231.44958487179 5235.39770530873 5236.91711432219 5247.85449178205 5256.24365244237
-9999 -9999 -9999 -9999 -9999 -9999 -9999 -9999 -9999 -9999 -9999 3558.5795892426 3606.62689148329 3654.11517274208 3701.1606438525 3748.11791934758 3797.96118104602 3844.36083918857 3891.9875481785 3939.06634462378 3985.49798519409 4032.55309997047 4078.49334651923 4126.32006777077 4169.05895940379 4215.13256767008 4259.68469175285 4305.0958245838 4349.87548771332 4392.17761177078 4430.93676698815 4472.97375434386 4513.23120064288 4550.40331982852 4583.28539987258 4620.52233838081 4661.33996499481 4702.17761174337 4733.54968220111 4765.93530215919 4799.88342240764 4831.26599065508 4866.21008258888 4894.5985104406 4925.23400833396 4957.72802682898 4984.82714810235 5003.34313932026 5022.82507303276 5049.33727986716 5068.59814430359 5091.87463345416 5113.33288520203 5155.95471135576 5178.21411071341 5213.59790003208 5228.73876930798 5238.30895986071 5222.89978009548 5243.16393987252
-9999 -9999 -9999 -9999 -9999 -9999 -9999 -9999 -9999 -9999 -9999 3536.25866650955 3580.84588556234 3628.54913266228 3676.81549005107 3725.24407889397 3773.74591005188 3820.50237975937 3868.38629093104 3916.68389825855 3963.14221127365 4010.57293640955 4056.34466486304 4101.99658142066 4144.83032174985 4188.85046323664 4235.75671323806 4279.47094658734 4326.3662102869 4370.11791931093 4412.4575189539 4453.02294863403 4493.16528269116 4526.26989702606 4559.42748970629 4598.96093673432 4648.48315372676 4684.95483343255 4721.00488242209 4747.56079055025 4781.89575153408 4813.49523875571 4851.8936763469 4881.4205317871 4903.4595947459 4922.34179625721 4951.30773878425 4980.18334922472 5008.56103469297 5031.23449684045 5062.72595165824 5080.67321757648 5114.51464779511 5135.1962888072 5160.47961388382 5178.91149885511 5207.51953053281 5238.09179690247 5215.1652832324 5239.95983763085
-9999 -9999 -9999 -9999 -9999 -9999 -9999 -9999 -9999 -9999 -9999 -9999 3556.80841015047 -9999 3655.08392285964 3700.62036071326 3748.81310972379 3796.41363461853 3846.40844661966 3892.80694519988 3939.10882506128 3987.47125180991 4032.73132264543 4077.54009943194 4126.71276815994 4168.32690363205 4213.9868157613 4258.30371028864 4303.39489679341 4347.5859369018 4390.42040957112 4432.57275333789 4471.5369867194 4510.9140618373 4544.31701611516 4584.09594652177 4633.6666254958 4669.71911578774 4696.85766562835 4728.39123466109 -9999 4803.89843708741 4838.3768305603 4871.1694331625 4903.38195751107 4920.91625966277 4939.79699665775 4966.71447717918 4999.66735792668 5034.03515575354 5059.86633301887 5069.12914992266 5086.8989255663 5115.54394474133 5134.40051248945 5152.93518018243 5177.56408635762 5220.722046317 5216.18054208747 5233.54833856339
-9999 -9999 -9999 -9999 -9999 -9999 -9999 -9999 -9999 -9999 -9999 -9999 -9999 -9999 3627.78985532783 3676.78778011054 3726.42443794275 3773.77184998682 3820.57562191268 3868.3725579524 3916.82763605943 3964.82336362423 4010.95587094543 4056.5857537304 4101.44628843483 4146.06079042293 4191.82482850164 4234.18725530757 4278.53979427874 4323.15563902035 4365.78320246508 4408.96447697122 4447.34570255798 4490.36144944795 4533.13610796648 4572.62011651201 4612.46472122276 4644.86950630496 4680.20202577634 4713.78039512208 4740.18701124558 4769.09423787403 4794.04479911434 4837.55639590449 4873.9235833058 4903.09692350903 4923.23449674699 4951.21862738036 4993.56310975156 5018.07165516876 5017.77026350645 5031.90917910771 5063.56347609845 5092.1274409724 5123.02746544681 5145.39404258731 5172.3385003715 5229.42382762711 5225.22534162088 5236.52148394756
-9999 -9999 -9999 -9999 -9999 -9999 -9999 -9999 -9999 -9999 -9999 -9999 3505.52892987486 3556.01141299746 3605.29254087016 3653.43029721679 3701.48760924612 3751.01422051718 3797.90405205836 3846.16064401859 3893.3620599212 3940.44140561127 3986.59045349661 4033.60601743135 4079.51721133093 4124.79846134354 4169.22936944768 4213.15771423523 4255.81445252549 4299.10278255198 4345.24328547341 4388.94323666483 4430.1708977275 4471.99658147051 4503.59814403597 4535.7416984722 4586.0992425904 4616.1430660343 4637.43249473254 4682.85363700097 4719.79321242749 4749.68176216177 4779.78674278415 4801.2132564601 4834.77990651805 4871.7807611352 4905.82177690958 4947.15869070571 4980.8161617866 4996.46936015277 5009.68066384643 5018.06530762441 5045.76464780728 5073.93615665894 5108.18212817686 5134.96960416044 5167.9995108137 5224.58215255001 5238.02758817075 5247.39184536757
-9999 -9999 -9999 -9999 -9999 -9999 -9999 -9999 -9999 -9999 -9999 -9999 3486.5498040512 3534.59149109514 3583.69427422175 3630.60223325624 3678.39245540941 3727.128051176 3775.71502626496 3823.63616882114 3872.31664985199 3919.12402281701 3965.21569760955 4011.29125910952 4057.21325621863 4102.7880242985 4148.82348567517 4191.26733343094 4235.60742127029 4280.13317805918 4324.20263609273 4367.99328547222 4409.79785101932 4450.18164008209 4482.84411581958 4514.89941350606 4548.88122498712 4590.52819766114 4621.06359818395 4655.18566845062 4690.14147891532 4725.63317808036 4759.53893984718 4783.89013672717 4807.46411044095 4851.13915942239 4896.72399849108 4932.8144522437 4957.08825693704 4970.34338341391 4985.7736813728 5008.01843225647 5025.09838776861 5073.65612724231 5108.02380353396 5121.65722610522 5157.93884184714 5211.59228453183 5234.61853029405 5238.3911128019
-9999 -9999 -9999 -9999 -9999 -9999 -9999 -9999 -9999 -9999 -9999 -9999 3464.65960639912 3514.37567062547 -9999 -9999 3660.5217890632 3705.43426452019 3753.1401970706 3801.48266538469 3849.4555657371 3896.73620540334 3942.31573417159 3989.42840513683 4034.8435052523 4080.41949405776 4126.06542902418 4169.17089788081 4214.68627862821 4257.45715262747 4302.50524845104 4343.65222106904 4383.96569764911 4424.29699641243 4462.09191839416 4501.44763132063 4536.75781202231 4563.93749939936 4603.66393981174 4628.17834429274 4664.38708440955 4697.48278759205 4719.42333933175 4752.93505811735 4802.20739647788 4852.17199631847 4892.79174755987 4918.96740677929 4929.90600540322 4961.68090762387 4986.15393030448 4997.22143558086 5016.1647943394 5053.68115159727 5104.89208925791 5128.62084962711 5150.52575601001 5195.3725580892 5215.46386680442 5245.2978511858
-9999 -9999 -9999 -9999 -9999 -9999 -9999 -9999 -9999 -9999 -9999 -9999 3441.94085637877 -9999 3536.71301207299 -9999 -9999 3684.90862985985 3729.49047781831 3777.67370544801 3825.72161799053 3871.92498714715 3920.31780944369 3966.39092962054 4013.2153924694 4058.31872492937 4105.40594419539 4150.45226989108 -9999 4236.9194330055 4272.54809519526 4311.75488220673 4357.05712824389 4400.21569755914 4441.42492606696 4481.21789490399 4516.53210405955 4547.46887129375 4590.65185487794 4624.23022428078 4645.57763648814 4673.60974054549 4714.10497983543 4750.9255363847 4796.95544365176 4829.96350044219 4879.1618645288 4898.60449213863 4917.66809039251 4944.04248003627 4966.14013635528 4988.50598098692 5011.50866668101 5034.01122982869 5081.23290927016 -9999 5151.94164986102 5175.63745053874 5203.57726978315 5227.09643515912
-9999 -9999 -9999 -9999 -9999 -9999 -9999 -9999 -9999 -9999 -9999 -9999 -9999 -9999 -9999 -9999 3612.23669368248 -9999 -9999 3757.81787046316 3804.84509210491 3852.87988210991 3898.05712825159 3945.52459655267 3991.13934263738 4036.94720390169 4084.14788749595 -9999 4170.84228450672 4211.3775628858 4245.43810977149 4290.05956959277 4338.9993890129 4377.35766540351 4419.02404714703 4464.95300234624 4501.90930114387 4538.95532171159 4573.42846635904 4604.48132287472 4623.05346639193 4659.78124940535 4693.44653286117 4722.70288021452 4766.7178946374 4812.47949149959 4861.65246509404 4889.47094686676 4916.4168697438 4936.23657190194 4964.78222627314 4983.48681627676 5001.53430111888 5036.10375935354 -9999 -9999 5135.47167927625 5155.57080016485 5182.81396419365 5208.73852482185
-9999 -9999 -9999 -9999 -9999 -9999 -9999 -9999 -9999 -9999 -9999 -9999 -9999 -9999 -9999 -9999 -9999 -9999 -9999 -9999 3781.88055356711 3830.17199644944 3878.76812678623 3923.95397886057 3969.9811394441 4016.93365412279 4061.08172541952 4106.7617181773 4149.56066839613 4190.62597593002 4233.29821713057 4278.70141533496 4317.59960880277 4352.06921331838 4398.39648359179 4442.25512637453 4482.49829031598 4522.91564890004 4556.3598627683 4586.74096615034 4622.85070746445 4648.86511176035 4679.63427700965 4707.75817825066 4742.22412041637 4783.69506763022 4831.57055574314 4859.47631794133 4883.81079058115 4922.61376879694 4961.30932565139 4991.50891075741 5023.94238228621 5050.45495577722 5048.2550043331 5077.96081501051 5113.03137154587 5146.21130304659 5168.18127393384 5205.34619099148
-9999 -9999 -9999 -9999 -9999 -9999 -9999 -9999 -9999 -9999 -9999 -9999 -9999 -9999 -9999 -9999 -9999 -9999 -9999 -9999 3760.29852234399 3808.01898126672 3854.51147400311 3902.31481876121 3947.57311944133 3994.20721375137 4039.63537539075 4084.57409606117 4127.47045837935 4169.68273860659 4214.05969183121 4256.76184024443 4293.20581006446 4332.08068797292 4381.32116627357 4423.78796326984 4462.39819279564 4500.09399354066 4539.75329543112 4574.91601509369 4608.37036082848 4627.21203585073 4654.12609818877 4685.59497019744 4729.10412524696 4772.96545342425 4826.22241189745 4842.18615687661 4868.76513606722 4901.96826114658 4926.98266599335 4953.06701600795 4996.07018988834 5015.56457481568 5048.99548296193 5076.32958938363 5100.20739692158 5135.65392997138 5164.73522897512 5198.16662559036
-9999 -9999 -9999 -9999 -9999 -9999 -9999 -9999 -9999 -9999 -9999 -9999 -9999 -9999 -9999 -9999 -9999 -9999 -9999 -9999 3741.65484577561 3786.80554135476 3833.702208888 3879.47973562212 3926.48156682098 3972.69909600633 4018.32080014085 4062.42809993846 4106.66259703827 4149.66064392014 4193.57092222168 4240.84106410318 4278.29565370183 4318.46227975431 4360.86523369514 4399.12536568533 4435.94714297853 4476.15185496649 4515.73608331063 4554.38818306723 4591.41406200314 4620.00097622343 4640.72424269245 4667.35876425346 4711.74145416522 4767.36657596239 4810.62829575605 4818.42944306476 4844.67504844283 4871.07006777871 4905.76525818547 4946.58080987782 4980.20202588345 4996.79663074807 5007.82287565547 5041.09948651666 5084.44946209545 5126.7778314345 5157.70947210124 5187.0173335787
-9999 -9999 -9999 -9999 -9999 -9999 -9999 -9999 -9999 -9999 -9999 -9999 -9999 -9999 -9999 -9999 -9999 -9999 -9999 -9999 -9999 3767.62560987038 3811.86340271633 3858.58923266511 3903.97662286459 3952.11352472002 3996.59497009777 4041.67236275745 4084.52014102416 4130.073241519 4174.24523861776 -9999 4255.6059562496 4298.74169859379 4335.38720649157 4371.54248009121 4399.35461355476 4450.66625907629 4491.34973084246 4530.32739205378 4566.24023363745 4602.89477491754 4632.82434048043 4667.34814393436 4704.82397389478 4757.65710371623 4786.7910153627 4799.9948725575 4823.2016598646 4859.28588784364 4898.87792910356 4929.85729938284 4953.06677209647 4969.22180164274 4982.3372798145 5022.36376871536 5071.62975977404 5112.72900332235 5147.89440854882 5176.08642539895
-9999 -9999 -9999 -9999 -9999 -9999 -9999 -9999 -9999 -9999 -9999 -9999 -9999 -9999 -9999 -9999 -9999 -9999 -9999 -9999 -9999 3743.78552177371 3789.52374203175 3838.20739678811 3883.99346863268 3927.70080505348 3974.56677193039 4019.72375427766 4064.22949160087 4109.22009213208 4152.60058533407 4193.49377370234 4232.32006770678 4272.49206482491 4307.78393515067 4343.74047807234 4368.9130853884 4417.08886663724 4457.57824638072 4501.03771907797 4543.16223081725 4586.6418449802 4621.51647905685 4666.65454018734 4708.54907167154 4744.66137653635 4770.03051729407 4790.26269482116 4817.764037515 4849.2496332639 4880.13159132486 4909.11389120879 4932.83044380001 4959.63110295942 4985.02880840523 5021.88561939742 5065.35461320416 5104.15808050443 5130.09655714561 5153.88012673422
-9999 -9999 -9999 -9999 -9999 -9999 -9999 -9999 -9999 -9999 -9999 -9999 -9999 -9999 -9999 -9999 -9999 -9999 -9999 3622.68518020832 -9999 3718.24255294988 3770.16503844013 3815.63409364913 3862.98321475658 3909.02453543685 3952.82202079158 3999.13983087419 4043.99841244937 4087.96954290915 4131.79992616183 4174.11621030033 4211.36706485351 4249.52148388954 4284.11437938786 4313.96069290507 4349.74902275817 4387.96484332875 4429.77270451716 4474.94641008425 4528.61315854503 4570.57922293513 4608.04797330894 4641.49597119497 4661.2440180337 4692.35851972979 4735.934447546 4773.94360307471 4805.59851013437 4839.06957956016 4868.22973588068 4893.43408171093 4924.46227951149 4965.97705037699 4992.17626880663 5028.66552678849 5059.00207489718 5079.14160124455 5103.17553659133 5133.51061965241
-9999 -9999 -9999 -9999 -9999 -9999 -9999 -9999 -9999 -9999 -9999 -9999 -9999 -9999 -9999 -9999 -9999 -9999 -9999 3604.20996036399 3654.18340997759 3700.80346621229 3746.97729430173 3794.67370540792 3841.17944269648 3886.56225519271 3931.74810730146 3976.80487005796 4021.99725278636 4066.00439391751 4110.29907159952 4151.38000422558 4191.23364207889 4231.0518792699 4264.7523188182 4300.30078071319 4337.65808037245 4381.45104941694 4422.94323649686 4465.24938864639 4518.57092221521 4558.16332951937 4592.24719216979 4611.20227016069 4631.31933570559 4648.36218203091 4709.23400779877 4753.21984806595 4791.82299745158 4828.95935005546 4861.02294879887 4891.26184038736 4923.89953569183 4948.84570273814 4982.01525795202 5010.69934060743 5029.10803202143 5064.75781187622 5094.11376912887 5119.53369089926
-9999 -9999 -9999 -9999 -9999 -9999 -9999 -9999 -9999 -9999 -9999 -9999 -9999 -9999 -9999 -9999 -9999 -9999 -9999 3585.93194530343 3632.62597592583 3678.22833189182 3725.54730159726 3773.90716486101 3820.06262137629 3865.11187684464 3911.30737239901 3956.36804134971 4001.2020257 4046.20764094548 4088.24145446291 4131.83520438167 4175.95580988419 4215.24194273271 4251.732787652 4291.03918381651 4334.66284117677 4378.43908639635 4418.42297289915 4460.07446237629 4498.17797790851 4537.29418886315 4575.2736809637 4607.28515581863 4628.60815397588 4654.88964784097 4702.82336364893 4740.13110287642 4775.59460399902 4806.56396434641 4836.45141535064 4873.43102974755 4905.49340779071 4930.2379144894 4969.9720453457 5004.04675231198 5029.62487766032 5050.22949165765 5076.10229433803 5108.57385208796
-9999 -9999 -9999 -9999 -9999 -9999 -9999 -9999 -9999 -9999 -9999 -9999 -9999 -9999 -9999 -9999 -9999 -9999 -9999 -9999 3610.95623715196 3658.99389587002 3706.97375429169 3751.84246759945 3799.44610534681 3844.90777524239 3890.25537045277 3935.79132010559 3979.83123709912 4023.59686212861 4068.24328550575 4110.77838069265 4154.45373469054 4198.14392030407 4239.18261661502 4279.90307548999 4314.37646434099 4349.31555127746 4391.76269463479 4440.44909601051 4478.23095642479 4517.1506341719 4552.89941344726 4590.01635689168 4619.41735785548 4650.07946720929 4683.37914994401 4715.47680601831 4749.68505811142 4783.05212359941 4805.55493128797 4834.03576579444 4870.57372990548 4895.46203574999 4926.66784629817 4966.4610584659 -9999 -9999 -9999 -9999
-9999 -9999 -9999 -9999 -9999 -9999 -9999 -9999 -9999 -9999 -9999 -9999 -9999 -9999 -9999 -9999 -9999 -9999 -9999 -9999 3591.26013112238 3637.33154226922 3685.72314386847 3731.4066155797 3778.38983089014 3823.50073180249 3870.06268248967 3914.45391782274 3957.89935243584 4003.77862482936 4047.28845160589 4091.51409847833 4134.70532166716 4175.01928646638 4217.78686458424 4257.67809999337 4293.89880317696 4325.68725548805 4359.30541930225 4411.23620526175 4458.29504328335 4497.87560968773 4531.19274856043 -9999 -9999 -9999 -9999 -9999 -9999 -9999 -9999 -9999 -9999 -9999 -9999 -9999 -9999 -9999 -9999 -9999
-9999 -9999 -9999 -9999 -9999 -9999 -9999 -9999 -9999 -9999 -9999 -9999 -9999 -9999 -9999 -9999 -9999 -9999 -9999 -9999 3569.82672052263 3619.52752613553 3665.43524113292 3710.5057366181 3757.75915461812 3801.31115661436 3847.49945000269 3893.3776849181 3937.10638365834 3981.72656183782 4027.55688408538 4069.80358831068 4111.78582695787 4153.30297797635 4194.17297298402 4237.49682542906 4274.44775334294 4307.09728962949 -9999 -9999 -9999 -9999 -9999 -9999 -9999 -9999 -9999 -9999 -9999 -9999 -9999 -9999 -9999 -9999 -9999 -9999 -9999 -9999 -9999 -9999
-9999 -9999 -9999 -9999 -9999 -9999 -9999 -9999 -9999 -9999 -9999 -9999 -9999 -9999 -9999 -9999 -9999 -9999 -9999 -9999 3552.87176430624 3597.97772155632 3647.33453301798 -9999 3736.38940374047 -9999 -9999 -9999 -9999 -9999 -9999 -9999 -9999 -9999 -9999 -9999 -9999 -9999 -9999 -9999 -9999 -9999 -9999 -9999 -9999 -9999 -9999 -9999 -9999 -9999 -9999 -9999 -9999 -9999 -9999 -9999 -9999 -9999 -9999 -9999
