socal_rasters/bio02_SPHAsouth_aggfac2.asc
NCOLS 210 
NROWS 130 
XLLCORNER -119.45 
YLLCORNER 32.483333333 
CELLSIZE 0.0166666666666667 
NODATA_value -9999 
[rows 104 to 129 of 130, columns 120 to 179 of 210]
-9999 -9999 -9999 -9999 -9999 -9999 -9999 -9999 -9999 -9999 -9999 -9999 86.2681579411315 87.674886685624 89.0714473545751 90.4563884556774 91.828239423133 93.1855621160742 94.5268859687049 95.8507633034147 97.1557254617555 98.4403285808132 99.7031135388839 100.942611677521 102.157384855856 103.345958693395 104.506885512527 105.638774856096 106.741115554649 107.81428526321 108.858749374847 109.874956116487 110.863353715059 111.824411378327 112.758573518522 113.666292177271 114.548034654987 115.404243456554 116.235382067689 117.041902530019 117.824256885168 118.582908618855 119.318302143311 120.030897129556 120.721143711867 121.389503468615 122.036426534075 122.662376393965 123.267799367866 123.853145590054 124.418882360944 124.965459814814 125.493328085941 126.002950660043 126.494775764047 126.969253532232 127.426847450315 127.868017189316 128.293209068816 128.702873223091
-9999 -9999 -9999 -9999 -9999 -9999 -9999 -9999 -9999 -9999 -9999 -9999 85.6657295047382 87.0815124331884 88.4872035800431 89.8813648044345 91.2625140964731 92.6291904271077 93.9799346746341 95.3132839026529 96.6277751747621 97.9219360178174 99.1943092174641 100.443429929952 101.667840940928 102.866069777245 104.036655409853 105.178207381595 106.290201171577 107.373018249522 108.427112564406 109.452932343154 110.450937256789 111.421567902845 112.365282044993 113.282537446905 114.173768984069 115.039442049552 115.88000677763 116.739088043604 117.445014939055 118.255559909605 119.000194538187 119.721990574237 120.421375263848 121.098819722134 121.75476073193 122.389667501 123.00397871953 123.598146429145 124.172622671471 124.727861395483 125.264318457505 125.782440177114 126.282680503288 126.765485755604 127.231317512433 127.680620186005 128.113849632644 128.53145217193
-9999 -9999 -9999 -9999 -9999 -9999 -9999 -9999 -9999 -9999 -9999 -9999 85.0709037600036 86.4950980959225 87.9093055544206 89.3120670137955 90.7019023715063 92.0773505985013 93.4369449436824 94.7792053045117 96.102672559285 97.4058704201609 98.6873321360415 99.9455890484796 101.179174406377 102.386606199847 103.566431029231 104.717231734492 105.83850668292 106.930612548706 107.994005188173 109.029130920901 110.036445603212 111.016382203246 111.969408021418 112.895952211171 113.796472536177 114.671415316014 115.521230684961 116.346363055248 117.147262561154 117.924373614909 118.678150165487 119.409040439818 120.117494572178 120.80394362336 121.468852986427 122.112672795658 122.735836019192 123.338802328051 123.922016134464 124.485921850664 125.030979147671 125.557624808322 126.066308966893 126.557476035616 127.031587592861 127.489080421463 127.930404655701 128.356014244548
-9999 -9999 -9999 -9999 -9999 -9999 -9999 -9999 -9999 -9999 -9999 -9999 84.4832076844661 85.9151840028049 87.3372878846407 88.748046856831 90.1459808168345 91.5296230135541 92.8974952517993 94.2481231510792 95.5800304235508 96.8917484107679 98.1818065469347 99.4487094707237 100.691003782477 101.907211287005 103.095848067071 104.25552175817 105.385696395318 106.486745818842 107.559112533625 108.603242859247 109.61957930059 110.608562455188 111.570648179365 112.506265626564 113.415863023712 114.299888597738 115.158782946176 115.992990481258 116.802951800517 117.589122760277 118.351928699282 119.091827381206 119.809263218277 120.504663456592 121.178491581866 121.831184376937 122.463184346687 123.074935903348 123.666881551803 124.239463796934 124.793132773018 125.328325262892 125.845493308182 126.345073691726 126.827510825753 127.293251029844 127.74274062358 128.176418297145
-9999 -9999 -9999 -9999 -9999 -9999 -9999 -9999 -9999 -9999 81.0005321321148 82.4547538575155 83.902170163014 85.3413142975125 86.7707118805183 88.1888656433558 89.5943202790163 90.9855785188247 92.3611755190308 93.7196292697491 95.0594520390449 96.3791770758203 97.677329999583 98.9524230783994 100.202976209731 101.427520735131 102.624578459409 103.792722685785 104.931440337457 106.041089995965 107.122114166191 108.174947723623 109.200033173143 110.197814926983 111.168718323889 112.113193498136 113.031671510517 113.924598680612 114.792413698605 115.635549532635 116.454450594936 117.249553668342 118.021295535692 118.770120609216 119.496461857054 120.200767506134 120.883472431945 121.545007695278 122.185815801014 122.806344976083 123.407030095973 123.988300314126 124.55060576482 125.094387045588 125.620075217221 126.128108969905 126.618932715871 127.092983237956 127.550704948392 127.992530815316
-9999 -9999 -9999 -9999 -9999 -9999 -9999 -9999 -9999 -9999 -9999 81.8734950836317 83.3273391540206 84.773042660465 86.209121685729 87.6340942199267 89.0464782531681 90.4447955902641 91.8275642213278 93.1933078585179 94.5405349552045 95.8677730382424 97.1735381903965 98.4563522164762 99.7147254772002 100.947183592075 102.152246458564 103.328502638673 104.475402815978 105.593324645504 106.6826896513 107.743944152944 108.777509674483 109.783830628151 110.763339982086 111.716455445639 112.643621431041 113.545282350524 114.421861635483 115.273788439362 116.101501452344 116.905433642571 117.686021792879 118.443689334664 119.178888309551 119.892038334242 120.583574284222 121.253934849677 121.903549184051 122.532854070179 123.142280568853 123.732261648212 124.303232183744 124.855630865636 125.389888754676 125.906431189612 126.405702582673 126.888132087302 127.354158393685 127.804206840567
-9999 -9999 -9999 -9999 -9999 -9999 -9999 -9999 -9999 -9999 -9999 81.3702392430418 82.7582416350256 84.2098998838994 85.6520709806944 87.0832748228729 88.5020332152426 89.9068546111741 91.2962550934319 92.6687583741744 94.0228824435144 95.3571357548218 96.6700477423005 97.9601211372745 99.2258796519024 100.465843183645 101.678524000571 102.862503035292 104.017251952219 105.143117888798 106.240529998474 107.309919342034 108.35170553618 109.366329178444 110.35420607083 111.315769181475 112.251447663824 113.161670671318 114.046863542701 114.907447802023 115.74385832477 116.556522357036 117.345867144916 118.112316119805 118.856304157191 119.57825850317 120.278604496484 120.957761753834 121.61617468745 122.254257191986 122.872440328232 123.471160879026 124.050836553719 124.611896505752 125.154767981218 125.679885855606 126.187667838267 126.678548804689 127.152952186267 127.611312858492
-9999 -9999 -9999 -9999 -9999 -9999 -9999 -9999 -9999 -9999 -9999 -9999 82.2647380679602 -9999 85.1681594698867 86.5359821134478 87.9605407530074 89.3713187987172 90.7668266112942 92.145580273504 93.5060958681104 94.8468837558309 96.1664676488248 97.4633617225075 98.7975940564449 99.9831352062509 101.20304678184 102.394395811676 103.556646330773 104.690141661882 105.79530332905 106.872550948976 107.922313675101 108.944999680034 109.941041931914 110.91086195479 111.854867921267 112.773494706835 113.667156206147 114.536272035901 -9999 116.202579485809 117.000598895269 117.775768268106 118.528501498973 119.259220111918 119.968343723639 120.656299580231 121.323501576346 121.97037505073 122.59734152743 123.204820623146 123.793237676622 124.363010397209 124.914558401606 125.44830321386 125.964668265369 126.464080802226 126.946950904385 127.413702003245
-9999 -9999 -9999 -9999 -9999 -9999 -9999 -9999 -9999 -9999 -9999 -9999 -9999 -9999 84.5497989468668 85.9917640500265 87.4215850644617 88.837778072937 90.238862972914 91.623355847157 92.9897727784305 94.3366222201037 95.662427884335 96.9656963171454 98.2449493233451 99.4987048930468 100.72547147962 101.92384145977 103.093257887678 104.234077437533 105.346696837853 106.431543334729 107.489025100769 108.519559845324 109.523553833652 110.50143049715 111.45360563782 112.380483613571 113.282485948452 114.160024629766 115.013513552168 115.843360888265 116.649993884149 117.43381880508 118.195249545711 118.934703815393 119.652591694081 120.349332798474 121.025331486483 121.681009282155 122.316785802189 122.933065404496 123.530269613123 124.10880278598 124.669090261812 125.211536398529 125.73656272018 126.244581214067 126.736001960149 127.211246482471
-9999 -9999 -9999 -9999 -9999 -9999 -9999 -9999 -9999 -9999 -9999 -9999 81.0114993828106 82.5466899685522 84.003683071565 85.4501857571197 86.8847236447211 88.305809002437 89.7119560056824 91.1016902739661 92.4735145386105 93.825962048518 95.1575317203146 96.4667491735078 97.7521304908616 99.012197477186 100.245454771153 101.450492842121 102.626756651617 103.774591429741 104.894393905009 105.986577972073 107.051540359448 108.08970640588 109.101461395792 110.08721731649 111.047386155277 111.982379899459 112.892587648156 113.778429018067 114.640315996497 115.478637682567 116.293809878278 117.08623884889 117.856336581707 118.604497897897 119.331138599459 120.036661136956 120.721475590345 121.385982502837 122.030595769086 122.655717839654 123.261751165101 123.849109640082 124.418199529854 124.969423284979 125.503190985413 126.019901267021 126.519969931804 127.003801337671
-9999 -9999 -9999 -9999 -9999 -9999 -9999 -9999 -9999 -9999 -9999 -9999 80.5298824123905 81.9995021633293 83.4603042415591 84.9108104518913 86.3495254329955 87.774982433775 89.1856860929015 90.5801658445803 91.9569320495296 93.3145084199073 94.651412945827 95.9661540806576 97.2572593512552 98.523248655081 99.7626361675509 100.974002821279 102.156799299839 103.311363203936 104.438076003298 105.537345870529 106.609565719449 107.655138000619 108.674459442555 109.667924866424 110.635942444832 111.57890318425 112.49720953524 113.391248689572 114.26143644925 115.108156191348 115.931814181125 116.732805239748 117.511533725126 118.268388736382 119.003772724076 119.718088138769 120.41172789428 121.085098255867 121.738582600607 122.372589101105 122.987518300575 123.583765020184 124.161729803144 124.721803655925 125.264392843786 125.78989600259 126.298707953505 126.791223517699
-9999 -9999 -9999 -9999 -9999 -9999 -9999 -9999 -9999 -9999 -9999 -9999 79.9824714473869 81.522958733319 -9999 -9999 85.8823623504905 87.2448749355541 88.6596393399165 90.0583801084379 91.4396190459278 92.8018760498474 94.1436729250068 95.4635333835644 96.7599658788899 98.031503659885 99.2766647166627 100.494037611231 101.683061583074 102.844062788804 103.977420790799 105.08353422492 106.162784560898 107.215570434594 108.242269501038 109.243284210793 110.21899984828 111.169799790576 112.096078858848 112.998231874262 113.876634584499 114.73168944012 115.563777910851 116.373292910512 117.16062735292 117.926164615151 118.670295703672 119.393413532304 120.095905292819 120.778158176988 121.44056509863 122.083511342169 122.707393636121 123.312593450211 123.899513235002 124.468526830824 125.020029058845 125.554420462279 126.072072974107 126.573383322846
-9999 -9999 -9999 -9999 -9999 -9999 -9999 -9999 -9999 -9999 -9999 -9999 79.4379997066338 -9999 82.3800029566896 -9999 -9999 86.7813873138692 88.1333980373778 89.5359268002809 90.9211807066392 92.2876758392176 93.6339416322199 94.958507519851 96.2598857701774 97.5366134467987 98.78720472513 100.010255796575 -9999 102.372362120379 103.512117369685 104.624832137421 105.710899337409 106.770698532024 107.804607376297 108.813007339954 109.796276078025 110.754798874932 111.688943848963 112.599107728632 113.485664354271 114.348985658864 115.18946264888 116.007474886697 116.803392397951 117.577604281761 118.330488193157 119.062423694516 119.773794162915 120.464977253381 121.136350620945 121.788303364727 122.421203603013 123.035436620228 123.631381978748 -9999 124.769941320657 125.313310614104 125.839916220415 126.350135794618
-9999 -9999 -9999 -9999 -9999 -9999 -9999 -9999 -9999 -9999 -9999 -9999 -9999 -9999 -9999 -9999 84.7496127894359 -9999 -9999 89.0124015621978 90.4012126737531 91.7715129668498 93.1218414124364 94.450706463882 95.7566547215286 97.0382060828381 98.2938918893632 -9999 100.722888929708 101.895942671441 103.041837675991 104.1609325249 105.253606780548 106.320232375916 107.361173614595 108.376806244264 109.367502197907 110.333621964416 111.275543198819 112.193639741449 113.088275895894 113.959812151045 114.808637606025 115.635114657072 116.43961523717 117.222499835212 118.027582153878 118.724931705239 119.445211399099 120.145364750184 120.825767506174 121.486776341263 122.128767003132 122.752115239461 -9999 -9999 124.51397513398 125.066432943663 125.602102270676 126.121339789215
-9999 -9999 -9999 -9999 -9999 -9999 -9999 -9999 -9999 -9999 -9999 -9999 -9999 -9999 -9999 -9999 -9999 -9999 -9999 -9999 89.8793239407994 91.2530078703669 92.6069717224433 93.9397620973711 95.2499027073089 96.5359344305523 97.7963867013068 99.0298595256719 100.235790235783 101.414472563326 102.566261275148 103.691516860137 104.790603621884 105.863870605187 106.911689743032 107.934415802263 108.932403549726 109.906017289009 110.855621323702 111.781566605952 112.684213624651 113.563934312783 114.421071993102 115.255996691241 116.069059359349 116.860635745108 117.631063449224 118.380720126727 119.109958637114 119.81913374723 120.508617390059 121.1787586104 121.829919804494 122.462469090627 123.076747884204 123.673137654951 124.251977910924 124.813640585109 125.358480444348 125.886859884884
-9999 -9999 -9999 -9999 -9999 -9999 -9999 -9999 -9999 -9999 -9999 -9999 -9999 -9999 -9999 -9999 -9999 -9999 -9999 -9999 89.3551139645649 90.7317580992067 92.0889682586522 93.4252929505924 94.7392711459744 96.0294341863519 97.2943363014618 98.5325717753582 99.7435703107821 100.927631361465 102.085079176675 103.216285689394 104.321580870937 105.401325210193 106.455858215221 107.485532745517 108.490705475276 109.471712097856 110.428905472755 111.362636552121 112.273254380754 113.161098466709 114.026527391532 114.869888292671 115.691528307578 116.491792666356 117.271030413805 118.029602038815 118.767837512701 119.486095417004 120.18473242592 120.864074696065 121.524492253072 122.166320790302 122.789918889298 123.395626058115 123.983798970948 124.554773321156 125.108909597632 125.646554937825
-9999 -9999 -9999 -9999 -9999 -9999 -9999 -9999 -9999 -9999 -9999 -9999 -9999 -9999 -9999 -9999 -9999 -9999 -9999 -9999 88.8942985383929 90.2073764615971 91.5674476439874 92.9069328126076 94.2243842898453 95.5183582127864 96.7873840156351 98.0300884073733 99.2459010907415 100.435081465149 101.597974760702 102.795665728224 103.846244796018 104.932291015153 105.993394836216 107.029901489311 108.042133316355 109.030441269498 109.995145783309 110.936593995239 111.855127320694 112.751075730988 113.62477301213 114.476566301571 115.306783663277 116.115764605305 116.903841006315 117.67135809641 118.418651568951 119.146053302598 119.853908527454 120.542539585439 121.212301243397 121.863513935898 122.496524800396 123.111667622898 123.709276189417 124.289693822706 124.853252401427 125.400289526288
-9999 -9999 -9999 -9999 -9999 -9999 -9999 -9999 -9999 -9999 -9999 -9999 -9999 -9999 -9999 -9999 -9999 -9999 -9999 -9999 -9999 89.7457656710804 91.0420169646301 92.3842983063411 93.7048835573778 95.0023307621741 96.2751903357695 97.5220813577511 98.7424316235111 99.9365100692031 101.104621870609 -9999 103.303428630277 104.456478103073 105.524017318419 106.567222579907 107.586414322109 108.581926331033 109.554079041251 110.503192887333 111.429597840592 112.333616242946 113.215578065711 114.075798021409 114.914606081354 115.732330309511 116.529285418404 117.305807101393 118.062208163652 118.798822391193 119.515970218586 120.213977802447 120.893173206742 121.55387495869 122.196405400212 122.821096409969 123.428264607835 124.018243779819 124.59135817519 125.147922506471
-9999 -9999 -9999 -9999 -9999 -9999 -9999 -9999 -9999 -9999 -9999 -9999 -9999 -9999 -9999 -9999 -9999 -9999 -9999 -9999 -9999 89.1476650052412 90.5122985655517 91.8570270355536 93.180406552332 94.4810123264588 95.7573985876708 97.0081977669952 98.2328433818706 99.4315776655698 100.604703886526 101.690116862294 102.875394805001 103.973588927568 105.047422393397 106.09721372971 107.123271926985 108.125909790397 109.105445847168 110.062175736336 110.996423707169 111.908496842797 112.798709855743 113.667367921788 114.514791475504 115.341281877975 116.147157656421 116.932731616017 117.698308932547 118.44420813323 119.170738208545 119.878213871018 120.566940296428 121.237232197301 121.889398564114 122.52375792409 123.140615453009 123.740287770744 124.323081960426 124.889314641926
-9999 -9999 -9999 -9999 -9999 -9999 -9999 -9999 -9999 -9999 -9999 -9999 -9999 -9999 -9999 -9999 -9999 -9999 -9999 85.7583637085865 -9999 88.5442065970403 89.9779166990704 91.3247299011225 92.6505775270264 93.9540328800052 95.2336673559329 96.4881133858375 97.7168006724598 98.9199619123295 100.097898466533 101.250907881452 102.37928388878 103.48332594225 104.563329680901 105.619604095212 106.652437194826 107.662130340826 108.64897917225 109.613288864881 110.555347428361 111.475458131123 112.373926148948 113.251035676782 114.107093797755 114.942398058254 115.757246004665 116.551935183375 117.326757418725 118.08202551589 118.818021762467 119.535058963634 120.233427036381 120.913421619747 121.575342167467 122.219497670019 122.84617232235 123.455667485543 124.048286428032 124.624320974156
-9999 -9999 -9999 -9999 -9999 -9999 -9999 -9999 -9999 -9999 -9999 -9999 -9999 -9999 -9999 -9999 -9999 -9999 -9999 85.2834548762479 86.6852702907517 88.0707530789346 89.438482266066 90.7870521362036 92.1150417146164 93.4210433780139 94.7036361516652 95.9614696327354 97.1939678019196 98.4013500043078 99.5838928054531 100.741897566436 101.875633223416 102.985389693385 104.071454985985 105.134101852073 106.173627838034 107.19030950942 108.184427246479 109.156274780902 110.106126770891 111.034276948136 111.941001878188 112.826583848645 113.69131086915 114.535472856697 115.359342562138 116.163211809814 116.947362887324 117.712076174915 118.45764349693 119.184341418919 119.892456043178 120.582273472001 121.254074085637 121.908145893729 122.544773091225 123.164237965721 123.766824712164 124.352811803453
-9999 -9999 -9999 -9999 -9999 -9999 -9999 -9999 -9999 -9999 -9999 -9999 -9999 -9999 -9999 -9999 -9999 -9999 -9999 84.8053188172807 86.1387576869858 87.5248641781667 88.8936195188569 90.2436027343258 91.573429089466 92.8816814242443 94.1669616521127 95.4279308143281 96.6640090768896 97.8753967114007 99.0623721907621 100.22520254378 101.364152891917 102.479495986024 103.57150457696 104.640439971484 105.686576827801 106.710182174718 107.711528763091 108.690885529077 109.64852331618 110.584697709119 111.499696717535 112.393783555542 113.267219529901 114.12028692821 114.953243242534 115.766365038425 116.559921252039 117.334177004838 118.089406955024 118.825876224056 119.543861377487 120.243618000033 120.925430286641 121.589557636724 122.236274708486 122.865850438084 123.478553761674 124.074649800717
-9999 -9999 -9999 -9999 -9999 -9999 -9999 -9999 -9999 -9999 -9999 -9999 -9999 -9999 -9999 -9999 -9999 -9999 -9999 -9999 85.5871314815406 86.9735126309192 88.3429393583227 89.6940231139467 91.0253677185926 92.3355884371533 93.623294812476 94.8871536078635 96.126588804012 97.3417873210848 98.5330104658448 99.7005100083097 100.844533903803 101.965339644389 103.063186629483 104.138322814407 105.191007598575 106.221490844657 107.230022415324 108.216869339385 109.182273850117 110.12649916163 111.049789414549 111.952402100939 112.834598527565 113.696620927701 114.538738237504 115.361192690252 116.164237963311 116.948131548748 117.713134753326 118.45948981032 119.18745993384 119.897293079212 120.589242923801 121.304464326318 -9999 -9999 -9999 -9999
-9999 -9999 -9999 -9999 -9999 -9999 -9999 -9999 -9999 -9999 -9999 -9999 -9999 -9999 -9999 -9999 -9999 -9999 -9999 -9999 85.0299968532484 86.4162959866302 87.7860660367816 89.1379222685959 90.4704971131034 91.7824134645923 93.0722808659088 94.3388004126319 95.581375104623 96.8001937693936 97.9954910108268 99.1674995254531 100.316467268596 101.442625029439 102.546218855958 103.627475722638 104.686641677454 105.723957046334 106.73965261846 107.733970627111 108.707145676167 109.659421906254 110.591033921253 -9999 -9999 -9999 -9999 -9999 -9999 -9999 -9999 -9999 -9999 -9999 -9999 -9999 -9999 -9999 -9999 -9999
-9999 -9999 -9999 -9999 -9999 -9999 -9999 -9999 -9999 -9999 -9999 -9999 -9999 -9999 -9999 -9999 -9999 -9999 -9999 -9999 84.4669513515485 85.8528270535279 87.2226104551136 88.5749397093823 89.9084548767596 91.2217845735781 92.5135745823093 93.7825240911833 95.028039914759 96.2502898997129 97.4494895764412 98.6258754561731 99.7796573472582 100.911060316835 102.020309432044 103.172979334998 104.173210128284 105.281007747354 -9999 -9999 -9999 -9999 -9999 -9999 -9999 -9999 -9999 -9999 -9999 -9999 -9999 -9999 -9999 -9999 -9999 -9999 -9999 -9999 -9999 -9999
-9999 -9999 -9999 -9999 -9999 -9999 -9999 -9999 -9999 -9999 -9999 -9999 -9999 -9999 -9999 -9999 -9999 -9999 -9999 -9999 83.9692172778947 85.2827224545359 86.7239589466927 -9999 89.3388671692272 -9999 -9999 -9999 -9999 -9999 -9999 -9999 -9999 -9999 -9999 -9999 -9999 -9999 -9999 -9999 -9999 -9999 -9999 -9999 -9999 -9999 -9999 -9999 -9999 -9999 -9999 -9999 -9999 -9999 -9999 -9999 -9999 -9999 -9999 -9999
