socal_rasters/bio02_SPHAsouth_aggfac2.asc
NCOLS 210 
NROWS 130 
XLLCORNER -119.45 
YLLCORNER 32.483333333 
CELLSIZE 0.0166666666666667 
NODATA_value -9999 
[rows 26 to 51 of 130, columns 120 to 179 of 210]
128.046180723121 128.217262266091 128.386692045148 128.554409025133 128.720329282707 128.88438415332 129.046482084236 129.206577299089 129.364566801053 129.520393369669 129.673965452202 129.825225828194 129.974086759607 130.120464323102 130.264308927613 130.405529020407 130.544048307539 130.679790495063 130.81269836252 130.942672727781 -9999 -9999 -9999 -9999 -9999 -9999 -9999 -9999 -9999 -9999 -9999 -9999 -9999 -9999 -9999 -9999 -9999 -9999 -9999 -9999 -9999 -9999 -9999 -9999 -9999 -9999 -9999 -9999 -9999 -9999 -9999 -9999 -9999 -9999 -9999 -9999 -9999 -9999 -9999 -9999
127.798152921523 127.976516721573 128.153232572406 128.328201291893 128.501361844877 128.672618863927 128.841903684491 129.009113309745 129.174186704531 129.337036130813 129.49759292404 129.655765531477 129.811458585693 129.964622495623 130.115150449744 130.262969968809 130.408012388265 130.550178525985 130.68939590272 130.825584409828 130.958660123969 -9999 -9999 -9999 -9999 -9999 -9999 -9999 -9999 -9999 -9999 -9999 -9999 -9999 -9999 -9999 -9999 -9999 -9999 -9999 -9999 -9999 -9999 -9999 -9999 -9999 -9999 -9999 -9999 -9999 -9999 -9999 -9999 -9999 -9999 -9999 -9999 -9999 -9999 -9999
127.536153791187 127.722084043263 127.906352994681 128.088859555964 128.269531247864 128.448272702948 128.625003812575 128.799640653405 128.972076413914 129.142250058946 129.310062406372 129.475429532852 129.638259885652 129.798465726735 129.955963132761 130.110679624482 130.26250076098 130.411365507099 130.55717468071 130.699836729078 130.839275358259 130.975399015518 -9999 -9999 -9999 -9999 -9999 -9999 -9999 -9999 -9999 -9999 -9999 -9999 -9999 -9999 -9999 -9999 -9999 -9999 -9999 -9999 -9999 -9999 -9999 -9999 -9999 -9999 -9999 -9999 -9999 -9999 -9999 -9999 -9999 -9999 -9999 -9999 -9999 -9999
127.259862897542 127.453639981893 127.645742414146 127.836076734217 128.024553296721 128.211074826879 128.395549771955 128.577884671866 128.757991788576 128.935771939955 129.11113357327 129.283988950483 129.454235074767 129.621795652179 129.786548612404 129.948429105591 130.107337949609 130.263168332936 130.415840146928 130.565261838852 130.711338041277 130.853961942677 130.993064878503 131.128540037232 -9999 -9999 -9999 -9999 -9999 -9999 -9999 -9999 -9999 -9999 -9999 -9999 -9999 -9999 -9999 -9999 -9999 -9999 -9999 -9999 -9999 -9999 -9999 -9999 -9999 -9999 -9999 -9999 -9999 -9999 -9999 -9999 -9999 -9999 -9999 -9999
126.968961713366 127.170871732287 127.371101377063 127.569559094961 127.76613425976 127.960735318726 128.153255460334 128.343597409806 128.531665799709 128.717361447915 128.900577542899 129.081218717231 129.259185788782 129.434383390119 129.606700895023 129.776039121364 129.942314145803 130.105415342119 130.265243528183 130.421699521865 130.574680326341 130.724094388875 130.869834897945 131.011814115513 131.149913785964 131.270748137331 -9999 -9999 -9999 -9999 -9999 -9999 -9999 -9999 -9999 -9999 -9999 -9999 -9999 -9999 -9999 -9999 -9999 -9999 -9999 -9999 -9999 -9999 -9999 -9999 -9999 -9999 -9999 -9999 -9999 -9999 -9999 -9999 -9999 -9999
126.663127896741 126.873468396617 127.082130429699 127.289007184461 127.493984219987 127.696971890891 127.897846219511 128.096509931067 128.292850491991 128.486762998106 128.678142545239 128.866882321866 129.052875516464 129.236019132206 129.416202542872 129.593311307544 129.767253873487 129.937915799784 130.105186460213 130.268970487344 130.429161069653 130.585628507433 130.738296506739 130.887042997257 131.031761167465 131.172348020537 131.295257567234 -9999 -9999 -9999 -9999 -9999 -9999 -9999 -9999 -9999 -9999 -9999 -9999 -9999 -9999 -9999 -9999 -9999 -9999 -9999 -9999 -9999 -9999 -9999 -9999 -9999 -9999 -9999 -9999 -9999 -9999 -9999 -9999 -9999
126.342031476352 126.561113355012 126.778514859528 126.994123456331 127.207826611852 127.419509885172 127.629055020676 127.836347577447 128.041276929264 128.243732449905 128.443595883757 128.640758511947 128.835094449464 129.026496884787 129.214851376996 129.400043485174 129.581962583101 129.760494229857 129.935520169829 130.106925962097 130.274604795139 130.438438413341 130.598308561085 130.754100797455 130.905715940321 131.053020475279 131.195907590806 131.334274290076 -9999 -9999 -9999 -9999 -9999 -9999 -9999 -9999 -9999 -9999 -9999 -9999 -9999 -9999 -9999 -9999 -9999 -9999 -9999 -9999 -9999 -9999 -9999 -9999 -9999 -9999 -9999 -9999 -9999 -9999 -9999 -9999
126.005361554373 126.233495709644 126.459955212816 126.684616086229 126.907360074269 127.128065106621 127.346599576232 127.562860486274 127.776706692948 127.988029477384 128.196697232524 128.402603146847 128.605602261855 128.805591580723 129.002449033137 129.196044919392 129.386257169175 129.572963712172 129.756053922164 129.935394284746 130.110866544304 130.282344815826 130.449714658396 130.612854001701 130.771633146033 130.925930021082 131.075637815322 131.220626829047 131.360866544676 131.483562468315 -9999 -9999 -9999 -9999 -9999 -9999 -9999 -9999 -9999 -9999 -9999 -9999 -9999 -9999 -9999 -9999 -9999 -9999 -9999 -9999 -9999 -9999 -9999 -9999 -9999 -9999 -9999 -9999 -9999 -9999
125.652790066839 125.890300747987 126.126142499084 126.360185620421 126.592300412292 126.822357174991 127.050222394112 127.27577972139 127.498874661585 127.719398495825 127.937217709706 128.152194974126 128.364196774681 128.573108670453 128.778785702946 128.981109616546 129.179939267452 129.37515640005 129.566616055843 129.754199979218 129.937774655768 130.117210385788 130.292385098965 130.463150022105 130.629390714291 130.790969846421 130.947757718789 131.09963226108 131.246562955715 131.388595579062 131.525802610368 -9999 -9999 -9999 -9999 -9999 -9999 -9999 -9999 -9999 -9999 -9999 -9999 -9999 -9999 -9999 -9999 -9999 -9999 -9999 -9999 -9999 -9999 -9999 -9999 -9999 -9999 -9999 -9999 -9999
125.283992764481 125.531208035472 125.776767727851 126.020524975775 126.262353894233 126.502101895334 126.73964118672 126.974830624594 127.207530972503 127.437599179301 127.664897915887 127.889291760507 128.110643384061 128.328815457445 128.543663022166 128.755039212376 128.96282958716 129.166870114534 129.367042538883 129.563194272317 129.755195615129 129.942893979427 130.126167294901 130.304870603053 130.478858945387 130.648002622196 130.812152860289 130.971191404047 131.125072477103 131.273853299914 131.417602537033 131.556392667706 131.690273282998 -9999 -9999 -9999 -9999 -9999 -9999 -9999 -9999 -9999 -9999 -9999 -9999 -9999 -9999 -9999 -9999 -9999 -9999 -9999 -9999 -9999 -9999 -9999 -9999 -9999 -9999 -9999
124.898653027427 125.155914303666 125.411531445385 125.665342327951 125.917234417795 126.167022702098 126.414588925247 126.659763333212 126.90241241159 127.142379757793 127.379522320672 127.613683697641 127.844726559598 128.072498318652 128.296859738353 128.517654416113 128.734729764042 128.947944638341 129.157154080513 129.362201687971 129.562938687523 129.759235379459 129.950927731799 130.137859341955 130.31991195431 130.496906278094 130.668716428298 130.835197446424 130.996299741406 131.152091977794 131.302639005443 131.448017118296 131.588294980905 131.723545072517 131.853824613593 -9999 -9999 -9999 -9999 -9999 -9999 -9999 -9999 -9999 -9999 -9999 -9999 -9999 -9999 -9999 -9999 -9999 -9999 -9999 -9999 -9999 -9999 -9999 -9999 -9999
124.496448513758 124.76409721065 125.03011893916 125.294351574655 125.556650158638 125.816841122384 126.074783322094 126.33030891109 126.583261486781 126.833490368628 127.080831524647 127.325132366948 127.566223141502 127.803962704511 128.038185116644 128.268733975314 128.495456692628 128.718181607211 128.936775204657 129.151058194197 129.360874173241 129.566078183295 129.766513821769 129.962009427288 130.152416226657 130.337574002592 130.517330167202 130.691528317899 130.860134122405 131.023200986481 131.180812833468 131.333038327915 131.479957578466 131.621639249671 131.758152006081 131.889575956339 132.015983579691 -9999 -9999 -9999 -9999 -9999 -9999 -9999 -9999 -9999 -9999 -9999 -9999 -9999 -9999 -9999 -9999 -9999 -9999 -9999 -9999 -9999 -9999 -9999
124.077064510949 124.355445858596 124.632232662789 124.907239910709 125.180315014467 125.451274868593 125.719959255803 125.986204144114 126.249834057451 126.510688778531 126.768598553324 127.023393627803 127.274908062636 127.522974011143 127.767427441343 128.008098599207 128.244815823358 128.477413174465 128.705730435243 128.92958831492 129.148838040304 129.363281247136 129.572780606315 129.777164456464 129.976238248023 130.169872281285 130.357868191991 130.540084836343 130.71647643797 130.887100217332 131.052043912466 131.211372373224 131.365177152342 131.513526914369 131.656509397344 131.794197080515 131.926666257825 132.053993223221 132.176258085346 -9999 -9999 -9999 -9999 -9999 -9999 -9999 -9999 -9999 -9999 -9999 -9999 -9999 -9999 -9999 -9999 -9999 -9999 -9999 -9999 -9999
123.640159603595 123.929655071724 124.217571255188 124.503719326471 124.73752402683 125.070035931082 125.34984016082 125.627180096127 125.901866909489 126.173727032179 126.442579266079 126.708253857159 126.970560070556 127.229328152243 127.484384533493 127.735538479443 127.982618328717 128.225456234634 128.463848110892 128.697647091644 128.926654812635 129.150703427184 129.369602200427 129.583179470988 129.791271206885 129.993671414465 130.190231320535 130.380760190231 130.565216061881 130.743675229429 130.916213986821 131.082923886791 131.243869779193 131.399147031457 131.548835752228 131.693008420752 131.831764219158 131.965164182604 132.093311307915 132.216278074339 132.334140775821 -9999 -9999 -9999 -9999 -9999 -9999 -9999 -9999 -9999 -9999 -9999 -9999 -9999 -9999 -9999 -9999 -9999 -9999 -9999
123.185424801217 123.48639487872 123.785804745043 124.083486553508 124.379228588416 124.672849651647 124.964164730383 125.252977367716 125.539108272874 125.822355266903 126.102540966378 126.379472729089 126.652957912823 126.922811504763 127.188842770047 127.450864788507 127.708683010585 127.962116238158 128.210971829016 128.455055233598 128.694183346436 128.928169247363 129.156822201516 129.379943844638 129.597354885957 129.808860775913 130.01428603843 130.213436123949 130.406261441403 130.592842099432 130.773254391983 130.947597501184 131.115951535678 131.278408048199 131.435043332693 131.585952756591 131.731212613838 131.870922086563 132.005165098107 132.134014127717 132.257568357522 132.375915525559 132.48913574047 -9999 -9999 -9999 -9999 -9999 -9999 -9999 -9999 -9999 -9999 -9999 -9999 -9999 -9999 -9999 -9999 -9999
122.712543483942 123.025365825848 123.336664196198 123.646244045433 123.953897472552 124.259435650039 124.562643047501 124.863330837421 125.16128921145 125.456331249423 125.748237606247 126.036825176452 126.321878429645 126.603204723612 126.880605694096 127.153873440096 127.4228153194 127.687223431008 127.946903225358 128.201652523496 128.451267239119 128.695541378573 128.93429183639 129.167304989523 129.394374844321 129.615318295314 129.829925534153 130.038009640671 130.239498135618 130.434490201121 130.62306976052 130.80532836655 130.98134994255 131.151237485348 131.315074918282 131.472953794087 131.6249618508 131.771198270549 131.911746976676 132.04670333661 132.176151273693 132.300189970053 132.418907163727 132.532386778054 132.640735624559 132.737079619208 -9999 -9999 -9999 -9999 -9999 -9999 -9999 -9999 -9999 -9999 -9999 -9999 -9999 -9999
122.221178051063 122.546239849143 122.869815822641 123.191699977905 123.511659618401 123.829505916616 124.14501189806 124.45797538378 124.768175121335 125.075395580327 125.379436489153 125.680072780672 125.977102275929 126.270299907787 126.559467311988 126.844373699346 127.124820705604 127.400598522413 127.671483989982 127.937263485265 128.197734829307 128.452678677014 128.701881405341 128.945129391241 129.182212826363 129.412918087661 129.637035366786 129.854362484781 130.064830777094 130.268535611154 130.465560910303 130.65601730076 130.839977261773 131.017559048958 131.188854215049 131.353950498083 131.512943265492 131.665931699404 131.81301498195 131.954292295256 132.089843747966 132.219776151604 132.344173429509 132.463153837296 132.576793668911 132.685188291785 132.788448332139 -9999 -9999 -9999 -9999 -9999 -9999 -9999 -9999 -9999 -9999 -9999 -9999 -9999
121.711025234145 122.04871749487 122.384965892683 122.719543453097 123.052230831019 123.382787700521 123.711000438556 124.036647792683 124.359493251673 124.679317470431 124.995895381819 125.308996196653 125.618396755144 125.923881526894 126.225212093326 126.522171016696 126.814523693121 127.102050777509 127.384534832115 127.661737438361 127.933441158503 128.19940948131 128.459442135176 128.713283535384 128.960723873585 129.201538082639 129.435497280712 129.662387844756 129.88214873961 130.094863888615 130.300640103294 130.499568936381 130.691753384702 130.877304074478 131.056308743745 131.228870389332 131.395095822759 131.555072782065 131.708919522865 131.856727597893 131.99859237458 132.134616849754 132.264907834936 132.389560697561 132.508670805057 132.622352598344 132.730701444853 132.833801267924 132.931777952567 133.019203184928 -9999 -9999 -9999 -9999 -9999 -9999 -9999 -9999 -9999 -9999
121.181747432482 121.532478328459 121.881803508497 122.229492183411 122.575302119926 122.919002528855 123.260335918134 123.599082942671 123.934997554491 124.267843242365 124.597375865667 124.923358913167 125.245561595681 125.563732143188 125.877649303249 126.187055583796 126.491724010344 126.791414256964 127.085880275683 127.374898906711 127.658220287377 127.93560790645 128.206821438003 128.471626278156 128.729782100978 128.98105239524 129.225189205621 129.461990353163 129.691356655736 129.913394924861 130.12821578676 130.335910794166 130.536598202695 130.730381009173 130.917362210427 131.097648617978 131.271347043352 131.438552853979 131.599388120173 131.753952024061 131.90234756247 132.04467391753 132.181045530157 132.311569211875 132.436355588905 132.55548476989 132.669094083931 132.777263639671 132.880119322118 132.977752684009 133.070274351562 -9999 -9999 -9999 -9999 -9999 -9999 -9999 -9999 -9999
120.633031840897 120.997205730036 121.360027308998 121.721244807763 122.080608363661 122.437858577276 122.792749400637 123.145015712282 123.494426723027 123.84072112611 124.183639522117 124.522933955725 124.858350749567 125.18964194832 125.516557689313 125.838832851087 126.156232829759 126.468486781825 126.77536201075 127.076581950983 127.335054391684 -9999 127.943891521466 128.220027919847 128.489261623532 128.751346584545 129.006015774079 129.2530364956 129.492336269855 129.724021908368 129.948184963874 130.164955136078 130.374420163018 130.576725003191 130.771953579936 130.960216519473 131.141639706813 131.316318509387 131.484378812204 131.645927426788 131.801059720571 131.949905393261 132.092571256379 132.229160306753 132.359790799996 132.484565732938 132.603607175887 132.717018125672 132.824905393816 132.927398680025 133.024578092943 133.111381529638 -9999 -9999 -9999 -9999 -9999 -9999 -9999 -9999
120.064556117471 120.442590709123 120.819332118405 121.194499965069 121.567836757049 121.939077372885 122.30795287642 122.674186702102 123.037525172563 123.397703166344 123.754444117892 124.107486720446 124.45655822315 124.801395411893 125.141742701958 125.47731780575 125.8078632312 -9999 126.452781673057 126.766624446544 127.074375148502 127.339790342155 -9999 -9999 128.239036556237 128.512283321452 128.777832027591 129.03543471933 129.285003658628 129.52664184231 129.76047134069 129.986602779988 130.205158230516 130.416248318494 130.619995114236 130.816505429265 131.005908963288 131.188312527827 131.363830563802 131.532585141524 131.694690701912 131.850265500581 131.999420163751 132.142276761735 132.278953550147 132.409549711119 132.534206388447 132.653022764259 132.76612090887 132.8736114485 132.975620268159 133.072254179369 -9999 -9999 -9999 -9999 -9999 -9999 -9999 -9999
119.55037306945 119.868312831149 120.259401316846 120.64896392364 121.036718363933 121.422384257478 121.805683131373 122.186330790672 122.564048762475 122.93854712979 123.309555049112 123.676784510795 124.03995894929 124.398788447604 124.752992625487 -9999 -9999 -9999 126.117986674714 126.444868083457 126.765438075578 127.079410548783 127.386510844869 127.686458583588 127.978960033249 128.263755794439 128.540542598725 128.809066768739 129.069240566439 129.321163173953 129.564968105686 129.800777431949 130.028709408359 130.248889919926 130.461425778171 130.666454312197 130.864101407014 131.05446624475 131.237693783902 131.413887021296 131.583190915427 131.745708463122 131.901569364088 132.050895688638 132.193805692385 132.330417630947 132.46086120403 132.585254667248 132.703720090915 132.816387174737 132.923370359632 133.024784086519 133.115352629435 -9999 -9999 -9999 -9999 -9999 -9999 -9999
-9999 -9999 119.679943079978 120.084333415042 120.486948008532 120.887498850805 121.285669321989 121.681180949183 122.073722834559 122.463005061127 122.848730082498 123.230598444938 123.608324046153 123.981592173617 124.350114817688 124.713594431978 -9999 125.42423438567 125.770799632299 126.11113357095 126.444934840539 126.771915431421 127.091773982515 127.404209132735 127.708930965089 128.005632396448 128.294029231866 128.573825832303 128.844943996462 129.107498165259 129.361598964915 129.607395168624 129.845005032 130.074550625357 130.296173092492 130.509990689022 130.716140744047 130.914730069091 131.105903622651 131.289787289735 131.466510770052 131.636196133912 131.798965451629 131.954959867002 132.10430526504 132.247119901359 132.383544919757 132.513694761152 132.637702939948 132.755695341156 132.86780547918 132.974151609633 133.074871061619 -9999 -9999 -9999 -9999 -9999 -9999 -9999
118.237327570821 118.659543986197 119.080646509976 119.500316614934 119.91825293999 120.334129328527 120.747638697414 121.158466334128 121.56630324819 121.97082900503 122.371736521518 122.768707270433 123.161430353947 123.549598688931 123.932884211419 124.310987467678 124.683588023136 125.050378794663 125.411041255039 125.765262599087 126.112728114283 126.453126902799 126.78614806681 127.11147689379 127.428800578565 127.737800593911 128.038166042003 128.329605098499 128.612018581265 128.885528560612 129.150264736249 129.406364437276 129.653953548703 129.893180843723 130.124164577952 130.347045895188 130.561958309836 130.769042965694 130.968414303682 131.16022109699 131.344600674722 131.521671292491 131.691585538191 131.854454038039 132.010433194626 132.159641263565 132.302223203352 132.438304898999 132.568027494301 132.691516874272 132.808906553314 132.920337675225 133.025943754412 133.125850675882 -9999 -9999 -9999 -9999 -9999 -9999
117.586574549402 118.02441024273 118.461202616359 118.896615976932 119.330327982528 119.762002939788 120.191316599445 120.61793326814 121.041530603954 121.461771006179 121.87832641085 122.290870661351 122.699066156975 123.10259246315 123.501110071821 123.894296641068 124.281816477533 124.663339609901 125.038539881557 125.407085413839 125.768642420736 126.122892375026 126.469493861305 126.808124537654 127.138441081317 127.460124965075 127.77285193966 128.076290126409 128.370365138719 128.655170436674 128.930862422862 129.197593685172 129.455486293917 129.704681392896 129.945327755302 130.17755889554 130.401512142711 130.617336270009 130.825168606534 131.025146481389 131.217411038372 131.402099606585 131.579360959221 131.749328610685 131.912139890077 132.067947385288 132.216873166632 132.359066007301 132.494670865791 132.623825071204 132.746662137944 132.863330839204 132.973968504086 133.078716276389 -9999 -9999 -9999 -9999 -9999 -9999
116.914464945336 117.368371958241 117.821308130696 118.272932047297 118.722892755893 119.170843119036 119.616434091924 120.059322351805 120.499153131831 120.935583109251 121.368268961309 121.796859735857 122.221002573399 122.640363687924 123.054580683192 123.463315958495 123.813879010579 124.262933725914 124.653123850476 125.036439890572 125.412532801402 125.781055445514 126.141660685457 126.493999476432 126.837728495685 127.136323926257 127.497951503083 127.813776011857 128.119855876466 128.416324611315 128.703323360202 128.980998988971 129.249511714907 129.508987423021 129.759586330597 130.001449581434 130.234729763424 130.459568020364 130.67610931075 130.884502407777 131.084896084636 131.27744292922 131.462272641235 131.639537808571 131.809394833816 131.971992490164 132.127460477321 132.275947568481 132.417617795627 132.552597043768 132.681049344885 132.803104398688 132.918926237157 133.02864456 133.132423399199 -9999 -9999 -9999 -9999 -9999
