socal_rasters/bio07_SPHAsouth_aggfac2.asc
NCOLS 210 
NROWS 130 
XLLCORNER -119.45 
YLLCORNER 32.483333333 
CELLSIZE 0.0166666666666667 
NODATA_value -9999 
[rows 0 to 25 of 130, columns 0 to 59 of 210]
-9999.000000000000000 -9999 -9999 -9999 -9999 -9999 -9999 -9999 -9999 -9999 -9999 -9999 -9999 -9999 -9999 -9999 -9999 -9999 -9999 -9999 -9999 -9999 -9999 -9999 -9999 -9999 -9999 -9999 -9999 -9999 -9999 -9999 -9999 -9999 -9999 -9999 -9999 -9999 -9999 -9999 -9999 -9999 -9999 -9999 -9999 -9999 -9999 -9999 -9999 291.238471978679 -9999 -9999 -9999 -9999 -9999 -9999 -9999 -9999 -9999 -9999
-9999 -9999 -9999 -9999 -9999 -9999 -9999 -9999 -9999 -9999 -9999 -9999 -9999 -9999 -9999 -9999 -9999 -9999 -9999 -9999 -9999 -9999 -9999 -9999 -9999 -9999 -9999 -9999 -9999 -9999 -9999 -9999 -9999 -9999 -9999 -9999 -9999 -9999 -9999 -9999 -9999 -9999 -9999 -9999 -9999 -9999 287.907524100325 289.370590213017 289.79521178031 290.038406372987 290.135673521282 290.601203918038 -9999 -9999 -9999 -9999 -9999 -9999 -9999 -9999
-9999 -9999 -9999 -9999 -9999 -9999 -9999 -9999 -9999 -9999 -9999 -9999 -9999 -9999 -9999 -9999 -9999 -9999 -9999 -9999 -9999 -9999 -9999 -9999 -9999 -9999 -9999 -9999 -9999 -9999 -9999 -9999 -9999 -9999 -9999 -9999 -9999 -9999 -9999 -9999 -9999 -9999 -9999 284.44701385033 284.672882082735 285.082099909956 287.274497973926 288.414161683705 287.779571536149 287.999084468657 288.743919370974 289.378273001491 290.99477386027 292.421874996479 292.702003476483 -9999 -9999 -9999 -9999 -9999
-9999 -9999 -9999 -9999 -9999 -9999 -9999 -9999 -9999 -9999 -9999 -9999 -9999 -9999 -9999 -9999 -9999 -9999 -9999 -9999 -9999 -9999 -9999 -9999 -9999 -9999 -9999 -9999 -9999 -9999 -9999 -9999 -9999 -9999 -9999 -9999 -9999 -9999 -9999 279.387153612482 281.618499753443 280.928199771937 280.821624754731 281.698638907512 283.023330689135 283.909843441538 285.593643176759 287.317466733731 287.13825988873 286.791572568228 287.712905883522 287.616386411213 288.630424482947 290.890533451128 290.49652862662 290.80539703093 291.816955563158 -9999 -9999 -9999
-9999 -9999 -9999 -9999 -9999 -9999 -9999 -9999 -9999 -9999 -9999 -9999 -9999 -9999 -9999 -9999 -9999 -9999 -9999 -9999 -9999 -9999 -9999 -9999 -9999 -9999 -9999 -9999 -9999 -9999 -9999 -9999 -9999 -9999 -9999 273.957916255145 275.090965269852 275.0131149226 276.920158379986 278.397186273865 280.243957520707 279.66033172808 279.088905336883 280.100944511433 281.532005305441 282.717559809744 283.393203731947 284.872955312325 -9999 287.251251220635 287.242301939627 286.993835449888 288.04856871784 289.949157711058 289.559722901314 289.922859185896 291.102737421755 292.184829704654 292.990554803488 -9999
-9999 -9999 -9999 -9999 -9999 -9999 -9999 -9999 -9999 -9999 -9999 -9999 -9999 -9999 -9999 -9999 -9999 -9999 -9999 -9999 -9999 -9999 -9999 -9999 -9999 -9999 -9999 -9999 -9999 -9999 -9999 -9999 -9999 269.017890926312 270.38008117298 271.712127677403 274.114624016661 274.973182677606 275.908943169026 276.793174740967 278.575675961609 278.441932679492 278.377494811235 279.253555287335 280.698486325147 281.076370236847 282.387031551711 283.258811948066 284.655799857113 -9999 286.574584958758 287.067413324505 288.287849421534 288.676010130907 289.177116390296 289.98771666935 291.121925350481 291.729522701835 291.81044006643 291.657661439235
-9999 -9999 -9999 -9999 -9999 -9999 -9999 -9999 -9999 -9999 -9999 -9999 -9999 -9999 -9999 -9999 -9999 -9999 -9999 -9999 -9999 -9999 -9999 -9999 -9999 -9999 -9999 -9999 -9999 -9999 266.18312835934 266.041481014828 267.232810972199 267.773864746763 267.442955018252 269.19704436359 271.193023676107 272.709289544078 274.281303402875 275.230316153229 276.813217155976 278.051231382207 278.2870101896 279.141761775143 279.422393801011 279.428741450001 280.860511773469 282.317550655205 283.449607845873 -9999 285.54683685495 286.385932914635 -9999 287.206436154045 287.96274566314 288.935417170078 289.16708374004 289.236183167434 289.206848145828 289.586387634977
-9999 -9999 -9999 -9999 -9999 -9999 -9999 -9999 -9999 -9999 -9999 -9999 -9999 -9999 -9999 -9999 -9999 -9999 -9999 -9999 -9999 -9999 -9999 -9999 -9999 -9999 -9999 -9999 260.734954827127 263.383903495191 264.204681400623 263.839927668508 265.910842891321 266.431495667489 265.937347415008 266.663902278051 268.075195306614 269.506744380359 271.179718011169 272.401039114704 274.234756462337 276.25207518922 276.867065422878 277.208038332732 277.653373716375 278.345657344112 279.39183043859 280.813079826058 282.159210199913 282.901351923998 -9999 -9999 285.044662473233 285.868721002718 286.851959223896 287.451286319417 287.459342956746 287.554496762395 288.115234368253 288.877365100282
-9999 -9999 -9999 -9999 -9999 -9999 -9999 -9999 -9999 -9999 -9999 -9999 -9999 -9999 -9999 -9999 -9999 -9999 -9999 -9999 -9999 -9999 -9999 -9999 254.111297602039 255.785514827882 257.168495174921 258.509826655302 260.652137749371 262.41660308711 262.460159301693 262.439628600491 263.78340148325 264.912628173028 264.719940187547 265.347961418257 267.089279169162 267.97223663068 269.325141899748 271.283485406294 272.868438712039 274.579780573592 274.838691708497 275.552017207385 276.319572445931 277.341102597127 278.202056883647 279.102210991321 280.491325371864 281.690551752764 282.942001344797 282.91843413814 283.882308956253 284.583915708886 285.565872184724 285.963615416373 286.476951596022 286.984169002129 287.328117367784 288.515983568644
-9999 -9999 -9999 -9999 -9999 -9999 -9999 -9999 -9999 -9999 -9999 -9999 -9999 -9999 -9999 -9999 -9999 -9999 -9999 -9999 -9999 247.791782373044 249.727134700971 251.505874630197 252.051006316596 253.005130765236 254.189437862724 255.675083155353 257.547523493535 259.420783989554 261.551750182578 261.683013913666 262.635772702831 263.252578734224 263.476081849809 263.534538262141 265.820579520422 266.905357360718 268.095794670474 269.841590875414 271.128204344047 -9999 273.422904965152 273.966171263258 274.963516228966 275.950370787273 276.190818783279 277.263114922564 278.552757255106 280.016601555492 281.068687437072 281.730155941233 282.229362484445 282.9160079912 284.154167171282 284.593551634414 285.448143000508 286.060653684434 286.752365105427 287.837692257353
-9999 -9999 -9999 -9999 -9999 -9999 -9999 -9999 -9999 -9999 -9999 -9999 -9999 -9999 -9999 -9999 -9999 -9999 -9999 246.610897061487 247.032306672188 246.95682525345 248.491344447701 250.385574337129 250.746383667282 250.71635055537 252.00233840597 253.29694747506 255.157047266219 257.368049614428 259.543983457484 259.534584042238 260.582412717429 260.901481628335 260.841552735609 261.538002005557 264.083465567629 265.313362122322 266.363143916624 267.832496635133 269.592613214961 -9999 -9999 272.671913144449 273.42801665918 273.902076719451 274.965240472569 276.081512446541 276.900627130993 278.200866692546 279.489120479783 280.000839230159 280.635704036536 281.729179375368 282.673843381789 283.24801635557 284.037094111587 284.740837092657 285.63776397234 286.570816036746
-9999 -9999 -9999 -9999 -9999 -9999 -9999 -9999 -9999 -9999 -9999 -9999 -9999 -9999 -9999 242.855110165657 243.793952941364 244.118450164034 244.414581297842 245.12903213484 245.550437927202 246.584465022857 247.625446317979 249.067920681682 249.091114045644 249.362956999807 249.572395324608 250.81916427069 253.352962486008 255.909206384788 257.559036251014 258.929061886796 259.088294984105 258.681434629382 259.631294250443 260.42325591446 262.25711058949 264.046768185064 264.191970826423 264.863861077172 267.019279470021 268.698196407658 269.493865968889 270.191009517705 270.98482513164 272.003547663047 273.175514216949 274.407539362196 275.477905268261 276.650627130161 277.746818537966 278.33764648036 279.19421386341 280.316246028021 281.08202361779 281.769844052798 282.707954403277 283.488960263884 284.077064511294 284.586692809455
-9999 -9999 -9999 -9999 -9999 -9999 -9999 -9999 -9999 -9999 -9999 -9999 237.8337783784 238.894813536465 239.690998076169 240.485153197054 241.26985549858 242.101943968369 242.902538298825 243.757022856298 244.493721006409 245.805152889434 246.662429809322 246.706275940206 246.892532347118 247.195960998406 247.750579832109 249.478359217011 251.157596581212 253.403797144565 255.417160028606 257.241699216562 256.744407658375 257.428886407626 258.260292050862 259.590995783631 260.813514701308 262.272537229639 262.568557735908 263.843292230421 265.380081170932 267.214294428766 267.838516231463 268.745277402362 269.462806699318 270.362266535295 271.679046627053 272.72716521558 273.799102775573 275.023170465724 276.056175228999 276.91926574242 277.833541865694 278.655876154902 279.45732879216 280.294761651934 281.110733028847 281.776397700739 282.463043209476 283.020874021142
-9999 -9999 -9999 -9999 -9999 -9999 -9999 -9999 -9999 232.745666503298 233.596996306323 234.567863463293 235.387485503773 235.891761779076 236.73756790096 237.431701659072 238.202426908383 239.156566619062 239.993804930624 240.813808438594 242.380546567229 243.88655089936 244.681514739338 244.786521911446 244.790966033261 245.811187740253 247.065074919408 248.494220727618 249.810539240525 251.981292719292 253.833450312301 255.171627043467 255.155094146425 255.945335380836 256.822486876533 257.808860773939 259.341835013906 260.447059631012 261.464859003589 262.785385127409 264.048530574462 264.966361997387 265.582672116805 266.577865596904 267.21233367557 268.407112114664 269.847572321004 271.119194024747 272.250129694251 273.261535641013 273.967353815724 275.095840449657 276.089523310215 276.969497676843 277.806892390718 278.694190975722 279.523963923074 280.438758846626 281.2670440623 281.944694516189
-9999 -9999 -9999 -9999 -9999 -9999 -9999 -9999 229.139064787805 229.940753936019 230.790256499899 231.223968505475 231.613990782686 232.496212004337 233.284622192069 233.907443999013 235.042930600628 236.197864530872 237.443336484613 238.979026791359 240.440292355773 241.548236843753 242.702495574877 243.309886930751 243.684391019831 244.78990173107 246.32610702048 247.521247861099 249.046386714501 250.586906428624 251.942508693791 253.105655667871 253.868892666956 254.417575834108 255.172836300355 256.138389584284 257.587333671775 259.131637570326 260.216850276515 261.342613216945 262.358634945278 263.27168273426 264.306098933991 265.208953854188 266.079879757592 267.29350280215 268.345626825453 269.312385556362 270.181175229445 271.008720392601 271.851875301402 272.910278315512 274.069305413916 275.0928878735 276.052124017872 276.853797907122 277.697570796483 278.440284723577 279.553237909245 280.358047479504
-9999 -9999 -9999 220.825485229304 221.84414672793 -9999 -9999 225.142997741085 226.287788390321 227.165832519004 227.570686339944 228.43161392106 229.42783737053 230.516666410945 231.254928587583 232.242263792395 233.578338620938 234.655628201575 235.888069151004 236.846725461028 238.20982360602 239.169857022878 240.555027004755 241.350719451141 242.285137173238 243.422199245644 244.632976528573 245.917125698436 247.317134854746 248.611228938902 249.634757992 250.801662441516 251.918685909332 252.985530850134 254.008937832277 255.02427672979 256.174091335207 257.200820919972 258.204124447735 259.12648772881 260.081893918148 260.927055355515 261.747413630193 263.099678033082 263.840255733817 265.013137811899 266.08215331527 267.173904414384 268.003929134641 269.000640865065 269.688461301512 270.626991264706 272.058692925901 273.254646295545 274.271614069213 275.09500884727 275.910079951989 276.588043207232 277.435844415518 278.317955010357
215.179943084703 215.598522186207 217.081657409356 217.872913360263 218.915824889536 220.21107482853 -9999 222.282863616445 223.47504043492 224.115200042032 224.961154937115 225.963626859997 227.108959196516 227.975883483272 228.756950376798 229.987461088602 231.252784727322 232.23109817273 233.429172514872 234.568084714992 235.697406766445 236.809680935481 238.018787382353 239.274330137398 240.318828579582 241.580448147734 242.865978237874 243.946460721113 245.178661343178 246.30505370724 247.439559932783 248.346107480507 249.488590237821 250.352321622475 251.422691341362 252.48497390535 253.04599761815 254.441066738794 254.9412536592 255.874721523909 256.498260497106 257.110435482869 258.468086236551 260.191291800405 261.638442991057 262.509338372945 263.298301693863 264.682075496288 265.262641905552 266.201705927385 267.434379571779 268.746070856439 270.002113335321 271.33339690582 272.265434259268 273.303504938219 274.211502070899 274.939071651423 275.643280026865 276.145721434423
-9999 213.755271911654 214.295436859026 215.03188705424 215.620449065813 216.504631042112 217.699451445582 219.177013395993 220.573726653496 221.361721037361 222.25594329764 223.364253996432 224.330146788938 225.04665756129 225.856266020681 226.994323728114 228.638954160576 229.718379972258 230.882186888521 231.937141415983 233.211399075311 234.290271755934 235.659114835377 236.853210446647 238.00791167924 239.229938504344 240.354618069371 241.51013946222 242.574672696444 243.654960628977 244.672065732067 245.589824672593 246.415019987539 247.054389951637 248.064697261616 249.231269834338 250.003669734836 251.245841976355 252.035907743013 252.809215542285 253.879676812864 255.214496607963 255.974716184522 257.098426811875 258.760597224804 259.684822078824 260.357017514337 261.501838676176 262.60466765897 263.462059016089 264.646911612953 266.08189391502 267.843498222847 269.157707208037 270.18353271068 271.095741265917 272.158866877026 272.8219451876 273.025512696795 273.155471798448
-9999 -9999 -9999 212.439693450722 213.26667404147 213.846889495537 214.552459716053 215.79121017331 217.378147123937 218.713943480523 219.613574980806 220.506313322967 221.357082366043 222.001754760054 222.811374662291 224.22126006851 225.72383498887 227.040122983851 228.176872251507 229.383628842499 230.731441495384 232.019882199779 233.112831113294 234.259853360236 235.146266935196 235.871654508625 236.835597988761 238.35198211264 239.541812896249 240.304668424404 241.404426571442 242.626407619917 243.927314755794 244.713878628735 245.849983210322 246.999504086334 248.05485915718 249.072799679744 249.945766445824 250.966186519461 252.090808863238 253.404922479954 254.79384612486 255.892845149847 257.001525875117 258.090919488296 258.989150997319 259.710723873492 260.51985167997 261.118835447632 262.054740897543 263.863113395116 265.174247739456 266.632545462944 267.938629144664 268.880767816483 270.173606864409 270.686538694795 271.182434072267 272.168586724652
-9999 -9999 -9999 209.974273681704 210.556041717258 211.417919158812 212.048469542652 213.291225432417 214.489776610196 215.73762130649 216.435493468398 217.341197966631 218.348251341378 219.278213500122 220.24499511515 221.476741789598 222.815841672825 224.233299253355 225.657283780817 226.865898130215 228.058731077209 229.249618528337 230.030994414658 230.623855589004 231.392047879911 232.606582638223 234.088420864763 235.594310756616 236.909500119518 237.976428983111 239.244686123306 240.385223385327 241.633335109276 242.788616176589 244.014888759108 245.204582210398 246.221569058112 247.465366358948 248.46417998914 249.617523188558 250.474990841141 251.386138912809 252.607673638737 254.09630965498 255.401630397381 256.458877559299 257.253364558618 258.184661862224 259.11657714513 260.113006587915 260.386405942639 261.400100704273 262.449417107285 263.835647573873 265.343124383107 266.937011707123 268.557136528454 269.732177727534 270.644508356191 271.713661187958
-9999 -9999 -9999 -9999 -9999 -9999 209.217548369976 210.242839812456 211.61005401488 212.805622099911 213.473098754174 214.434589384416 215.440746306201 216.527427671473 217.565616605729 218.869174955447 220.180503842897 221.541988370046 222.917495725269 224.02082824456 225.308673856607 226.273468016194 226.907569882077 228.174858089805 229.381999966738 230.642814632392 231.928314205783 233.202301022136 234.450050351325 235.771106716952 237.007858272661 238.245590206217 239.533851619849 240.586429591143 241.831508633034 243.161449427094 244.432952876631 245.617004390603 246.734535213157 247.863742824683 248.818389889142 249.948066706335 251.059417720109 252.38774871142 253.518318172449 254.686359400891 255.591438289771 256.0330886819 257.118026723927 258.702911370292 259.7730255058 261.006462093688 261.652816772108 262.740142811592 264.117630005218 265.224174487233 267.029388420478 268.276229852799 269.319351189695 270.373184198592
-9999 -9999 -9999 -9999 -9999 -9999 -9999 207.666183471766 208.597599028529 209.619369506268 210.420658110649 211.537887571751 212.643096922332 213.750679014817 214.910247801053 216.178451536235 217.454818723198 218.824577329618 220.037281034027 221.249572752002 222.096714018265 223.149662015934 224.450790401997 225.713920590278 226.959991451824 228.32424926446 229.449108120676 230.76976394263 232.078636166082 233.375232692174 234.723377223606 235.922588343986 237.150970454707 238.458061214584 239.671943660671 240.984992976678 242.182464594917 243.406776425147 244.600231166351 245.669578547195 246.792873378066 248.069660182169 249.292308801174 250.617504114023 251.887619014413 252.945068353677 253.946483607407 254.827110287489 255.136489864036 256.816997519444 258.368171687535 259.696685785207 260.594909661664 261.890945428778 262.977172845416 264.267410271815 265.446922295373 266.650924676783 267.757919308364 268.768074030059
-9999 -9999 -9999 -9999 -9999 -9999 -9999 -9999 -9999 -9999 207.76533889657 208.852458952573 209.885196684723 211.063644407903 212.187366484608 213.370128629297 214.640037533985 215.925159452539 217.110717771212 218.417640683783 219.43117141508 220.615062710821 221.904563900804 223.170642849698 224.434169766193 225.687549587835 227.02314376444 228.376159664469 229.603271480353 230.911090846822 232.227748867285 233.524127956177 234.799770351156 236.097026820758 237.308265682283 238.483005518953 239.535011287642 240.992385859582 242.254627222152 243.678379054041 244.841739648863 246.037071222451 247.256713861958 248.457336420212 249.752727503843 251.063831323447 252.21155929105 253.224025723849 253.65786361353 255.198287955156 256.801956170253 258.032669060793 259.204185479312 260.394622796862 261.532043450955 262.694534295022 263.917320245285 265.128478999564 266.135040277733 267.251548761592
-9999 -9999 -9999 -9999 -9999 -9999 -9999 -9999 -9999 -9999 -9999 205.858310698476 206.961330412392 208.060523985189 209.283992765731 210.495513914248 211.694587705624 213.04496002033 214.131851193934 215.419033048094 216.755992887214 217.906482693755 219.170013424876 220.410358426663 221.527004238406 222.783710476462 224.394264217708 225.751010891677 226.96057128429 228.136692044346 229.386062618285 230.700988765446 232.002395626199 233.339778895344 234.684036251256 236.148948665221 237.341156001434 238.417278286381 239.712520593979 241.176364894245 242.515449518396 243.800701137065 244.995845789373 246.107570643379 247.399627680524 248.535781854747 249.815536492184 250.852642055222 251.668025965775 253.475475300327 255.153015130408 256.314453119453 257.559249871608 258.658348077398 259.932655328613 261.010215754581 262.154808038638 263.373107904481 264.479232782539 265.516311639122
-9999 -9999 -9999 -9999 -9999 -9999 -9999 -9999 -9999 -9999 -9999 202.366973873959 203.922828672808 205.092647551289 206.222888944873 207.491619108361 208.641147611697 210.02095794406 211.287631986295 212.562084195899 213.886638638745 215.017898557345 216.205360409888 217.505592342772 218.925224300422 220.270851131312 221.706256862783 222.930892940667 224.251365657422 225.752857204221 227.070560451983 228.332508082675 229.745296474619 231.079833981159 232.228466029307 233.412048335763 234.615776057024 -9999 237.374431605284 238.685424799535 239.92158889332 241.153804774802 242.288715356708 243.747165675518 244.814369198747 245.946929927077 246.944320672429 248.470283499067 250.302879325162 251.81298064474 253.192905419223 254.413593285065 255.638751976955 256.825027458476 258.050399775377 259.235832208371 260.38076018669 261.47039794284 262.590324394638 263.78362273459
-9999 -9999 -9999 -9999 -9999 -9999 -9999 -9999 -9999 -9999 -9999 199.919284821199 200.749645231253 201.997077940159 203.212520597684 204.445434568417 205.673843381846 206.93293380525 208.214954373709 209.626541135353 210.874275205042 212.114727017652 213.554500576535 214.88591003117 216.258392331369 217.571411129314 218.952941891175 220.316761013278 221.640892024871 222.860458370262 224.110637660902 225.669467922947 226.943511959801 228.139373774833 229.506500239733 230.794357296144 231.945201869622 233.194232935183 234.605190273047 235.934635156053 237.189178462119 238.375419613394 239.492774957463 240.854988093417 242.190086357751 243.568946832125 245.005306235253 246.827171317278 248.412570947337 249.868083946932 251.086029045989 252.422985069793 253.671257011703 254.958881371625 256.2281570364 257.414215081525 258.595100395802 259.670288080266 260.861068718771 261.960563652808
