socal_rasters/bio03_SPHAsouth_aggfac2.asc
NCOLS 210 
NROWS 130 
XLLCORNER -119.45 
YLLCORNER 32.483333333 
CELLSIZE 0.0166666666666667 
NODATA_value -9999 
[rows 104 to 129 of 130, columns 120 to 179 of 210]
-9999 -9999 -9999 -9999 -9999 -9999 -9999 -9999 -9999 -9999 -9999 -9999 440.235191336626 440.735954284571 441.605430596985 442.178421006992 442.875259392054 443.415435776324 443.922233573015 444.495254507966 445.115509022149 445.720916749431 446.264900193344 446.664314272906 446.98748015181 447.388610842803 447.408866877665 447.722068791275 448.062751760322 448.126419076776 447.920166016698 448.327896104188 449.402740466206 449.647216797503 450.272087095591 450.200317374405 450.524986260162 452.447685221969 451.602737435819 450.097343491986 449.294174143644 451.131973270794 450.817054757866 450.054176340447 449.800392157593 450.428276028659 452.768943759064 452.446876541598 452.767005899325 453.132492054071 454.028053268281 454.814201360223 454.643936150579 455.299629198326 456.284744243821 456.069755557328 455.637519825345 456.408203138822 456.370231626921 455.99511720937
-9999 -9999 -9999 -9999 -9999 -9999 -9999 -9999 -9999 -9999 -9999 -9999 440.428977950428 440.977653494126 441.511436456015 442.407920830769 442.914039606509 443.647064203493 444.086074820253 444.727729790776 445.136054982051 445.85335539866 446.292541503404 446.728393545637 447.116996765441 447.358863826276 447.67569731941 447.722831724311 448.531417834393 448.691429139018 448.366722108534 448.162788382113 449.549232466471 449.541572571116 449.354072587752 448.74963380058 448.748649589067 449.138221740929 449.985977153439 449.473091140227 449.489570614305 449.764213562738 450.278831462199 450.868682890773 450.359252916552 451.040649399294 452.037391644629 452.727127073857 453.60166166457 454.507148733379 454.872192397332 454.619316099839 454.713340746932 456.129768361343 456.637237553235 455.106910704875 455.687438970794 456.298690778686 456.740997284962 457.061477655871
-9999 -9999 -9999 -9999 -9999 -9999 -9999 -9999 -9999 -9999 -9999 -9999 440.290855395901 441.276153559055 441.7840194603 442.564201352108 443.169822690531 443.910163871225 444.40011596164 444.898773189648 445.255004877377 445.96612548126 446.528053276672 446.941909789276 447.166618344078 447.457588192779 447.464065556523 447.984268176434 448.203903196353 448.441329958107 448.376777648712 448.271316537284 448.451164237881 448.873611447864 448.800704959008 449.136276233727 450.178817739971 450.277000431074 450.277084353571 449.321708657864 451.214378359172 452.159538253713 452.425460806143 453.088691721937 451.922904969412 452.159721352555 453.514625521084 453.892105081017 453.8710021871 454.44771576284 454.74716187328 454.345359802269 455.095275880307 455.560913073818 456.487442000277 455.019599944913 454.82622528047 455.413368209906 456.792106600233 457.313835151301
-9999 -9999 -9999 -9999 -9999 -9999 -9999 -9999 -9999 -9999 -9999 -9999 440.424430838602 441.372390735625 441.823432912124 442.627525316652 443.224487287478 443.927993772404 444.500961298283 444.975852958344 445.560569756721 446.027931198936 446.7135543766 447.175987244247 447.390090937475 447.629058829153 447.666671745056 448.069602964807 447.982093811917 448.375816337751 448.397773738358 448.495529176674 448.719871512231 449.147659296119 449.529518122623 449.661766045904 450.150543206569 450.406501766743 450.385337844551 450.379859903468 450.913391103003 451.95441434744 453.315544095004 455.197044384712 453.017921468671 452.622253408744 453.305915831633 454.429923992437 455.219635013338 454.536903398622 454.279739376751 454.63244627328 454.854759215857 455.207832324797 455.433052066766 454.537170422201 454.818733200456 456.423652601936 457.385398864124 457.886993396048
-9999 -9999 -9999 -9999 -9999 -9999 -9999 -9999 -9999 -9999 438.613410941791 439.349121076973 440.400299053349 441.161521900837 442.008674607766 442.770507795968 443.451721183663 444.004203786821 444.643920892755 445.138488767726 445.593780512446 446.258804311323 446.832649222584 447.386230461205 447.332817075594 447.352645875133 447.690864564974 447.906547546139 448.139137262505 448.688079830876 449.00698852011 449.037605281944 449.211059568981 449.432380669606 449.702095030484 450.535568216938 451.476364116934 451.130363485444 450.664916996254 451.22798155384 451.627189630304 452.176475512783 452.627326957742 453.27901459981 452.727455143635 452.765739447556 453.041946411504 454.149269082552 454.753105154397 454.833694461085 454.843048093112 455.665275539628 456.593200690085 455.876586930458 454.971290597348 454.630805942609 455.805801359042 457.007057161695 457.643470771872 458.198562601616
-9999 -9999 -9999 -9999 -9999 -9999 -9999 -9999 -9999 -9999 -9999 439.286842329076 440.373908984183 441.300689686802 442.15539550166 442.918083181759 443.488342281288 444.184974663034 444.720428458428 445.325447076468 445.723228447601 446.304061881813 446.780380244357 447.050376888985 447.993659959833 448.066390994548 448.387786858439 448.364807124565 448.487754815989 448.862220753054 449.402076717997 449.513778673313 449.701950065516 450.21549223779 450.968902579552 451.152900685944 450.987869278233 450.929679871455 451.448104848468 451.787078859784 452.000434868519 452.167098995071 452.238952626503 452.613769517844 452.845100400117 452.7651062014 453.157257067777 453.993148794405 454.700088482921 454.870391839921 455.521232591972 455.808914169746 456.21658325815 455.161773686679 455.432052619504 454.869659420478 455.417297342274 456.401107769897 458.572387683786 458.492843641811
-9999 -9999 -9999 -9999 -9999 -9999 -9999 -9999 -9999 -9999 -9999 439.254142757861 440.338409420483 441.31412504975 442.036659232694 442.894798269168 443.517753593555 444.314933766785 444.774993883757 445.337776181844 445.843917835395 446.100173942059 446.715286248351 447.266464226885 448.012290943403 448.615707395132 448.62489318619 448.951988222013 448.781875612172 448.953323363821 449.240028377876 449.586265559799 449.750892625725 450.627296429763 451.307342525364 451.337455764977 450.501075745969 450.810379025027 451.029533371339 451.935020445028 452.014343255251 452.324501038791 452.20155334346 452.471183775508 453.312744105094 454.205924997224 454.536392205631 454.54486846199 454.722671512298 455.212882974667 454.989410405077 455.752181995635 455.328567518599 455.647964466611 455.874488825689 456.245872485266 456.101371784321 455.763214085708 458.450508094719 458.205398608614
-9999 -9999 -9999 -9999 -9999 -9999 -9999 -9999 -9999 -9999 -9999 -9999 440.457519520256 -9999 442.227836593655 442.992614739925 443.688240043523 444.423561086723 444.88417815525 445.386299128398 445.940284718284 446.286636345794 446.977745049414 447.705619802916 448.023651116793 448.451583860515 448.620567321645 449.091590884529 449.074760441828 449.218833921913 449.398445124113 449.571876521448 449.928756708719 450.252319336303 451.09866332196 451.082572952223 450.327644339154 450.64373015535 451.547248822052 452.037574775364 -9999 451.895912159641 451.854919432051 451.982818594892 452.215972897068 453.426414458361 454.19580840093 454.455291739718 454.456169123024 454.143096922113 454.327308626983 455.567626950383 456.189125045349 456.140853893588 456.703849782596 457.149360659325 457.205764779203 456.136657671366 457.747428863624 458.121032762154
-9999 -9999 -9999 -9999 -9999 -9999 -9999 -9999 -9999 -9999 -9999 -9999 -9999 -9999 442.273262015618 443.024597164772 443.692039479258 444.271270747238 445.046745286265 445.548522945793 446.025955197431 446.52281951129 447.04982757116 447.529655452826 448.179199207843 448.456718442015 448.784080496274 449.35596464852 449.561935427901 449.675773613473 449.812736512848 450.012512199253 450.423934928817 450.387855540102 450.312004077752 450.528839115335 450.521842948837 451.15175628205 451.545890808183 451.862335184874 452.600273126892 453.246650680962 454.021034250841 453.263946539977 453.147781384914 453.48616026608 454.36057279866 454.662071228832 453.814231880137 454.259124731909 456.178230271747 457.110191350953 456.865493777502 456.915168771411 456.680290220744 456.845153798118 456.788955699264 455.009979248024 456.601486185043 457.447563171494
-9999 -9999 -9999 -9999 -9999 -9999 -9999 -9999 -9999 -9999 -9999 -9999 440.430458064114 441.352508529062 442.175804127597 443.036956775244 443.820182788064 444.537719716661 445.248733515452 445.792884813966 446.328933706335 446.807220451073 447.227424615267 447.736015316753 448.179992663005 448.661628719347 449.002861020859 449.475601187924 449.737899775223 449.991752622728 449.975868224148 449.986289974722 450.225860597178 450.394096370484 451.292533858012 452.049331680082 451.402725217299 452.111640912908 453.465568527578 452.808021555525 452.868301386698 453.354995728849 453.766799912299 454.78746031574 454.854133622777 454.517326359802 454.47930907723 453.8770065422 453.768905630468 454.790817238852 455.855712870851 457.147834747434 457.258499150754 457.214286811585 456.80286408578 456.757202138462 456.410186798044 454.636734029111 455.178466754022 456.144866938494
-9999 -9999 -9999 -9999 -9999 -9999 -9999 -9999 -9999 -9999 -9999 -9999 439.958274836326 441.147331221249 441.974372851553 443.028221125316 443.912109362737 444.61114500729 445.249336229045 445.871528617591 446.451385490027 446.851104731508 447.329750050411 447.927597044307 448.281013478208 448.732978810323 449.016326893121 449.3778152444 449.726310722307 449.953842164286 450.036216736268 450.102142332845 450.343276970891 450.607589715857 451.336486793272 452.230476374506 452.890487673937 452.664123532578 453.319000232075 453.725234983501 453.822914122405 454.041221623736 454.098945617116 454.974098169346 455.623527546779 454.933937086042 454.080123904131 453.852775593565 454.299674947633 455.474891656203 456.461547834631 456.871528618712 457.693588286731 456.455291760668 456.02818296701 456.946105957178 456.293022182764 454.580749522251 454.859062167599 456.195037843071
-9999 -9999 -9999 -9999 -9999 -9999 -9999 -9999 -9999 -9999 -9999 -9999 439.992691018322 441.244018541701 -9999 -9999 443.674034114379 444.592788690155 445.252899157765 445.888198842776 446.404174800641 446.725021358127 447.522689815971 447.832061753458 448.349502558431 448.800468439016 448.952110283971 449.758949270985 449.778343194391 450.146827696385 450.158332820929 450.527885435712 450.931106566135 451.301330563599 451.65383910456 451.883102410217 452.33750914455 453.436233519363 453.279357909687 454.44582365628 454.529273983902 454.837516773725 455.765861505008 455.990882867979 454.883071930858 453.703132642254 453.333030694435 453.729827872088 455.142234798911 455.183486945244 455.566436756693 456.862373321792 457.544494639279 456.927368184506 455.446640022637 455.702842688213 455.903717067728 454.867843633437 455.280349729516 454.959037780868
-9999 -9999 -9999 -9999 -9999 -9999 -9999 -9999 -9999 -9999 -9999 -9999 439.970405562851 -9999 442.132148732432 -9999 -9999 444.62662505311 445.450958246454 445.794288622761 446.589576711998 447.089675894865 447.546401972357 448.003028852834 448.45804595262 448.966209409748 449.040840144626 449.42983244701 -9999 450.092430108317 451.324188218906 451.740585328251 451.569999692641 451.637710574685 451.774208075411 451.937957762222 452.409011827435 453.262954727227 452.952102663555 453.343063332244 454.645835851727 455.34837342431 454.96656036277 454.920898449079 454.165008550666 454.19512939377 453.081115733434 454.052421547326 455.053489679838 455.358123776275 455.930427540091 456.512077326542 456.921226492228 457.391082774305 456.148216276997 -9999 455.122993471591 455.347236640997 455.304931656826 455.409774776904
-9999 -9999 -9999 -9999 -9999 -9999 -9999 -9999 -9999 -9999 -9999 -9999 -9999 -9999 -9999 -9999 443.676055893798 -9999 -9999 445.715080258733 446.570541373311 447.066925045232 447.596710198072 447.898292535265 448.606201157417 448.992500301505 449.137123103441 -9999 450.14612579003 450.839286800113 452.155609117195 452.215675361462 451.375030517568 452.034637445585 452.101799024871 451.779785154552 452.122833258201 452.305770869055 452.873695361355 453.623390179976 455.050041183323 455.105216982078 455.309509256108 455.881355292332 455.157661461143 454.252799997162 453.416801456544 453.794479359166 454.02607726254 454.967620835907 455.082450853573 455.90470883936 456.614990246503 456.411674498503 -9999 -9999 455.447731018559 455.949348450746 455.886169445609 455.888336194955
-9999 -9999 -9999 -9999 -9999 -9999 -9999 -9999 -9999 -9999 -9999 -9999 -9999 -9999 -9999 -9999 -9999 -9999 -9999 -9999 446.563964838491 447.055130005398 447.596435547284 448.106369015541 448.568565366461 448.668853758356 449.211639403792 449.698173507741 450.30373381312 450.853546138287 451.166244509105 451.053153995532 451.527343747382 452.533920278281 452.1192855994 451.98632812309 452.183364875833 452.142448416856 452.676223742419 453.459243774721 453.716941824108 454.629165643156 455.07365416527 455.612777704328 455.734291086929 455.19282532818 454.245803860187 454.693389882147 455.224929806184 454.763206497464 454.271781925412 454.371566764402 454.374794004342 454.635581961594 456.525276186542 456.566497800084 456.026267999173 455.747222913208 455.985534669218 455.309532163985
-9999 -9999 -9999 -9999 -9999 -9999 -9999 -9999 -9999 -9999 -9999 -9999 -9999 -9999 -9999 -9999 -9999 -9999 -9999 -9999 446.568672172235 447.147277827381 447.681732168762 448.078216536977 448.658676143478 449.021888727272 449.484718321326 449.878417958306 450.394348134204 450.770683280792 450.927085878522 451.22278594199 452.228355392779 452.707168565793 451.877052313951 451.97743987421 452.176742548293 452.525657648358 452.530883785132 452.950881951595 453.438674920274 454.840431190787 455.640426624344 456.091979974593 455.548027054216 454.832771306965 453.463859531572 454.696037281751 455.233634960278 455.257637027233 455.66517635616 455.997703555969 455.291671757123 455.980552662826 455.664077752896 455.83431243516 456.081329349697 455.676010143562 455.51758575854 455.108146669659
-9999 -9999 -9999 -9999 -9999 -9999 -9999 -9999 -9999 -9999 -9999 -9999 -9999 -9999 -9999 -9999 -9999 -9999 -9999 -9999 446.602676382838 447.10731504845 447.604759201244 448.197303763655 448.81685637935 449.128211971833 449.67557525147 450.005905149879 450.445800779836 450.877494805699 450.945457464495 451.185668934261 451.490409846411 451.962684621805 452.087593084472 452.460754381661 452.807312009404 452.964996331432 453.036109927436 453.125831594921 453.406929006133 454.045448283497 455.323860167241 456.184448228733 455.51378633617 454.028602651908 453.332351654489 455.352432231117 455.768302904668 456.219024665369 456.021102910573 455.496238718317 455.322860716861 456.238151528981 457.408134455914 457.263465900917 456.281936668663 455.378479011282 455.179809575748 454.965858454073
-9999 -9999 -9999 -9999 -9999 -9999 -9999 -9999 -9999 -9999 -9999 -9999 -9999 -9999 -9999 -9999 -9999 -9999 -9999 -9999 -9999 447.142524711954 447.802223196355 448.230537414628 448.721694943767 449.194587703294 449.617385859234 450.121696459698 450.513916006577 450.812759397043 450.906677242048 -9999 451.646888734467 451.897483816701 452.424156175923 453.14007566156 454.565444956243 453.489860536139 453.504005434272 453.553230277126 453.928367624774 454.005027771153 454.598884562352 454.951263433329 454.768951424614 453.444160478451 453.994079565837 455.444213860716 456.256408675848 455.98638918647 455.521026612244 455.607871998654 456.212898242727 457.172233554161 458.166473384693 457.523612999486 456.205894494738 455.474281312462 455.019706736051 455.048484794096
-9999 -9999 -9999 -9999 -9999 -9999 -9999 -9999 -9999 -9999 -9999 -9999 -9999 -9999 -9999 -9999 -9999 -9999 -9999 -9999 -9999 447.083778379006 447.818023682641 448.205986013526 448.721717826732 449.34119413918 449.742095936196 450.107124318475 450.525573721237 450.865234377482 450.868392942591 450.983642563572 452.262710568789 452.576293941941 453.37711332081 454.160072302713 455.76802062995 455.028617851297 454.909111025898 454.599098203434 454.252136228122 453.883873001955 454.10474394833 453.50740053963 453.236686705013 453.326713550662 454.060882552005 454.990432733252 455.522140505652 455.636131281824 455.863403319347 456.078399648074 456.504356387745 456.81923675289 457.184677104965 456.675376901249 455.792312656832 455.17563629665 455.311111452606 455.641654952481
-9999 -9999 -9999 -9999 -9999 -9999 -9999 -9999 -9999 -9999 -9999 -9999 -9999 -9999 -9999 -9999 -9999 -9999 -9999 445.906043985741 -9999 447.334243770034 447.663726797159 448.233314502035 448.694206225649 449.139907830737 449.673866273465 449.914047234254 450.330932618674 450.741630545641 451.003601067346 451.322418206005 452.310241689901 453.018577554756 453.961624137064 455.173522926871 455.695564280203 455.937385538908 455.70139312864 455.211532629933 453.924125672818 453.718154911725 453.735206579072 454.051483145409 455.372398368362 455.802757277727 455.200393680453 455.027618401094 455.212295539511 455.308769221756 455.50663756626 456.028144821087 456.115715037302 455.39556121292 455.77430726571 455.413002011497 455.471817008748 455.944091787947 456.226646427166 456.060653694113
-9999 -9999 -9999 -9999 -9999 -9999 -9999 -9999 -9999 -9999 -9999 -9999 -9999 -9999 -9999 -9999 -9999 -9999 -9999 445.759605398945 446.407066343299 447.129196155977 447.720344535646 448.280281064188 448.825378409151 449.447471616689 449.757095329808 450.186157214401 450.655288696884 451.044380181816 451.226646418823 451.656906127582 452.184905988803 452.654548641269 453.715705859534 454.585945121513 454.992790229182 454.710967992881 454.638679524212 454.321731604192 453.150436400009 453.178092955012 453.4264907527 455.160896280761 456.462715120019 457.857414252068 456.039444001072 455.277572635015 455.037063605611 454.814277643442 454.971633903786 455.080604538316 455.216659537234 455.58962248863 455.436729451277 455.605209332126 456.384765601326 455.956451425533 456.018264765002 456.206161503854
-9999 -9999 -9999 -9999 -9999 -9999 -9999 -9999 -9999 -9999 -9999 -9999 -9999 -9999 -9999 -9999 -9999 -9999 -9999 445.618865959334 446.27870940257 447.10302733281 447.793815610919 448.171257019757 448.80318450815 449.478683457572 449.919616704037 450.249084466309 450.517364503254 450.800117490551 451.259437562268 451.571166996711 451.682518008098 452.127037040153 452.981918310071 453.356071483898 453.204109198421 452.95497130325 453.022407547755 453.097816456795 453.318275450885 453.30812836089 453.389335639369 453.912658672962 455.26508329112 455.954994211709 455.151969916877 454.951774602474 454.908523552384 455.158798214443 455.597778330649 455.285522464457 455.315986621822 455.931106573724 455.327484130267 455.14008332516 455.370635971274 456.040695188178 456.230590831704 456.076957701402
-9999 -9999 -9999 -9999 -9999 -9999 -9999 -9999 -9999 -9999 -9999 -9999 -9999 -9999 -9999 -9999 -9999 -9999 -9999 -9999 446.1197128178 446.885551442484 447.590713495995 448.276039115639 448.574493395661 449.229957570625 449.695632923761 450.112510673801 450.46627807566 450.968315120573 451.142066954946 451.480865471921 451.749282835298 451.749359124921 452.056777951422 452.298507693461 453.228843675297 453.946441640831 453.800979622811 453.043975834987 453.214195252083 453.460945128195 453.690483100099 453.824783317054 454.597953791424 455.036308285056 455.381988518347 455.51847076432 455.68089293771 455.781204213475 456.641616808449 456.919685380336 456.646705628049 457.127822864796 457.263229356186 456.762886082607 -9999 -9999 -9999 -9999
-9999 -9999 -9999 -9999 -9999 -9999 -9999 -9999 -9999 -9999 -9999 -9999 -9999 -9999 -9999 -9999 -9999 -9999 -9999 -9999 446.029670710655 446.733428941283 447.395874017492 448.087661736041 448.598342893362 449.150695803793 449.406791683838 450.01837157196 450.487663261546 450.715164183022 450.930740347986 451.268638604028 451.405937186223 451.895812984691 452.116340644416 452.455139151309 453.191665639667 454.248344393154 455.06712340741 454.062042248683 453.387733464826 453.382911683952 453.883125292815 -9999 -9999 -9999 -9999 -9999 -9999 -9999 -9999 -9999 -9999 -9999 -9999 -9999 -9999 -9999 -9999 -9999
-9999 -9999 -9999 -9999 -9999 -9999 -9999 -9999 -9999 -9999 -9999 -9999 -9999 -9999 -9999 -9999 -9999 -9999 -9999 -9999 445.77146910517 446.53122710328 447.345954879218 448.06680297506 448.612709039176 449.250694272298 449.611076357006 449.904716485802 450.307800287029 450.560913083378 450.847740174114 451.330337520849 451.784561156131 451.994583115096 452.484954828435 452.662986750681 453.136260973795 454.415145835773 -9999 -9999 -9999 -9999 -9999 -9999 -9999 -9999 -9999 -9999 -9999 -9999 -9999 -9999 -9999 -9999 -9999 -9999 -9999 -9999 -9999 -9999
-9999 -9999 -9999 -9999 -9999 -9999 -9999 -9999 -9999 -9999 -9999 -9999 -9999 -9999 -9999 -9999 -9999 -9999 -9999 -9999 445.511520380076 446.259544364872 447.030975329493 -9999 448.666976915331 -9999 -9999 -9999 -9999 -9999 -9999 -9999 -9999 -9999 -9999 -9999 -9999 -9999 -9999 -9999 -9999 -9999 -9999 -9999 -9999 -9999 -9999 -9999 -9999 -9999 -9999 -9999 -9999 -9999 -9999 -9999 -9999 -9999 -9999 -9999
