socal_rasters/bio03_SPHAsouth_aggfac2.asc
NCOLS 210 
NROWS 130 
XLLCORNER -119.45 
YLLCORNER 32.483333333 
CELLSIZE 0.0166666666666667 
NODATA_value -9999 
[rows 0 to 25 of 130, columns 0 to 59 of 210]
-9999.000000000000000 -9999 -9999 -9999 -9999 -9999 -9999 -9999 -9999 -9999 -9999 -9999 -9999 -9999 -9999 -9999 -9999 -9999 -9999 -9999 -9999 -9999 -9999 -9999 -9999 -9999 -9999 -9999 -9999 -9999 -9999 -9999 -9999 -9999 -9999 -9999 -9999 -9999 -9999 -9999 -9999 -9999 -9999 -9999 -9999 -9999 -9999 -9999 -9999 423.888694768963 -9999 -9999 -9999 -9999 -9999 -9999 -9999 -9999 -9999 -9999
-9999 -9999 -9999 -9999 -9999 -9999 -9999 -9999 -9999 -9999 -9999 -9999 -9999 -9999 -9999 -9999 -9999 -9999 -9999 -9999 -9999 -9999 -9999 -9999 -9999 -9999 -9999 -9999 -9999 -9999 -9999 -9999 -9999 -9999 -9999 -9999 -9999 -9999 -9999 -9999 -9999 -9999 -9999 -9999 -9999 -9999 425.264274606447 423.863655082475 423.98188783108 424.351936335584 424.92480468652 424.946632382445 -9999 -9999 -9999 -9999 -9999 -9999 -9999 -9999
-9999 -9999 -9999 -9999 -9999 -9999 -9999 -9999 -9999 -9999 -9999 -9999 -9999 -9999 -9999 -9999 -9999 -9999 -9999 -9999 -9999 -9999 -9999 -9999 -9999 -9999 -9999 -9999 -9999 -9999 -9999 -9999 -9999 -9999 -9999 -9999 -9999 -9999 -9999 -9999 -9999 -9999 -9999 426.484031680765 426.975265495435 427.18215179778 424.72774507022 423.838767999488 425.557212821641 426.003936769858 425.659538267777 425.470047006331 423.828269961425 422.465507508835 422.607124331747 -9999 -9999 -9999 -9999 -9999
-9999 -9999 -9999 -9999 -9999 -9999 -9999 -9999 -9999 -9999 -9999 -9999 -9999 -9999 -9999 -9999 -9999 -9999 -9999 -9999 -9999 -9999 -9999 -9999 -9999 -9999 -9999 -9999 -9999 -9999 -9999 -9999 -9999 -9999 -9999 -9999 -9999 -9999 -9999 428.623672498161 426.377044677876 428.334434499786 429.398323057166 428.954269418433 427.821617121765 427.350265504141 425.682510389687 423.959892272317 425.046623224667 426.372344970722 425.803405758307 426.729591369312 426.000663777962 423.435485830446 424.743026727967 425.012504577908 424.237243653353 -9999 -9999 -9999
-9999 -9999 -9999 -9999 -9999 -9999 -9999 -9999 -9999 -9999 -9999 -9999 -9999 -9999 -9999 -9999 -9999 -9999 -9999 -9999 -9999 -9999 -9999 -9999 -9999 -9999 -9999 -9999 -9999 -9999 -9999 -9999 -9999 -9999 -9999 430.806793216684 430.318702692262 431.714698798294 429.730064398159 428.427047734178 426.567024225456 428.415992729965 430.246368400651 429.629463203594 428.370452883969 427.484466555924 427.363204957225 426.028274547024 -9999 424.21041106789 425.060768125348 426.252937311884 425.499977119259 423.497161866773 424.839271540102 425.061500554154 424.074241641556 423.219146735151 422.751518254446 -9999
-9999 -9999 -9999 -9999 -9999 -9999 -9999 -9999 -9999 -9999 -9999 -9999 -9999 -9999 -9999 -9999 -9999 -9999 -9999 -9999 -9999 -9999 -9999 -9999 -9999 -9999 -9999 -9999 -9999 -9999 -9999 -9999 -9999 434.508934019822 433.708221438036 432.654525766196 429.916969306273 429.622215268214 429.205543525526 428.863311767866 427.135795593564 428.348075860774 429.447578427347 429.088035595575 427.850570679139 428.235191344745 427.191627503516 426.806571960206 425.625869759648 -9999 424.548072813964 424.683029178839 423.912246710511 423.988616940535 424.064598084817 423.670890811928 422.791046143583 422.662849426877 423.279487601531 424.217323297399
-9999 -9999 -9999 -9999 -9999 -9999 -9999 -9999 -9999 -9999 -9999 -9999 -9999 -9999 -9999 -9999 -9999 -9999 -9999 -9999 -9999 -9999 -9999 -9999 -9999 -9999 -9999 -9999 -9999 -9999 433.133590686997 434.861183168333 434.071052550829 434.338882441549 436.019721979206 434.312110911517 432.23435974613 430.939765936817 429.561553955593 429.165290842297 427.77957916946 426.930015562979 427.615097046695 427.339927676174 427.933685295072 428.935157779305 427.743835454442 426.512481691061 425.768898010722 -9999 424.707366939961 424.362274173158 -9999 424.718238830863 424.455444336506 423.858779910512 424.332542415398 425.024887079279 425.84357451776 426.038146967394
-9999 -9999 -9999 -9999 -9999 -9999 -9999 -9999 -9999 -9999 -9999 -9999 -9999 -9999 -9999 -9999 -9999 -9999 -9999 -9999 -9999 -9999 -9999 -9999 -9999 -9999 -9999 -9999 437.252342232267 434.075187693223 433.946136464273 435.761581425218 433.573669436681 433.928024286547 435.93607329452 435.942756656416 434.83055878229 433.691993716292 432.175567632919 431.381675729898 429.626052863669 427.601203923494 427.752853399631 428.315750113472 428.705101011543 428.701545717706 428.142967228305 427.004417426855 425.975952151595 425.850555422361 -9999 -9999 425.509346007158 425.199760440678 424.63823700174 424.62860869386 425.472167963888 426.166740417017 426.151290899045 425.818809522559
-9999 -9999 -9999 -9999 -9999 -9999 -9999 -9999 -9999 -9999 -9999 -9999 -9999 -9999 -9999 -9999 -9999 -9999 -9999 -9999 -9999 -9999 -9999 -9999 439.86405182114 438.70663452459 437.647720339229 436.673545842199 434.369338997393 432.724670408648 433.93202972051 435.243957516657 434.297843939059 433.708396908899 435.284660331921 435.508911140926 433.909049992646 433.70927429184 432.749221808527 430.826728826296 429.512489327917 428.004898074497 428.762397766005 428.79629516833 428.736541747611 428.272476196061 428.046134945601 427.748207098465 426.691360478721 425.916503908994 425.273910518761 426.09468841805 425.63188171454 425.546371457428 425.024597174518 425.353340145753 425.488891601379 425.612243653854 425.955528258757 425.031417861035
-9999 -9999 -9999 -9999 -9999 -9999 -9999 -9999 -9999 -9999 -9999 -9999 -9999 -9999 -9999 -9999 -9999 -9999 -9999 -9999 -9999 443.36973572202 441.767921451203 440.010284427038 440.428871152517 440.140686036304 439.458145144164 438.269668584165 436.440574650773 434.640235908841 432.434097287022 433.55445098864 433.31258392292 433.623306272035 434.577545158928 435.799644477168 433.353042611692 432.87993621385 432.236099250186 430.701286320641 429.904075620378 -9999 428.74160766597 429.096122738905 428.72775269048 428.365768429577 429.149528503514 428.627593999271 427.76123810541 426.620788579755 426.097908017749 426.15271759062 426.433204650799 426.410987855522 425.541618348083 425.850784298682 425.517494203889 425.524002073333 425.390243535552 424.653564453254
-9999 -9999 -9999 -9999 -9999 -9999 -9999 -9999 -9999 -9999 -9999 -9999 -9999 -9999 -9999 -9999 -9999 -9999 -9999 439.290039064711 439.961502070545 441.527343752234 440.232963566375 438.331199649245 439.13395690531 440.627273556144 439.817115786078 439.004119876535 437.231369024115 434.892082222454 432.649940489942 434.071136475691 433.724349975074 434.591514583065 436.082908623743 436.306480417384 433.46743012402 432.810424798646 432.448425294972 431.404426582515 429.895790103432 -9999 -9999 428.862564085661 428.92424774179 429.413627621922 428.966804508325 428.425422670265 428.33192444118 427.481903081024 426.640098571901 426.969238280788 427.089302063666 426.494209294711 426.106384275018 426.256172177651 426.060340883016 425.96941375886 425.567253114651 425.091087341096
-9999 -9999 -9999 -9999 -9999 -9999 -9999 -9999 -9999 -9999 -9999 -9999 -9999 -9999 -9999 435.564666747698 435.871925352674 436.744934080952 437.68115997231 437.880081174304 438.613105771087 438.264488224254 437.91432189903 436.871887209165 438.332481378196 439.360671995025 440.502754207769 439.821846013862 436.921730051021 434.038993840758 432.734458925543 431.910278320659 433.113113396769 435.258216856539 435.123199458171 435.250007634435 433.640838628332 432.119842529817 433.293304436175 433.594146734412 431.474067698773 429.82154846709 430.211952200695 430.432998657751 430.485076902924 430.166442874062 429.594856263251 428.919204714829 428.483734133257 427.875839237118 427.372642518366 427.628753662606 427.456054687625 426.859169007861 426.784919737441 426.806053159651 426.425422668157 426.258934018877 426.358276366072 426.549598689396
-9999 -9999 -9999 -9999 -9999 -9999 -9999 -9999 -9999 -9999 -9999 -9999 435.733589173189 435.852073669602 435.883491516281 435.935493469172 436.022689818197 436.042381286517 436.134063719312 436.143463134336 436.376571655611 435.600280764962 435.644142147952 437.137519832436 438.383705138171 439.423698421678 440.015731810845 438.545539861305 437.187088020475 434.866378788534 432.98603821295 431.451675414086 433.828445422081 434.208213811286 434.335746764088 433.623970034872 433.09474945902 432.172607419531 433.163780212514 432.534538273226 431.475746158683 429.939216615911 430.347785950256 430.289581296946 430.520820615598 430.445724489772 429.695075988895 429.358360294976 428.969085699375 428.326652529427 427.966979979074 427.852203370384 427.638267517971 427.544494630311 427.459602356545 427.29634094536 427.142021178547 427.189872742549 427.179405211899 427.33734130645
-9999 -9999 -9999 -9999 -9999 -9999 -9999 -9999 -9999 436.452133178516 436.339065552227 436.024787903154 436.017066954446 436.61465454034 436.603912352553 436.893424987457 437.060562134989 436.9080734241 436.988410948708 437.115890504567 435.907424928243 434.836662296203 435.049949643645 436.501892086468 438.142280575956 437.974166873014 437.39876556199 436.528503424227 435.868438725103 433.742370610029 432.196731571318 431.54148864466 433.180946345619 433.449241645496 433.564109798524 433.493629458382 432.50310517156 432.225708002801 432.089271548336 431.447517396535 430.896469117154 430.901451108382 431.382240293218 431.234809875395 431.657424926497 431.160461430738 430.259078982331 429.617485049714 429.185501101012 428.9257583611 429.126220704841 428.643768311245 428.351799013107 428.214874267298 428.11978912401 427.923179625392 427.789718629748 427.499992369903 427.316009523277 427.334068296806
-9999 -9999 -9999 -9999 -9999 -9999 -9999 -9999 436.550971985559 436.555923461942 436.491500853586 437.235496519994 438.085502624505 438.027976990074 438.169235227825 438.643234252795 438.180801393451 437.706138611001 437.08890533555 435.965133669452 435.00605011129 434.708457948987 434.342208858771 434.967704771997 436.016418456402 435.765754699659 434.764579776836 434.378234863462 433.426765444635 432.463798525887 431.831451417452 431.534996031553 431.920120238669 432.666847227165 433.056259155474 433.084083556781 432.29457092959 431.34693908595 431.163848878064 430.906059264517 430.820671081112 430.893821718304 430.75630188014 430.819862364653 430.92002868524 430.451705934994 430.229530336988 430.127830503217 430.162841794312 430.243728639644 430.277526854897 429.949729920471 429.442840579077 429.126792908906 428.887489321053 428.867637636355 428.754997253712 428.769416811158 428.18708801537 428.050949099477
-9999 -9999 -9999 439.44419860825 438.985000610838 -9999 -9999 437.222511291565 436.589607239008 436.494544982464 437.329383849217 437.310005188211 437.061737061028 436.668045044439 436.965499877998 436.817207336792 436.041458131089 435.776275636993 435.246986389429 435.244750978489 434.520462036999 434.551162720188 433.827949526044 434.182540890909 434.298576356651 434.061820985974 433.704513551307 433.228805543394 432.561012267457 432.089210512139 432.092330933686 431.850418091618 431.69586181738 431.627151489012 431.630340576244 431.643646240478 431.425407410266 431.408760069537 431.424072264346 431.565574644886 431.639915464478 431.886009215403 432.157806398273 431.538711551838 431.911331175757 431.559402468022 431.361267091234 431.109649658756 431.261512755218 431.122634887384 431.456779476637 431.366134648288 430.469314578229 429.926765444121 429.642585756256 429.633934018718 429.609565734561 429.768165590602 429.632759096835 429.415672306217
440.002983093215 440.77630615226 439.38428497339 439.405715942515 438.929908752951 437.966377258585 -9999 437.134323119923 436.446235657097 436.860382079914 436.895301818374 436.655914307806 436.172340393843 436.256011961805 436.530799866351 435.977119445967 435.388496399241 435.367294312824 434.958587645101 434.682594299226 434.446510315651 434.261207582682 433.915153502471 433.502639769505 433.487655641002 433.093620300929 432.670196533971 432.622947692858 432.314018250168 432.199089051529 432.074134827786 432.348258970785 432.212699889026 432.558563230491 432.543006897594 432.537887570728 433.386032100738 432.798370360283 433.728866575581 433.907951353768 434.601501459715 435.297660825832 434.719841006816 433.523735053887 432.781356808002 432.981575014965 433.296638486458 432.614845275616 433.227981562139 433.232276917825 432.736633303078 432.093070985364 431.520179752527 430.8058242819 430.701034548136 430.400047304117 430.27521514873 430.401832579737 430.533134457461 430.946914667885
-9999 439.081901550439 438.858245849422 439.030914306495 439.514785766587 439.407516479347 438.692207337285 437.43522644165 436.373313903514 436.548095704416 436.538970946873 436.141326905013 436.056396483406 436.487922667964 436.765052794866 436.437324525677 435.173042298237 435.02027893147 434.733184813191 434.675132752508 434.227973939888 434.166450502239 433.586929321277 433.349609375316 433.19939422675 432.940666198913 432.869377136923 432.752738953073 432.805847167164 432.836204529258 432.981605529072 433.304389954707 433.787055965828 434.594383237046 434.74198913645 434.61162566859 435.162513733172 434.889839171922 435.390640256012 435.908073424147 435.901206973431 435.429931641309 435.926353450764 435.789291386337 434.729896545122 434.895141600347 435.463455197336 435.223098760545 435.03063964855 435.218933106038 434.844673162586 434.038345339 432.686065677882 432.040779116487 431.831596373794 431.774917604868 431.446907044613 431.720260617428 432.687034597487 433.735496519235
-9999 -9999 -9999 438.035842895353 438.076469421209 438.637100219446 438.955070496032 438.207771302535 436.79109954951 435.920364380079 435.953041076576 436.030426025343 436.223724364757 436.855377196151 437.191864014944 436.386573793066 435.440536500905 434.889678955569 434.712493896595 434.42802429339 433.902595520609 433.514122009541 433.510688781881 433.423576355578 433.83247375389 434.548713682528 434.832122803386 434.111801149462 433.998619074889 434.66558074757 434.724281310968 434.567321777274 434.272178648095 434.891220091409 434.885917665841 434.853004454142 434.981529236322 435.166580198196 435.593605039854 435.752624511369 435.718444825794 435.346488954458 434.835769655199 434.806983946883 434.745452879601 434.698875430187 434.952766416823 435.47965240277 435.83449554428 436.513717646145 436.603897100525 435.221527105293 434.641159053495 433.798629766408 433.179862977639 433.120635988016 432.465507512815 433.026229853306 433.57755280362 433.309547427046
-9999 -9999 -9999 437.480674744016 437.252388000275 437.280273436801 437.805854797885 437.091674805273 436.502502442195 435.848075866773 436.33788299538 436.440063476234 436.376121521436 436.502197264754 436.590644837663 436.186988829857 435.610366821915 434.916923523393 434.245674133735 434.020202636843 433.849838256306 433.706649779582 434.356735226094 435.375656126552 436.071029662149 435.938209534784 435.322372436953 434.680419923403 434.405090330883 434.590293882797 434.413948059062 434.473396300932 434.340209962025 434.374534607067 434.28017425618 434.247596740708 434.514816282598 434.375022888913 434.656021116915 434.655807495927 435.157188414088 435.549118039773 435.388771060096 434.755165103954 434.422630309262 434.49459075831 434.988754271744 435.226989743026 435.439353940253 435.515373228297 436.774192805517 436.762100217775 436.661560062018 435.974090583142 435.059494021228 433.983238231147 432.840621951959 432.388092044212 432.322509766937 431.972389222981
-9999 -9999 -9999 -9999 -9999 -9999 437.222419738393 437.000587463617 436.101654053707 435.595344543559 436.206825255802 436.24973297217 436.241119384696 436.110290528427 436.115112305658 435.62598419239 435.160293580306 434.632843019378 434.113044739351 434.153480530576 433.861747741309 434.215568540595 435.220535279634 435.027481080682 434.967864990205 434.822929384108 434.645820618009 434.502983093453 434.420028685407 434.209693907977 434.161689758626 434.115905761889 433.981155395363 434.273155214071 434.214485167473 434.001869203766 433.889556884806 433.926490783022 434.071334838394 434.184555052307 434.588752744605 434.672378540811 434.771842956155 434.479942325306 434.510635374207 434.457389831057 434.830192563751 435.964553828232 435.978004463112 435.120719912364 435.107345584098 434.792335507564 435.42471312688 435.290489206032 434.643943777712 434.414100658797 433.011596683272 432.489311219221 432.260314944019 431.978507996543
-9999 -9999 -9999 -9999 -9999 -9999 -9999 436.660171509559 435.883811951161 435.782295226379 436.173927306963 435.950881958774 435.795547485872 435.678764343115 435.497611999886 435.137458801722 434.800201417273 434.313461303769 434.174087525045 434.064781188447 434.698196409586 434.946975706941 434.735664369035 434.619941711949 434.555961609667 434.284400940192 434.482452392552 434.321510316167 434.194343566831 434.100036622663 433.917175293954 434.014465333203 434.059104920146 433.96050262391 434.030456542532 433.917999267661 434.00863647524 434.0426330542 434.123405456118 434.412376404547 434.590606689075 434.48461151087 434.45858764878 434.237861634847 434.094841001899 434.297782899017 434.572029112961 435.026206966589 436.427085874655 435.460365301191 434.693077085899 434.277740479418 434.550514222918 434.127388001357 434.019577027834 433.540969850716 433.209617617466 432.801651002051 432.514022823974 432.346115113124
-9999 -9999 -9999 -9999 -9999 -9999 -9999 -9999 -9999 -9999 435.232620239482 435.127014160441 435.179244994686 434.975318908428 434.927543639013 434.800109864555 434.534568788298 434.276268005087 434.253395080848 434.01937866216 434.396484374583 434.460250855071 434.340377808311 434.288558960533 434.261665344548 434.271759033504 434.139892579384 433.988296509067 434.087867737827 434.043113709218 433.988777160291 433.977928161892 434.007789611927 433.99881744396 434.145515440986 434.354133606624 434.77725219616 434.459434509454 434.485458375729 434.211662292516 434.390769959929 434.496818543578 434.543365478857 434.604858399247 434.480895995263 434.30950164909 434.397659300579 434.69218444333 435.950004574301 435.280426031051 434.480377199097 434.286155702624 434.159545900255 433.967491150624 433.828689576277 433.61167907935 433.257690431014 432.884819029148 432.806350708312 432.510185242121
-9999 -9999 -9999 -9999 -9999 -9999 -9999 -9999 -9999 -9999 -9999 434.861709594318 434.823699951416 434.841308594134 434.644973754932 434.518653869733 434.457916259841 434.127059935792 434.369537353945 434.237037659001 434.036422728997 434.237480163966 434.237518310806 434.305992125318 434.637626648974 434.709754944071 434.11070251499 434.02226257256 434.229148867009 434.505538938615 434.647796630724 434.670150757013 434.720664977208 434.704269410213 434.674331663656 434.419822692351 434.662811278968 435.107261655347 435.140106202202 434.858268736921 434.79067993256 434.803871153333 434.961280822963 435.245391844913 435.188514708935 435.383918762578 435.30369568115 435.619331357463 436.286010740757 435.210716256819 434.339576722408 434.320190429593 434.125946046119 434.141914368503 433.827064514605 433.802330015645 433.625915527781 433.286537170713 433.090843200858 432.967231752113
-9999 -9999 -9999 -9999 -9999 -9999 -9999 -9999 -9999 -9999 -9999 434.738151550389 434.636634827019 434.56218719424 434.620918274017 434.432983398411 434.538246154627 434.205223084871 434.144851684631 434.10469818064 433.994171142804 434.304801940061 434.526458740057 434.543617249475 434.346504212769 434.316894532613 434.129020691451 434.368820190675 434.432312012704 434.157089233775 434.244560240487 434.443367005105 434.357238768409 434.421287534444 434.832496643309 435.169952391569 435.461822510231 -9999 435.368080138916 435.431243896655 435.615318296941 435.790725706201 436.121192933063 435.849838255061 436.256965632644 436.522033689696 436.996902467061 436.511245733859 435.468612675495 434.967201235301 434.662979127774 434.599693300734 434.4935150162 434.41661072044 434.234573362817 434.080093384218 433.951889038904 433.871772767335 433.697471621331 433.360237124159
-9999 -9999 -9999 -9999 -9999 -9999 -9999 -9999 -9999 -9999 -9999 434.876625060772 434.674194337081 434.489128113268 434.426307678273 434.374404907424 434.375518798805 434.356185913127 434.327743530806 434.067634582374 434.181579589661 434.340621948023 434.120513916873 434.148506164502 434.116531370923 434.224136352855 434.213577270243 434.252929687349 434.384613037388 434.729522704727 435.018974303843 434.714599607165 434.965805051294 435.363044738722 435.431350707609 435.645446775303 436.109931944479 436.378997803695 436.33441924856 436.429573061131 436.647125243014 436.971618648536 437.402282715665 437.362594603012 437.350059511769 437.235343934129 436.99427032988 436.045715336619 435.495117187809 435.146095277679 435.178871156222 434.97101593221 434.880187990691 434.683555604082 434.479026796366 434.37429809651 434.234786989288 434.226676940701 433.979980470524 433.840782167461
