socal_rasters/bio16_SPHAsouth_aggfac2.asc
NCOLS 210 
NROWS 130 
XLLCORNER -119.45 
YLLCORNER 32.483333333 
CELLSIZE 0.0166666666666667 
NODATA_value -9999 
[rows 0 to 25 of 130, columns 0 to 59 of 210]
-9999.000000000000000 -9999 -9999 -9999 -9999 -9999 -9999 -9999 -9999 -9999 -9999 -9999 -9999 -9999 -9999 -9999 -9999 -9999 -9999 -9999 -9999 -9999 -9999 -9999 -9999 -9999 -9999 -9999 -9999 -9999 -9999 -9999 -9999 -9999 -9999 -9999 -9999 -9999 -9999 -9999 -9999 -9999 -9999 -9999 -9999 -9999 -9999 -9999 -9999 204.500000085061 -9999 -9999 -9999 -9999 -9999 -9999 -9999 -9999 -9999 -9999
-9999 -9999 -9999 -9999 -9999 -9999 -9999 -9999 -9999 -9999 -9999 -9999 -9999 -9999 -9999 -9999 -9999 -9999 -9999 -9999 -9999 -9999 -9999 -9999 -9999 -9999 -9999 -9999 -9999 -9999 -9999 -9999 -9999 -9999 -9999 -9999 -9999 -9999 -9999 -9999 -9999 -9999 -9999 -9999 -9999 -9999 215.00000021307 186.999999945587 197.250000013889 203.74999991967 221.249999918045 231.99999998033 -9999 -9999 -9999 -9999 -9999 -9999 -9999 -9999
-9999 -9999 -9999 -9999 -9999 -9999 -9999 -9999 -9999 -9999 -9999 -9999 -9999 -9999 -9999 -9999 -9999 -9999 -9999 -9999 -9999 -9999 -9999 -9999 -9999 -9999 -9999 -9999 -9999 -9999 -9999 -9999 -9999 -9999 -9999 -9999 -9999 -9999 -9999 -9999 -9999 -9999 -9999 221.250000062286 249.749999749321 268.00000013899 210.00000029297 185.999999891174 226.499999805536 249.249999995261 250.499999961423 251.000000068817 216.250000255596 183.750000015319 202.499999864724 -9999 -9999 -9999 -9999 -9999
-9999 -9999 -9999 -9999 -9999 -9999 -9999 -9999 -9999 -9999 -9999 -9999 -9999 -9999 -9999 -9999 -9999 -9999 -9999 -9999 -9999 -9999 -9999 -9999 -9999 -9999 -9999 -9999 -9999 -9999 -9999 -9999 -9999 -9999 -9999 -9999 -9999 -9999 -9999 226.750000275277 192.999999976802 238.749999734523 293.749999866094 287.750000170294 262.250000004251 255.000000069492 222.750000226392 188.500000009071 211.249999828684 237.999999962182 240.999999922855 272.749999847586 254.250000355846 200.750000035753 230.249999797092 245.25000006889 227.250000070133 -9999 -9999 -9999
-9999 -9999 -9999 -9999 -9999 -9999 -9999 -9999 -9999 -9999 -9999 -9999 -9999 -9999 -9999 -9999 -9999 -9999 -9999 -9999 -9999 -9999 -9999 -9999 -9999 -9999 -9999 -9999 -9999 -9999 -9999 -9999 -9999 -9999 -9999 235.500000047444 232.74999985018 262.749999967793 249.75000007719 222.00000015838 191.749999996135 231.499999746413 297.249999793052 293.50000020767 252.250000089232 246.249999952223 256.749999995557 229.250000231243 -9999 193.249999929124 213.499999893943 239.499999891848 231.000000200486 199.249999994892 225.749999828307 235.500000063592 216.000000107895 198.750000060394 191.000000055855 -9999
-9999 -9999 -9999 -9999 -9999 -9999 -9999 -9999 -9999 -9999 -9999 -9999 -9999 -9999 -9999 -9999 -9999 -9999 -9999 -9999 -9999 -9999 -9999 -9999 -9999 -9999 -9999 -9999 -9999 -9999 -9999 -9999 -9999 296.999999974423 297.000000026367 270.500000155903 225.750000108023 221.749999953459 223.000000036748 216.250000064104 194.5000000232 218.749999829616 258.749999882309 249.25000017858 229.749999927771 256.999999947886 247.750000066579 242.250000031735 217.250000189829 -9999 200.49999990358 207.000000058991 197.750000085201 201.499999928497 211.499999999997 200.750000100666 188.750000016184 193.249999950599 213.499999854796 238.499999909123
-9999 -9999 -9999 -9999 -9999 -9999 -9999 -9999 -9999 -9999 -9999 -9999 -9999 -9999 -9999 -9999 -9999 -9999 -9999 -9999 -9999 -9999 -9999 -9999 -9999 -9999 -9999 -9999 -9999 -9999 241.499999854429 285.99999998797 260.250000077567 279.499999808137 339.749999897907 321.000000182991 284.500000069673 265.000000078738 246.000000022036 242.500000075403 211.500000123713 194.24999998019 206.749999963486 210.24999999585 231.749999808804 271.249999943537 249.250000164237 224.000000054414 215.750000023152 -9999 194.499999971075 192.500000049164 -9999 216.499999999996 209.250000046826 201.249999984103 218.749999854345 242.999999857256 265.499999899459 267.250000142023
-9999 -9999 -9999 -9999 -9999 -9999 -9999 -9999 -9999 -9999 -9999 -9999 -9999 -9999 -9999 -9999 -9999 -9999 -9999 -9999 -9999 -9999 -9999 -9999 -9999 -9999 -9999 -9999 304.500000114274 248.500000152097 259.749999775828 311.50000005413 252.000000173737 254.499999833708 325.999999769459 347.250000064389 329.750000052266 318.50000005728 301.750000047784 286.250000094271 247.250000197183 200.000000095094 201.249999939136 224.499999875408 242.249999944766 254.999999973934 254.000000044387 232.000000154173 207.500000037039 204.000000047252 -9999 -9999 223.999999949884 220.000000091931 202.000000083246 209.749999825156 238.249999897508 250.249999961567 254.000000011163 237.250000244266
-9999 -9999 -9999 -9999 -9999 -9999 -9999 -9999 -9999 -9999 -9999 -9999 -9999 -9999 -9999 -9999 -9999 -9999 -9999 -9999 -9999 -9999 -9999 -9999 347.000000028068 324.250000055991 316.750000002516 301.250000081385 264.000000125171 227.75000004225 245.749999868998 282.499999957921 253.750000152022 242.999999904066 296.99999976947 324.250000077949 293.750000073182 296.249999931992 294.250000091889 266.250000101817 240.500000139188 203.000000047543 222.249999882321 236.999999983388 236.250000029744 228.249999986974 249.749999844636 258.000000117887 221.500000166669 196.500000085056 193.749999927687 214.249999955755 215.250000005015 217.250000005105 202.750000078043 216.749999846346 227.000000000003 226.000000000003 228.750000005589 211.250000198832
-9999 -9999 -9999 -9999 -9999 -9999 -9999 -9999 -9999 -9999 -9999 -9999 -9999 -9999 -9999 -9999 -9999 -9999 -9999 -9999 -9999 402.75000000205 365.750000109534 321.2500000471 351.999999850282 382.000000000009 375.00000004555 349.000000089279 313.750000095252 263.500000185914 222.500000000002 238.249999966925 237.500000018616 244.249999932849 291.749999753003 328.000000094895 275.500000181188 266.749999896182 272.750000069828 250.750000094269 231.500000061855 -9999 210.749999939127 225.24999992939 223.250000080722 227.999999834954 265.249999880149 269.000000072545 248.75000014353 211.000000189021 193.499999971076 207.249999926257 224.999999909791 227.750000107255 203.000000031217 217.499999925822 215.500000053942 217.999999967061 213.000000100533 196.750000051126
-9999 -9999 -9999 -9999 -9999 -9999 -9999 -9999 -9999 -9999 -9999 -9999 -9999 -9999 -9999 -9999 -9999 -9999 -9999 293.250000013034 315.74999990021 348.999999995912 323.25000010096 282.500000044873 305.749999847958 375.749999861229 385.500000055663 367.500000068264 329.750000127899 275.250000188725 228.000000017469 240.24999998497 242.499999962774 274.999999846495 326.749999805687 341.500000149114 280.250000219515 262.249999903347 284.749999966913 275.250000116882 237.750000143044 -9999 -9999 214.749999979228 224.249999919266 252.74999988272 251.250000102096 237.500000000006 245.249999967596 224.250000222095 198.249999995179 217.999999852508 235.249999994989 215.000000173655 202.999999927159 221.249999941717 216.750000048548 213.750000016472 204.000000067025 199.999999943189
-9999 -9999 -9999 -9999 -9999 -9999 -9999 -9999 -9999 -9999 -9999 -9999 -9999 -9999 -9999 264.249999992604 273.499999981101 280.999999993317 284.249999998232 283.499999999999 290.249999974558 290.250000022567 277.000000034357 263.000000008971 282.249999918123 323.749999880687 375.749999886131 372.50000012603 319.750000149666 267.500000129573 232.000000064055 218.000000006012 242.999999857296 282.249999932843 295.999999934121 303.000000047433 270.750000163761 242.499999949877 297.749999739045 320.250000116895 274.250000228115 216.00000015849 236.249999784941 261.499999991699 274.749999902284 277.250000099898 249.500000124287 227.250000068017 224.749999986108 212.500000122857 199.499999961434 218.499999921337 223.000000040091 206.250000086825 209.99999990635 221.750000005298 210.250000048547 210.249999961574 222.749999927399 236.999999909117
-9999 -9999 -9999 -9999 -9999 -9999 -9999 -9999 -9999 -9999 -9999 -9999 274.499999997609 291.749999972911 299.000000002753 294.000000002947 289.500000006292 284.250000011689 279.750000008827 275.5 273.250000013701 259.500000036947 260.999999965633 283.249999930448 310.499999948523 328.249999963471 343.749999972173 335.250000049898 319.750000062588 282.750000121121 240.250000119369 216.749999984966 253.74999984178 267.000000070357 261.999999967071 261.750000023728 248.750000094083 236.499999914083 271.499999889745 276.500000060346 251.250000166261 210.000000071321 225.249999882325 243.499999950163 263.499999915025 263.500000112931 238.500000079903 226.750000022673 223.75000004167 205.250000080332 200.749999956612 206.250000004919 205.999999989979 206.499999969356 214.999999958377 216.250000005299 218.999999956842 227.99999996706 232.499999988833 240.499999920475
-9999 -9999 -9999 -9999 -9999 -9999 -9999 -9999 -9999 287.999999983674 296.750000003013 298.999999984639 320.7499999654 349.249999975514 361.249999987549 366.000000002979 357.000000025218 347.00000000002 342.750000012381 322.750000065161 284.500000066538 255.000000045153 261.749999942007 287.249999943911 310.249999969578 306.500000038944 293.25000001264 287.250000013119 286.75000002448 262.25000009858 230.00000008734 219.749999954898 249.24999991003 252.250000047966 254.74999993084 262.250000030504 239.50000011847 232.49999992124 239.25000004042 229.000000045241 217.500000038659 218.749999940568 238.499999959421 247.999999916929 275.499999923517 264.750000152017 229.750000137605 209.750000031737 210.499999972219 215.999999933851 231.249999985549 223.250000083589 211.000000050124 207.249999994894 210.999999989594 215.24999997351 218.49999998921 215.750000027447 210.750000016754 215.249999937508
-9999 -9999 -9999 -9999 -9999 -9999 -9999 -9999 285.500000006495 298.249999979134 331.499999945843 381.499999958255 405.499999990442 399.750000019335 396.749999987542 397.750000019246 375.000000037816 355.000000033426 332.250000040635 302.250000061438 274.750000029359 259.500000041046 254.24999997208 268.999999959622 280.249999992985 275.500000024351 265.500000020244 261.500000005254 252.750000029938 239.750000047888 223.250000032026 219.249999984966 230.499999962776 238.499999980816 246.249999970365 251.999999993232 235.25000011499 216.500000021483 212.25000002573 207.750000003771 209.499999984533 213.999999984152 213.500000008117 212.499999975083 223.999999949023 221.500000043441 214.500000026633 217.999999936511 236.749999902764 259.499999867683 281.999999942142 274.750000103234 247.250000125288 227.750000097034 217.999999968781 232.249999909924 245.249999940653 251.250000038416 231.75000011728 222.499999999992
-9999 -9999 -9999 360.249999991648 360.000000012878 -9999 -9999 311.000000005732 289.75000000731 319.999999947391 371.999999967917 367.500000030735 346.500000019077 331.50000000256 333.750000006913 318.250000031057 297.250000017318 288.750000018369 280.250000005295 277.750000016752 266.750000013699 264.000000016419 251.000000021479 259.249999952888 267.000000009354 260.000000009736 256.000000010118 247.500000026255 237.250000019046 229.750000019716 224.750000002912 223.250000003008 222.250000003104 223.74999998401 224.000000006586 222.749999996612 222.500000000006 222.249999989269 230.749999952233 242.999999962307 253.249999949756 265.749999956437 268.750000036541 246.000000074774 249.999999932034 252.250000030419 254.999999955625 259.499999963735 270.499999953712 278.749999919674 300.249999898762 297.250000113076 268.750000145344 241.250000148114 223.750000026016 230.999999915224 248.249999886713 269.249999906667 272.250000016757 272.749999994327
378.499999997453 411.750000001002 370.500000008575 383.749999988305 386.500000012864 355.7500000131 -9999 316.250000007876 303.499999985388 344.749999971876 350.500000012041 318.250000047229 293.500000004777 308.499999956163 332.000000008301 306.250000045856 284.750000017325 279.000000013364 279.499999989405 276.250000020476 268.749999998044 267.500000024627 254.75000001933 250.249999997758 248.000000018719 240.250000007308 237.750000007594 234.750000013131 231.250000008164 230.999999999997 235.749999985438 242.999999975936 252.999999962758 266.499999968004 265.000000026329 271.249999922039 292.999999972106 291.249999989244 310.249999922801 322.749999958506 333.999999945859 345.249999980179 340.500000064915 311.000000166119 294.749999936262 306.249999978275 312.749999986673 304.0000000272 314.249999939806 319.250000004718 316.000000048204 299.25000010324 276.500000130304 252.250000097035 246.499999999991 242.500000031783 242.249999962236 256.249999884709 281.749999815677 306.499999931821
-9999 349.500000004277 341.749999997369 372.999999983296 419.249999988399 441.249999988983 432.500000027312 368.750000056571 314.500000003252 317.00000001269 313.749999996984 297.000000021961 310.999999945097 358.999999943289 386.499999994476 344.25000011096 287.000000050397 273.500000006681 278.999999975278 277.500000033506 265.250000005869 263.000000024625 250.000000025771 241.000000013459 242.999999985969 249.999999985403 253.250000002544 251.750000002637 261.499999951032 279.249999952135 290.249999967993 297.499999993999 312.999999906937 336.749999939248 338.250000036236 331.499999986448 336.250000010451 331.250000010739 338.249999966919 346.999999962286 342.500000077318 323.250000019796 333.749999922889 338.000000049835 324.000000025495 324.749999969593 338.249999951168 338.000000036279 338.749999958337 346.999999962202 340.750000101243 320.250000103247 298.750000115277 278.750000056189 279.499999937571 282.7500000265 274.000000010797 288.249999840803 321.499999832446 339.999999988639
-9999 -9999 -9999 330.499999995998 344.999999991425 384.99999996643 424.49999999754 404.500000034371 329.250000070622 286.499999998186 304.499999977932 316.9999999912 342.749999951052 385.249999944567 401.500000027703 355.750000087284 304.250000064564 279.750000021713 274.999999996471 269.500000037232 253.500000019571 247.250000010263 249.49999997422 270.749999939414 305.499999911087 336.249999948849 343.750000017694 325.500000063005 320.999999956456 341.24999996338 344.500000023292 331.250000057132 318.000000012413 321.499999980825 311.75000008235 301.249999976288 310.999999965161 316.249999989265 319.499999985304 321.499999992465 318.750000050265 296.250000106977 278.250000028407 277.749999987554 278.999999991518 278.750000013041 289.499999920111 308.74999992293 317.999999972236 339.749999853523 356.250000024104 336.25000011307 325.000000010016 314.750000097033 305.749999984384 305.500000084772 279.000000097105 290.249999851785 301.750000039111 288.000000102273
-9999 -9999 -9999 315.750000001667 311.000000000852 322.499999985296 345.749999998132 336.750000010728 310.500000029218 291.499999983671 341.999999941845 362.000000013178 351.500000007159 358.499999981944 349.000000041531 330.000000008868 314.25000003937 285.750000055122 264.750000022955 255.000000014891 250.000000003915 262.249999928177 313.999999875443 356.249999943928 369.74999999766 361.500000038944 345.750000042998 324.750000070884 306.999999999994 309.00000003379 296.000000017455 292.250000015022 282.000000043422 272.000000025575 263.250000036222 260.749999976271 266.999999993018 264.250000010726 264.250000003663 264.499999992447 274.249999949725 288.999999968293 279.750000125788 249.75000007891 245.24999996176 253.249999952221 265.249999960048 280.249999913851 287.750000041674 286.24999991021 318.499999864999 334.749999936074 345.499999969925 336.750000097039 326.250000005201 304.500000254321 250.750000231953 235.999999967054 238.250000027919 233.250000028399
-9999 -9999 -9999 -9999 -9999 -9999 334.249999978291 341.250000016457 302.250000034903 295.24999996643 349.999999955877 348.250000034048 335.499999997616 329.750000019344 315.250000020776 301.250000019236 292.750000014179 277.250000031741 261.750000019425 256.750000001861 263.499999964769 304.999999868641 342.999999991412 328.000000058343 307.750000039783 292.750000036531 283.750000007597 280.50000001576 278.249999997284 272.75000003099 261.000000029117 255.750000009024 254.2499999969 256.999999993604 251.500000039521 240.000000040669 233.750000003487 236.499999985681 240.999999992649 242.749999988687 246.49999996907 253.749999988116 252.750000028408 239.750000045688 239.499999991505 241.749999978287 254.499999902347 295.999999764214 307.500000185194 261.750000108686 256.250000004829 260.999999941015 283.249999864695 288.000000102163 280.749999921971 277.000000169559 240.250000145648 225.000000032937 224.999999988829 226.749999994319
-9999 -9999 -9999 -9999 -9999 -9999 -9999 326.000000028626 292.500000019478 303.99999996371 336.499999991966 319.250000027446 308.250000008348 297.750000011596 291.250000006919 284.750000010352 275.000000015747 264.750000015032 258.250000005297 269.499999932995 315.249999915863 332.250000018467 305.75000008805 275.750000029157 270.499999999996 267.000000004866 265.000000005057 261.50000001575 254.500000016322 250.500000011264 247.000000011643 244.499999993984 244.000000006201 242.750000003193 238.750000009877 237.249999983058 240.249999996524 237.000000000001 237.249999988972 240.999999977373 243.749999996131 242.000000015846 238.250000020285 231.000000033224 226.999999999997 229.999999965251 238.249999960046 260.999999809547 301.749999939806 268.500000245721 240.250000033745 236.499999980333 244.499999979949 244.250000005104 243.500000010403 241.250000026489 234.75000003776 230.25000000549 229.99999996649 232.500000022724
-9999 -9999 -9999 -9999 -9999 -9999 -9999 -9999 -9999 -9999 286.000000002011 285.500000002199 281.750000003583 280.000000002579 278.999999997231 277.250000004438 271.00000001575 262.500000013363 259 264.499999973944 282.999999968702 279.2500000349 265.750000019335 260.250000002244 260.750000002338 258.000000004869 251.750000022774 245.000000015757 241.5 244.749999991548 245.250000014553 241.500000006009 239.999999999996 239.749999996796 243.999999973648 255.999999932221 271.50000000697 258.000000021473 249.750000084524 231.250000033937 231.000000000002 231.250000003963 230 229.999999999997 231.999999991498 232.250000021712 227.750000004437 241.4999998549 275.249999930556 256.250000193745 230.750000033749 229.74999997542 233.500000000002 234.749999994894 236.249999994799 235.500000010597 231.500000032366 228.750000027449 230.49999998883 233.499999988638
-9999 -9999 -9999 -9999 -9999 -9999 -9999 -9999 -9999 -9999 -9999 282.500000002197 281.000000002388 280 278.250000004153 273.250000013313 265.250000004723 263.74999999499 264.99999999647 261.250000009307 259.999999992173 263.249999997949 268.999999978527 282.24999996636 295.249999988312 283.250000080351 249.750000063255 246.499999957992 264.499999951025 279.999999966205 285.500000005827 279.000000018044 278.999999987595 271.750000041574 263.000000026346 252.750000016946 258.499999937286 285.249999917667 277.750000143337 245.500000052797 245.749999996142 247.249999980198 249.749999979721 259.999999975091 266.249999953272 277.249999978294 279.750000004457 281.249999968275 282.500000055563 248.000000207916 224.250000014463 225.499999980335 227.499999989976 230.499999989784 231.499999989594 235.249999994702 235.750000016184 234.000000010981 234.500000000001 236.499999977278
-9999 -9999 -9999 -9999 -9999 -9999 -9999 -9999 -9999 -9999 -9999 287.75000000549 282.750000003581 278.500000005156 274.250000006923 270.750000001479 269.749999998423 271.249999998328 269.000000007063 262.500000011168 260.999999988258 272.249999981526 282.99999998282 278.500000035904 266.000000018727 253.2500000414 241.749999997471 250.499999973746 252.250000013616 246.000000011276 245.000000000009 243.749999997001 246.499999975186 258.499999955226 277.999999934122 295.999999938988 308.499999986051 -9999 287.750000025717 290.499999984904 297.749999965192 308.249999956402 309.750000036507 308.249999979224 315.249999970247 326.499999939182 329.750000066582 292.250000231266 251.750000125019 232.250000061434 227.999999990357 229.250000004915 228.000000010023 227.749999994892 228.999999979188 235.499999968211 238.249999983818 239 239.5 240.249999982957
-9999 -9999 -9999 -9999 -9999 -9999 -9999 -9999 -9999 -9999 -9999 291.500000002197 289.50000000239 286.750000006448 282.250000006925 279.000000000002 278.250000001575 275.750000001671 269.750000015893 262.75000001303 261.999999984344 268.749999997942 258.000000030064 247.250000011216 244.500000000001 241.750000002436 239.750000002529 236.999999999999 254.499999896602 285.249999957768 281.000000064067 265.999999969939 284.499999937962 298.249999977618 301.999999993409 310.249999955939 323.249999961666 327.500000007158 327.749999974276 332.749999988692 337.999999969076 348.499999952458 352.000000040582 342.75000001246 336.250000055227 329.500000043422 300.500000221934 254.250000158702 228.75000006019 223.999999981098 229.499999980716 231 230.750000005012 228.500000010215 228.499999989594 231.749999973508 237.499999967634 240.249999983531 241.749999983245 243.499999988639
