socal_rasters/bio17_SPHAsouth_aggfac2.asc
NCOLS 210 
NROWS 130 
XLLCORNER -119.45 
YLLCORNER 32.483333333 
CELLSIZE 0.0166666666666667 
NODATA_value -9999 
[rows 32 to 63 of 130, columns 71 to 141 of 210]
2 2 3.49999998596579 4 4 4 4 4 4 4 4 4 4 4 4 -9999 -9999 4 4 4 4 4 4 4 4 4 4 4 4 4 4 4 4 4 4.49999997985739 5.00000000000085 5.00000000000085 6 6 6 6 6 6 6 6 6 6 6.24999998868724 7 7 7 7 7 7.49999997622936 8.00000000000085 6 6.49999997565638 8 8 8.49999997508297 9.99999994978396 11 11 11.4999999743194 12.4999999741301 13 14.0000000000009 15 16.749999960048 17.7499999865872 20
2 2 2 3.49999998577394 4 4 4 4 4 2.99999999999915 4 4 4 4 4 4 4 4 4 4 4 4 4 4 4 4 4 4 4 4 4 4 4 4 4 4 4 4 4 4 4.49999997871058 6 6 6 6 6 6 6 6 6.74999998849624 7 7 6.75000001178982 6.49999999999957 6.75000001198082 6 6.49999997565638 8 8 8.7499999875417 9.99999994978396 11 11 11 11.4999999741293 13 13 14.4999999735554 15 17 18.749999932457
2 2 2 2.49999998577479 4 4 2.49999998520352 3.00000000000085 2.50000001517932 2 2 3.00000000000085 4 4 4 4 4 4 4 4 4 4 4 4 4 4 4 4 4 4 4 4 4 4 4 4 4 4 4 4 4 4.49999997852044 6 6 6 6 6 6 6 6 6 6 6 6 6 6 7.49999997565553 8 8.24999998763677 9 9.4999999748924 10.0000000000009 11 11 11 12.4999999739391 13 13.4999999735563 15 16.4999999731743 17.7499999864912
2 2 2 2 2 2.99999999999915 4 3.50000001498833 3.00000000000085 2.50000001537032 2 2 3.4999999840567 4 4 4 4 4 4 4 4 4 4 4 4 4 4 4 4 4 4 4 4 4 4 4 4 4 4 4 4 4 4.49999997832859 6 6 6 6 6 6 6 6 6 6 6 6 6 6.99999995131191 8 8.7499999876372 9 9 8.75000001264929 8.49999999999957 9.99999999999915 11 11 12.4999999737473 13 13.9999999467298 15.9999999463478 18.9999999459658
2 2 2 2 2 2 2.49999998520352 3.00000000000085 4 4 2.50000001556046 2 2.99999996811425 4 4 4 3.50000001670728 4 4 4 4 4 4 4 4 4 4 4 4 4 3.50000000000043 3.50000000000043 3.50000000000043 3.50000000000043 4 4 4 4 4 4 4 4 4 4.49999997813845 6 6 6 6 6 6 6 6 6 6 6 6.99999999999915 7.49999997565553 8.74999998773227 9 9 9 8.25000001264929 8 8 9.2499999611952 11 11.4999999737473 13 14.4999999733645 15.4999999731743 17.5000000000004
2 2 2 2 2 2 2 2 2.49999998482068 4 3.50000001556046 2 2.99999996811425 4 4 4 2 2 3.49999998290988 4 4 4 4 4 4 4 4 4 4 4 3 3 3 3 3 3.49999999999957 4 4 4 4 4 4 4 4 5.4999999779466 6 6 6 6 6 6 6 6 6 6 8.24999998792326 8.74999998782819 9 10.5000000247265 9 10.4999999748916 11 9.00000005098045 8 8 10.2499999609074 13 13.4999999735563 15 15 15.4999999729825
2 2 2 2 2 2 2 2 2 2 2 2 4 4 4 4 3.0000000334137 1.25000000844871 1.99999998291074 3.24999999136115 3.50000000000043 3.50000000000043 3.74999999107423 4 4 4 4 4 4 4 3.50000001937991 3 3 3 3 3 3 3.24999998964221 3.50000000000043 4 4 4 4 4 4.49999997794745 6 6 6 6 6 6 6 6 6 6 8 9 9 9 9.99999999999915 9.5000000251076 9.24999998735113 10 8.75000003852087 8 8.49999997393914 10.9999999737486 12.4999999735563 14.4999999733653 15 15.9999999459658
1.74999999317389 2 2 2 2 2 2 2 2 2 2 2 3.4999999840567 4 4 4 4 3.00000000000085 3.00000000000085 2.50000001727983 1.5000000174704 1.99999996467807 3 3.49999998195705 4 4 4 4 4 4 3 3 3 3 3 3 3 3 3 3 3.49999999999957 4 4 4 4 6 6 6 6 6 6 6 6 6 6.49999997603837 8 9 9.99999995092992 11 11 11 10.5000000252994 10.2499999617656 12.0000000000009 10.5000000000004 9.00000000000085 9.49999997374815 10 13.2499999600467 15 16.4999999729825
1 1.24999999307882 2 2 2 2 2 2 2 2 2 2 2 3.49999998386656 4 4 4 4 4 4 3.75000000873477 3.49999999999957 3.49999999999957 3.74999999097831 4 4 4 4 4 4 3.50000001937991 3 3 3 3 3 3 3 3 3 3 3.24999998926022 3.74999998916472 4 4 4 5.00000000000085 5.49999997737447 6 6 6 6 6 6 6.99999995207588 8 8.49999997565595 9.99999995092992 11 10.0000000498341 8.99999997489283 11 12.4999999745096 13 13 12.2500000390913 11.4999999999987 11.4999999999987 12.4999999999996 13 15
1 1 1 1.49999999999957 2 2 2 2 2 2 2 2 2 2 3.49999998367471 4 4 4 4 4 4 4 4 4 4 4 4 4 4 4 4 3.25000000978567 3 3 3 3 3 3 3 3 3 3 3 3.2499999890688 4.49999997794745 4.50000002224439 3.50000002243496 3 4.49999995436568 6 6 6 6 6.49999997622936 7.49999997603837 8 8 9.49999997546453 11 11 9.25000001255508 10.7499999873503 11.99999994902 13 13 13 13.9999999474954 15 15 16.0000000000009 16.0000000000009
1 1 1 1 1.74999999279275 2 2 2 2 2 2 2 2 2 2 3.00000000000085 4 4 4 4 4 4 4 4 4 4 4 4 4 4 4 3.75000000978524 3 3 3 3 3 3 3 3 3 3 3 3 5.4999999779466 6 3 3.49999997737362 4.49999997718263 5.74999998849667 6 6 6 6.99999995245787 8 8 8 8.24999998773269 8.99999997527482 10.2499999626251 10.500000025108 10.2499999873507 11 12.0000000000009 13 13 13 14.4999999735563 15 16.0000000000009 17
1 1 1 1 1 1.74999999269683 2 2 2 2 2 2 2 2 2 2 3.49999998329272 4 4 4 4 4 4 4 4 4 4 4 4 4 4 4 3.25000000988116 3 3 3 3 3 3 3 3 3 3 3.49999997813802 6 4.5000000667319 3 3.99999995474809 5.24999998859174 6 6 6 6 6.99999995245787 8 8 8 8 8 8 8 8.49999997470056 10 10.4999999999996 11.2499999611939 13 13 12.2500000396656 11.999999973364 13.9999999999991 15.4999999729825
1 1 1 1 1 1 1.74999999260176 2 2 2 2 2 2 2 2 2 2.49999998329358 4 4 4 4 4 4 4 4 4 4 4 4 4 4 4 3.75000000988074 3 3 3 3 3 3 3 3 3 3 3.24999998906922 5.49999997794745 4.5000000667319 3 3.49999997737447 5.24999998859174 6 6 6 6 6.49999997622936 8 8 8 8 8 8 8 8 8.49999997451042 10 10 11.4999999218161 13 12.2500000396656 10 10.4999999731743 12.749999959475
1 1 1 1 1 1 1 1 1.24999999241034 1.49999999999957 1.49999999999957 1.49999999999957 1.49999999999957 1.49999999999957 2 2 2 3.49999998310173 4 4 4 4 4 4 4 4 4 4 4 4 4 4 4 3.50000001995289 3 3 3 3 3 3 3 3 3 3 3 3 3 3 3 4.49999997699248 5.24999998840075 5.49999999999957 6 7.00000000000085 8 8 8 8 8 8 8 8 8 10 10.9999999741306 11.2499999348466 13.4999999737473 12.5000000264441 10 10 -9999
1 1.25000000692118 1 1 1 1 1 1 1 1 1 1 1 1 1 1.50000000000043 1.74999999164679 2 2 2.49999998272145 3.00000000000085 3.49999998233946 4 4 3.75000000911719 3.50000000000043 3 3.50000000000043 3.74999999050125 3.25000000959467 3 3 3 3 3 3 3 3 3 3 3 3 3 3 3 3 4.99999995512965 5.75000001131276 3.99999999999915 5 5.49999997680192 5.75000001169433 5.24999998821018 6.99999995245787 8 8 8 8 8 8 8 8 8 10 13 10 -9999 13 10.5000000266355 10 10.9999999459658
1 1.49999999999957 1 1 1 1 1 1 1 1 1 1 1 1 1 1 1 1 1 1.49999999999957 1.25000000873477 1 1.99999999999915 3 3 3 3 3 3 3 3 3.25000000978567 3 3 3.2499999899287 3.50000000000043 3.50000000000043 3 3 3 3 3 3 3 3 3.99999995551207 5 5.74999998868681 5.25000001140869 5 5.74999998840117 6.49999997661135 6.5000000235805 5.74999998811468 8 8 8 8 8 8 8 8 8 9.49999997431857 -9999 -9999 -9999 12.0000000528878 10 10.9999999463478 12
1 1 1 1 1 1 1 1 1 1 1 1 1 1 1 1 1 1 1 1 1 1 1 2.49999998195747 3 3.24999999078732 4 3.75000000940325 3.49999999999957 3.49999999999957 3.74999999030983 4 3.75000000988074 3 3.49999997985697 4 4 3.75000001035779 3 3 3 3 3 3 3 3 4.49999997756547 5 -9999 -9999 -9999 5.74999998830567 6 6 7.00000000000085 7.00000000000085 7.00000000000085 7.00000000000085 7.49999997527439 8 7.50000000000043 7.74999998735071 8 8 10 -9999 12.5000000000004 10.5000000264446 10.4999999733645 12 12
1 1 1 1 1.49999998558508 1.25000000730317 1 1 1 1 1 1 1 1 1 1 1 1 1 1 1 1 1 1 2.49999998176563 3.24999999078732 4 4 4 4 4 4 4 4 4 4 4 4 3.25000001045372 3 3 3 3 3 3 3 3 5 5 5 5 5.24999998830567 6 6 5 5.50000000000043 5.25000001217224 5 5 6.49999997508255 7 7 7.74999998725478 8 10 12 10 10 12 12 14.249999959475
1 1 1 1 1 2 1.25000000739824 1 1 1 1 1 1 1 1 1 1 1 1 1 1 1 1 1 1.9999999635321 3 4 4 4 4 4 4 4 4 4 4 4 4 4 3.25000001054879 3 3 3 3 3 3 3 5 5 5 5.74999998840075 7.4999999766105 8 8 6 8 8 7.00000004906966 5.99999999999915 7 7 7 7 8 9.49999997413013 10 10 11.4999999735554 12.7499999600467 12.5 14.249999959475
1 1 1 1 1 1.24999999269683 2 1 1 1 1 1 1 1 1 1 1 1 1 1 1 1 1 1 1.9999999635321 3 3 4 4 4 4 4 4 4 4 4 4 4 4 4 3.75000001064471 3.25000001074021 3 3 3 3 3 3.49999997737362 5 5 6 6.99999999999915 6.99999999999915 6.99999999999915 5.49999997603837 8 8 7.25000001226731 7 7 7 7 7 7.74999998715928 8.99999994825941 10 10.9999999474954 13.4999999206676 15 15 12.5000000270175
1 1 1 1 1 1 1.24999999260133 1 1 1 1 1 1 1 1 1 1 1 1 1 1 1 1 1 1.9999999635321 3 3 3.49999998119307 4 4 4 4 3.5000000197619 3.24999999002377 3.50000000000043 4 4 4 4 4 4 3.75000001073978 3 3 3 3 3 3 4.49999997718348 5 6 5.25000001169433 6.24999996462925 8 7.49999999999957 8 8 7.25000001226731 7 7 7 7 7 7.499999974319 8.99999994825941 10 11.4999999737473 13.9999999471122 15 15.4999999731735 15.7500000135075
-9999 1 -9999 -9999 -9999 -9999 -9999 -9999 -9999 1 1 1 1 1 1 1 1 1 1 1 1 1 1 1 1 2.49999998157463 3 3 3.74999999050083 4 4 4 4 3.75000000997666 3.25000001007173 3.24999998983277 4 4 4 4 4 5.49999997851958 6 5.25000003279361 3 3 3 3 3.49999997718263 5 5.49999999999957 5.25000001169433 8 8 8 8 8 8 7.25000001236323 7 7 7 7 7.499999974319 8.99999994825941 10 11.4999999737473 12.4999999735554 14.4999999999996 15 17
-9999 -9999 -9999 -9999 -9999 -9999 -9999 -9999 -9999 -9999 1 1 -9999 1 1 1 1 1 1 1 1 1 1 1 1 1.49999998157548 2.49999998138449 3 3 3.74999999040575 4 4 4 4 4 3.2500000101668 3.2499999897377 4 4 4 4 4.49999997851958 6 6 3 3 3 3 3 3.49999997699334 4.49999997680234 5 5 6.99999997622979 8 8 8 8 7.50000002472603 7 7 7.24999998735028 7.25000001274479 7 7.74999998706507 10 10 12 12.9999999467298 14 14.2500000135088
-9999 -9999 -9999 -9999 -9999 -9999 -9999 -9999 -9999 -9999 -9999 1 1 1 1 1 1 1 1 1 1 1 1 1 1 1 1 1.99999996238614 3 3 4 4 4 4 4 4 3.7499999897377 4 4 4 4 6 6 6 4.25000001102755 3 3 3 3 3 3.49999997680234 5 5 5 6.24999994009464 7.49999999999957 7.74999998782776 8 8 7.25000001245873 7.49999997489198 10 9.50000002549044 7.25000001284072 7.99999994825984 10 10 10.4999999735554 12.9999999467298 14 14
-9999 -9999 -9999 -9999 -9999 -9999 -9999 -9999 -9999 -9999 -9999 -9999 1 1 1 1 1 1 1 1 1 1 1 1 1 1 1 1 3 3 4 4 4 4 4 4 4 4 4 4 4 5.49999997852044 6 6 6 5.49999999999957 5.49999999999957 5.49999999999957 5 5 5 5 5 5 5 5.49999997584737 7.24999998782819 8 8 7.75000001245873 8.49999997489155 10 10 7.500000025681 9.24999996119392 10.9999999478774 11.0000000525046 10 11.0000000000009 12 12
-9999 -9999 -9999 -9999 -9999 -9999 -9999 -9999 -9999 -9999 -9999 -9999 -9999 -9999 1 1 1 1 1 1 1 1 1 1 1 1 1 1 1.99999996200415 3 4 4 4 4 4 4 4 4 4 4 4 4.49999997851958 6 6 6 6 6 6 5.75000001140869 5 5 5 5 5 5 5 5.99999995131191 8 7.7500000123628 -9999 7.49999997489198 8.99999999999915 8.99999999999915 7.74999998715928 8.99999999999915 10 10 10 11.0000000000009 12 12
-9999 -9999 -9999 -9999 -9999 -9999 -9999 -9999 -9999 -9999 -9999 -9999 -9999 -9999 -9999 1.25000000825814 1 1 1 1 1 1 1 1 1 1 1 1 1 2.00000000000085 3.24999999031026 3.74999999021476 4 4 4 4 4 4 4 4 4 4 4.99999995665803 6 6 6 6 6 6 5 5 5 5 5 -9999 5 5.99999995131191 7.74999998773269 8 7.2500000124583 7.49999997489198 8 7.75000001274479 7 7 7.50000000000043 10 10 10 11.4999999731743 12
-9999 -9999 -9999 -9999 -9999 -9999 -9999 -9999 -9999 -9999 -9999 -9999 -9999 -9999 -9999 -9999 1 1 1 1 1 1 1 1 1 1 1 1 1 1 1 2.49999998042867 3.24999999011884 3.49999999999957 4 4 4 4 4 4 4 4 4.49999997832859 6 6 6 6 6 6 5.50000002300709 5 5 5 5 -9999 -9999 5 5.49999997546453 7.49999997527397 8 8 8 8 7 7 7 9.24999996062094 10 8.99999999999915 10 11.4999999729825
-9999 -9999 -9999 -9999 -9999 -9999 -9999 -9999 -9999 -9999 -9999 -9999 -9999 -9999 -9999 -9999 -9999 -9999 1 1 1 1 1 1 1 1 1.24999999069182 1 1 1.50000001918849 1 1 2.49999998023853 3 3.49999997985697 4 4 4 4 4 4 4 4 6 6 6 6 6 6 5.50000002300709 5 5.99999997661007 6.49999999999872 5 5 -9999 -9999 5 5.49999997527439 7.7499999875417 8 8.99999999999915 8.99999999999915 8.25000003852087 7 7 7 8 8.49999997336445 10.4999999731735 12
-9999 -9999 -9999 -9999 -9999 -9999 -9999 -9999 -9999 -9999 -9999 -9999 -9999 -9999 -9999 -9999 -9999 -9999 -9999 1 1 1 1 1.99999998195747 2.50000000000043 3 3.50000000000043 1.75000002821061 1 2.49999998081066 1 1 1.49999998023767 3 3 4 4 4 4 4 4 4 4 4.99999995627604 6 6 6 6 6 5.50000002300709 5.24999998840117 6.99999995322185 8 7.50000002377149 5.25000001198124 5 5 5 5 5.49999997508255 7.74999998744578 8.99999994940197 10 10 9.50000002587072 7.75000003909257 7 7.49999997355587 9.24999996004753 11.4999999731735 12
-9999 -9999 -9999 -9999 -9999 -9999 -9999 -9999 -9999 -9999 -9999 -9999 -9999 -9999 -9999 -9999 -9999 -9999 -9999 -9999 -9999 -9999 -9999 2.24999997293578 3 3.49999998157506 4 3.75000000940325 3.25000000949875 1.50000001918849 1 2.49999998042867 3 3 3 3.49999997966597 4 4 4 4 4 4 4 4.49999997813845 6 6 6 6 6 6 6 6 7.49999997642036 8 8 5.75000003622894 5 5 5 5 5.4999999748924 7.50000000000043 9.00000000000085 10 10 10 8.49999999999872 8.99999999999915 10 10.9999999463478 12
-9999 -9999 -9999 -9999 -9999 -9999 -9999 -9999 -9999 -9999 -9999 -9999 -9999 -9999 -9999 -9999 -9999 -9999 -9999 -9999 -9999 -9999 -9999 -9999 2.49999998176563 3.24999999078732 4 4 4 3.25000000959467 2.49999998062052 3.24999999021476 3 3 3.2499999899287 3.25000001016723 4 4 4 4 3.75000001064429 3.49999997852001 4 4 4 6 6 6 6 6 6 5.75000001169433 6 8 8 8 5.50000002434447 5 5 5 5 5.49999997470056 7 8.24999996147785 9.49999997412928 10 10 10 10 11.4999999731743 12
