socal_rasters/bio10_SPHAsouth_aggfac2.asc
NCOLS 210 
NROWS 130 
XLLCORNER -119.45 
YLLCORNER 32.483333333 
CELLSIZE 0.0166666666666667 
NODATA_value -9999 
[rows 0 to 25 of 130, columns 0 to 59 of 210]
-9999.000000000000000 -9999 -9999 -9999 -9999 -9999 -9999 -9999 -9999 -9999 -9999 -9999 -9999 -9999 -9999 -9999 -9999 -9999 -9999 -9999 -9999 -9999 -9999 -9999 -9999 -9999 -9999 -9999 -9999 -9999 -9999 -9999 -9999 -9999 -9999 -9999 -9999 -9999 -9999 -9999 -9999 -9999 -9999 -9999 -9999 -9999 -9999 -9999 -9999 238.892856565358 -9999 -9999 -9999 -9999 -9999 -9999 -9999 -9999 -9999 -9999
-9999 -9999 -9999 -9999 -9999 -9999 -9999 -9999 -9999 -9999 -9999 -9999 -9999 -9999 -9999 -9999 -9999 -9999 -9999 -9999 -9999 -9999 -9999 -9999 -9999 -9999 -9999 -9999 -9999 -9999 -9999 -9999 -9999 -9999 -9999 -9999 -9999 -9999 -9999 -9999 -9999 -9999 -9999 -9999 -9999 -9999 238.299991542816 246.857147266458 244.357143321674 239.728569070099 233.14046861509 230.530952488686 -9999 -9999 -9999 -9999 -9999 -9999 -9999 -9999
-9999 -9999 -9999 -9999 -9999 -9999 -9999 -9999 -9999 -9999 -9999 -9999 -9999 -9999 -9999 -9999 -9999 -9999 -9999 -9999 -9999 -9999 -9999 -9999 -9999 -9999 -9999 -9999 -9999 -9999 -9999 -9999 -9999 -9999 -9999 -9999 -9999 -9999 -9999 -9999 -9999 -9999 -9999 239.77619550706 233.233329835022 229.990470863644 246.780956168962 252.392849020111 236.619045330857 232.138099660426 232.23809053011 231.950004527403 242.369041412278 250.404766080914 247.728569013021 -9999 -9999 -9999 -9999 -9999
-9999 -9999 -9999 -9999 -9999 -9999 -9999 -9999 -9999 -9999 -9999 -9999 -9999 -9999 -9999 -9999 -9999 -9999 -9999 -9999 -9999 -9999 -9999 -9999 -9999 -9999 -9999 -9999 -9999 -9999 -9999 -9999 -9999 -9999 -9999 -9999 -9999 -9999 -9999 234.719047474343 249.802379616072 232.888103574733 223.209514646134 224.999999935523 231.564285319229 233.788101200385 243.992851171799 256.183322916557 245.5285759474 234.11667252492 236.009525335438 227.338092821094 231.011909337324 248.235717846353 236.023815200916 232.68572234572 236.43571472111 -9999 -9999 -9999
-9999 -9999 -9999 -9999 -9999 -9999 -9999 -9999 -9999 -9999 -9999 -9999 -9999 -9999 -9999 -9999 -9999 -9999 -9999 -9999 -9999 -9999 -9999 -9999 -9999 -9999 -9999 -9999 -9999 -9999 -9999 -9999 -9999 -9999 -9999 229.638099656855 231.059524599811 217.771427122283 231.373805960236 240.692859612126 252.904766118921 236.304771475718 220.821422637234 223.485698646788 232.016666407618 237.149997699557 236.04285050301 244.97856896465 -9999 254.92857365358 246.388103517566 236.359520008266 239.023811286962 252.983333588181 240.195236258976 237.385715454742 242.578567476469 246.597614245925 247.847614271731 -9999
-9999 -9999 -9999 -9999 -9999 -9999 -9999 -9999 -9999 -9999 -9999 -9999 -9999 -9999 -9999 -9999 -9999 -9999 -9999 -9999 -9999 -9999 -9999 -9999 -9999 -9999 -9999 -9999 -9999 -9999 -9999 -9999 -9999 206.471431745881 210.435710898978 217.18572227135 237.471420233994 238.271438633343 240.0595168507 241.27143097434 253.309516903938 242.114292195342 230.769046807453 232.516662505376 240.245231640272 235.559516929199 241.269054414154 242.830959330823 250.676193193563 -9999 255.480960873771 252.885719272537 256.269050562011 253.571430233832 251.307144157758 252.454757666563 257.2881011985 256.09285356742 249.485717842159 240.123817487883
-9999 -9999 -9999 -9999 -9999 -9999 -9999 -9999 -9999 -9999 -9999 -9999 -9999 -9999 -9999 -9999 -9999 -9999 -9999 -9999 -9999 -9999 -9999 -9999 -9999 -9999 -9999 -9999 -9999 -9999 226.202381243695 208.907150256499 214.009521480827 210.271431019914 194.33571629426 207.442863385477 222.242858852211 231.557144118406 241.538101190693 242.700000692482 252.185707055539 257.795238513815 250.050003049939 251.364284499358 244.019046858387 235.523803706716 242.607139551933 250.326194755107 253.538097378504 -9999 258.257141130361 259.692863452134 -9999 253.259521482576 253.621418010813 256.678565968053 250.247612041743 244.016662644347 234.692867329537 231.738090565343
-9999 -9999 -9999 -9999 -9999 -9999 -9999 -9999 -9999 -9999 -9999 -9999 -9999 -9999 -9999 -9999 -9999 -9999 -9999 -9999 -9999 -9999 -9999 -9999 -9999 -9999 -9999 -9999 197.473812032398 223.728572762999 221.578571406611 205.038097345506 221.254756903292 217.07619099673 198.447612836977 197.000003794235 204.469047511841 212.669048292107 224.323810534334 229.145236900653 241.68095011111 256.952381097506 253.526184037009 247.459518508681 243.185718558634 240.916660312521 243.983333566383 251.395236921404 257.538101179357 257.640480030569 -9999 -9999 254.657138837637 255.183334322423 257.440475442809 255.919044574155 247.247619666409 239.414291396999 237.880954723816 237.790477663094
-9999 -9999 -9999 -9999 -9999 -9999 -9999 -9999 -9999 -9999 -9999 -9999 -9999 -9999 -9999 -9999 -9999 -9999 -9999 -9999 -9999 -9999 -9999 -9999 183.845241524822 192.366668672976 199.235721587729 206.995239217807 224.92142480951 237.821418780366 225.585712471783 212.538097405069 219.664283692194 222.302375818581 207.690486986684 204.57381052985 215.78810116174 217.211906440706 223.654758391796 237.571426351377 247.330951623696 259.204765307222 250.395244603263 247.85952756997 247.292861947095 249.814285276085 249.428562186712 249.788089703443 257.366668663604 261.659515367673 264.145248430488 257.390472400215 259.176200873284 257.657138848492 259.966667128713 255.533329053204 252.069046036586 249.290481553474 244.747615842506 250.161903280389
-9999 -9999 -9999 -9999 -9999 -9999 -9999 -9999 -9999 -9999 -9999 -9999 -9999 -9999 -9999 -9999 -9999 -9999 -9999 -9999 -9999 158.754760710503 172.690467810171 185.809528326989 180.445240045417 182.400005337327 186.071430187696 195.742862668006 209.7952422765 225.242851185482 242.711914084488 231.021430977686 230.945236212585 226.942863489512 217.545234739238 205.349998413282 224.745239185371 228.376197854832 231.545230815672 242.602378798278 249.111911790955 -9999 255.607147227504 251.5404854265 252.080959272889 252.638092075266 245.780952458687 248.219047508472 253.897624934428 261.916671717241 264.207145711901 261.79523468776 258.200004587661 256.076190945666 261.704772953976 257.204765352523 257.830955496895 255.514286064264 254.878578164919 258.199996961444
-9999 -9999 -9999 -9999 -9999 -9999 -9999 -9999 -9999 -9999 -9999 -9999 -9999 -9999 -9999 -9999 -9999 -9999 -9999 202.783332811815 193.045242350064 177.295242294279 188.192855799631 203.914287536241 195.214283023895 179.726196322754 185.22143170796 191.152385689715 205.730964611223 225.233341152765 244.630950936799 229.921428667732 231.407142652481 222.04999928558 207.128574428048 204.697616501269 227.228568954304 232.130954794355 233.990474681959 241.649997648232 253.264297460868 -9999 -9999 257.619049087139 255.55475999418 250.028575920879 251.471435521425 254.545238487574 254.502380365845 259.454765280895 264.292854328687 260.55477907226 257.404762279235 260.321426354195 262.497619660768 258.700004613464 259.171424865826 258.040473918277 258.788101180809 260.269042986874
-9999 -9999 -9999 -9999 -9999 -9999 -9999 -9999 -9999 -9999 -9999 -9999 -9999 -9999 -9999 242.935714729894 237.68809510371 229.423809061348 220.211906444966 217.16190340202 209.326187161543 209.302387209661 212.364295972795 220.366661059945 205.592857422578 193.516670247904 181.804763829226 187.157138782604 210.788089656643 237.223815864477 246.976196278411 253.721431736847 241.528568324607 220.72856523915 219.292854352528 217.473812061866 230.709518389415 242.19761658107 229.74523169321 225.983333538337 243.661895667481 259.183326660702 252.388088293988 249.473812103071 246.976192494837 247.938098881742 252.345237718026 256.650005324295 259.040473931066 261.22856899782 264.788093574745 261.014297497525 260.066673282055 263.419044480329 262.107147228441 259.716674823005 261.604766849711 261.126190196892 257.747623469027 254.802379634392
-9999 -9999 -9999 -9999 -9999 -9999 -9999 -9999 -9999 -9999 -9999 -9999 246.485710144316 243.664283755084 241.345237732451 239.678569795605 237.180950170944 235.21905136401 233.238098149138 232.071430212324 229.511905667126 234.257141086499 232.747615841867 219.280944863667 207.340473188092 196.383335141476 189.538097399231 200.871429398793 212.469047475874 232.09523006321 247.597621880983 259.35476684974 238.909519308243 233.304767561068 231.121429455997 235.933338149013 239.261901797526 246.428569829432 235.838092821316 241.140483810841 248.857139546602 261.014282211015 255.559516916823 254.323814411867 251.185710931505 250.088100423462 254.638088220061 258.002380354122 258.814292887784 263.43332670373 264.516654976204 263.752387996086 263.840476996667 263.738098143364 261.804763786414 261.595245352143 260.778564471365 258.347625738279 256.564285291672 253.892856633878
-9999 -9999 -9999 -9999 -9999 -9999 -9999 -9999 -9999 244.89761352844 242.928569791753 245.090476994222 242.542858129735 235.876182562048 233.590476995943 230.440479282125 228.742855068658 227.676189431576 225.504764563775 225.378570550519 232.883323656364 241.716667149979 238.188091303545 225.333339719281 209.628574397634 211.026195504543 215.135711687062 222.271423282483 226.457141846424 243.78808971129 255.319053623396 260.019042990399 246.028575933086 242.185714656201 241.673805262381 240.661910972269 249.035720760321 250.521431016665 250.619045221519 254.116668690295 259.111911756487 258.0309601081 252.266662610332 251.83095169388 246.895233147983 249.750003779991 257.059532127352 260.919052101655 262.442848207508 263.290466316694 261.11666869837 262.652381892289 263.330940241283 263.704757690429 263.154754641893 262.400001537687 261.645240775935 261.416671756642 261.542861937307 258.728576677578
-9999 -9999 -9999 -9999 -9999 -9999 -9999 -9999 245.749992367768 242.557144167527 242.173816689131 232.030956278616 223.28571701421 221.995231629135 220.130947129721 215.278568270763 218.635704031419 220.90953063678 225.107147210214 234.099998453411 240.776187886402 243.164295175482 244.759525326337 238.792858129482 229.840484627448 231.09286117718 237.635707826523 240.857143396445 248.933330509969 255.695247631849 260.442855824812 261.845237734597 258.092857368668 252.200004597737 247.888092040353 247.221431742469 252.592864938628 260.254768381365 261.807144158633 262.985717770565 262.176185612475 261.390472407881 261.96189880456 261.371437080268 258.83571244601 260.690475457661 261.383331288639 261.235710153329 259.150009167047 257.349990851253 255.428565975975 256.764278400676 259.940483084432 261.130950918153 261.947616581806 259.947608953305 258.395240787289 257.069049836305 259.204757673941 259.421432496579
-9999 -9999 -9999 228.597618104781 230.350006099474 -9999 -9999 240.959518434055 245.723808290337 242.780948645152 233.44285584535 231.869049070187 231.704753873621 234.704761502403 230.702381136526 231.383335110046 236.666664116336 237.15714262599 241.045234678075 240.978572834947 245.276191703747 245.140472409197 249.623809801566 246.297622705129 244.035720819784 245.661907177635 247.792854301735 253.404758440467 257.321422570711 259.6857147139 261.283332823792 261.571426390971 261.752372740635 261.64284515655 261.230957031031 261.321426387697 262.071426390871 262.226181030512 261.552368170222 259.730949410724 258.014289866928 255.500003822014 253.311912528463 257.611907940669 254.954757696051 256.142860391912 256.511905665556 257.047618865965 255.70952225084 254.814281469203 250.316669489225 250.961906407353 255.916675551923 258.614280686967 260.43333434682 259.44523622084 257.145229355784 253.126194011486 252.64047621154 252.378574350181
228.778568268436 218.280952455009 228.761913298264 226.700000762114 228.685718530956 236.521427151648 -9999 240.002388004394 244.530960081872 238.5785713227 236.428569796374 237.297618857568 240.071430202592 237.976196300751 232.988090511431 238.292858121539 241.25952147812 241.450000755223 242.373817453216 244.354755403046 247.069042202139 247.223815899244 250.714286808863 252.623806006805 253.004756913275 255.823802944936 256.778575893047 258.188095090547 259.583328244194 260.199996947062 260.300003052535 259.578575135968 258.959526066888 256.154766095649 256.311904900924 255.428573625506 248.140480069549 252.452388773046 243.857151047952 242.378566767268 236.76190189922 230.026191716451 234.030952438354 243.290481517865 249.859519983141 247.161907176523 243.850006130279 248.769039166967 241.799999266077 241.995243066123 243.273811315129 249.411903368286 252.685710891709 256.799999225776 257.345237726336 257.34999846953 256.597614294238 254.72857285393 251.742858925446 245.159526871106
-9999 232.411907195943 232.861900332774 228.285717012885 221.657146454421 219.719047548634 224.559516897027 236.609523763563 243.430950167833 239.757141102724 238.602382665098 241.333335873307 240.228565224135 233.783329014219 230.390476233926 233.9380950755 242.690467823224 244.454753870912 244.864280708336 246.080959308581 248.804759971682 248.383331285127 252.961898805717 255.435718532126 256.738098141546 256.985721588923 257.511901854528 257.85951995772 257.497615817033 256.080951695286 255.13570785647 252.21666334974 247.011901895087 239.802375817909 237.864280692305 238.838096643953 235.092849737186 236.997619625462 232.433330554022 227.959522271415 227.545238473629 231.21904373607 227.661903406161 227.123813593313 235.171428677826 233.873813652275 227.530952467692 229.347621872118 230.571430208056 227.630954741212 229.164283709051 236.533336622078 247.273803677953 252.228565193104 251.549999256533 251.769062027147 252.045234675397 249.552379636491 237.3761902781 226.697620415161
-9999 -9999 -9999 235.233329774887 232.652378083287 226.116668705686 220.342857355861 225.054759969232 238.902381885044 245.330951695002 242.342857363573 241.054759980118 237.104763040692 230.314289103258 225.252380364946 232.052383406931 240.535720815402 244.497615813079 245.616672516962 247.492855060798 251.51666640883 253.733333583307 254.966667173575 254.566669468727 250.750003824881 244.040470139504 240.616661064626 245.997619630936 247.042861971495 241.847614303193 240.002372735349 243.092864981729 244.004764566755 239.530956288502 239.492855058125 240.452384958091 238.014289865915 235.709529885098 232.321422591223 230.330951689921 230.228569018906 234.364284496854 237.850002283601 238.330951691977 238.702377322207 238.152381876288 236.357139596026 230.659519223321 227.604763031532 220.571434087599 216.926189367468 230.183334280777 235.185714756431 240.769050552861 245.578567498395 244.066665644672 248.335712408971 242.095245413402 234.783332764224 235.947624190415
-9999 -9999 -9999 240.788089752431 240.35475921859 238.157150276524 231.280948635314 235.230949397092 239.033332819544 244.859527587225 237.642856606016 235.752391818135 235.149993891744 231.457149513818 230.673805230184 233.200004583105 238.438091270336 244.190467824132 248.87619399345 251.007141110002 252.507144926283 253.097618104962 246.992855097976 237.140476242505 230.11904526474 230.978576656613 236.321434010083 241.664287545259 245.611904149235 243.604759218026 244.807140354807 244.157150267067 244.919044492148 245.33333206317 245.807140341027 245.492855075283 244.157150272474 243.923809050357 242.771430974421 241.771423351267 237.838089008482 234.840480812634 236.019046751448 241.788093535449 243.680950173455 241.830955516498 238.309528360385 236.280960106759 233.442852040192 232.554763814603 221.769046831063 220.461898818137 220.085716221305 226.983333531851 232.919055909187 241.583339612494 249.985713916099 253.266662592743 252.976188652968 253.711902620845
-9999 -9999 -9999 -9999 -9999 -9999 234.716667179669 234.954765317802 241.349998466924 244.776187900081 237.669044498881 235.709529869241 235.15951919816 234.280952447253 234.442859644172 237.707145684789 241.030956261665 245.528568257004 249.369056698549 250.828575131831 251.880958556235 248.164283777754 239.297615049081 239.180946341165 241.297618866701 241.914283743305 243.088092800846 244.880954743631 245.96666718198 246.476200101237 247.659519190649 248.535713193939 248.723812103271 248.128570561027 248.633331296131 250.166675564657 251.454765322777 251.064285283809 249.511901859214 248.6071395985 246.521419539248 243.361904147606 244.152374275152 246.678569770799 245.18095398718 245.84285355731 242.530956289405 232.345237778356 231.502384137508 238.2809524366 238.428577416573 239.614280716693 235.154769957648 234.980949336089 240.204769182486 241.638091963606 253.007137275106 256.500003802463 257.245231625279 257.804771420202
-9999 -9999 -9999 -9999 -9999 -9999 -9999 236.176185600181 243.754764552811 241.89524460651 236.261898044211 237.602371210539 237.152381891517 237.957141875534 239.07618713226 241.47857665555 244.902378077221 247.949996943772 249.469047544318 250.114280703307 244.019042977431 240.802379604187 242.399993883558 245.01905059383 245.092857359304 245.735713955518 246.214294428534 246.840473171324 248.654766080717 249.523811337811 250.378570553175 250.319053651735 250.535713192876 250.985721586248 251.588104247452 252.511905664518 252.797622678705 251.707141883484 251.130947120423 249.323814389863 247.828567510185 247.878574375829 248.28571319186 249.807144157326 250.50000381575 249.730953224537 246.926193246141 242.247623482905 229.861904166601 237.966667115888 244.609519959415 247.752380363415 246.035713186112 247.940471644648 249.069053636673 251.983325948211 254.807144143411 256.795242300682 258.440475469878 258.557136517358
-9999 -9999 -9999 -9999 -9999 -9999 -9999 -9999 -9999 -9999 244.528579711398 243.530960083227 243.266662597451 243.021434783874 243.169040680472 243.809520718899 245.673809048499 247.795230861724 249.057140348862 249.214282990566 247.071434029084 246.438095090349 246.933330535357 247.109519957684 247.383327483173 247.964279174225 248.892864224379 249.959522247339 250.857147216693 250.84761810233 251.504756924384 252.226181029099 252.452384948022 252.483333587616 251.883335118388 249.642856607519 246.507144934183 249.878570557562 250.347621901974 251.907135011813 251.216667177539 250.771427157409 250.507148742714 250.623809812317 250.826194764438 250.995243067546 250.992862704587 248.359520001119 236.638095890897 243.540477698275 250.371433236017 251.664283755577 252.188091270963 253.002384184866 253.916664120412 255.202388754697 257.702369677766 259.45475768243 260.090476990916 260.438095090718
-9999 -9999 -9999 -9999 -9999 -9999 -9999 -9999 -9999 -9999 -9999 244.10476303111 244.009517670064 243.702384948915 243.907146453185 244.783332822298 246.438091276007 247.445236205752 247.759521483248 248.383338926467 248.604766848573 247.695243836505 247.407142639344 246.08570099522 244.149993897573 244.795242302844 249.180950157325 250.347625734872 248.645244602611 246.602382663317 245.892860411182 247.064289089723 246.909530644669 247.778579707375 248.330955505904 250.185714717742 249.799995428734 245.214286824109 245.504764543865 249.626190186947 249.849994655925 249.788093567837 249.378566742986 247.107147231154 247.097618122329 245.073814394199 244.545234669646 242.578571338187 237.414287591123 247.202377242605 253.97142791142 254.554763789872 255.285717008685 255.542854304997 256.588104243836 257.04285430555 258.233337394946 259.602386469747 260.295227046951 260.84524535792
-9999 -9999 -9999 -9999 -9999 -9999 -9999 -9999 -9999 -9999 -9999 243.076194761845 243.688087462981 244.057147979245 244.485710143041 245.116672514644 245.619052886033 246.042865752442 246.588092802526 247.573814390761 247.949989319537 247.364292147258 244.978569038637 245.245235435016 247.280956265012 248.749999993391 250.052383423334 248.469047550863 249.05237960328 250.830955502875 250.933326721523 250.766666409087 251.452381132437 250.683330548223 247.245239266816 244.895236985327 243.119041446921 -9999 244.923809053335 244.569046017745 244.007144940905 242.192855848812 240.990474677434 241.973804484044 239.123809836631 236.971439383417 232.68809127888 237.142852731465 246.723808262908 251.507137275766 253.754768365568 254.738098138913 255.990478509229 256.899993891815 257.707145690175 257.930953976717 258.583335871789 259.419044490864 260.152389520622 260.883331296502
-9999 -9999 -9999 -9999 -9999 -9999 -9999 -9999 -9999 -9999 -9999 242.321422577417 242.44524001999 242.742855071383 243.13094711189 243.676185607318 244.149990080842 244.811904906129 245.685714719897 246.595237730267 247.1595230099 245.771434782999 247.254760737463 248.307140349423 248.592853545942 249.002387999398 249.419048309182 250.321426387326 249.242862717327 245.766670228013 245.719047542889 247.592861191429 245.442855848373 243.53571320308 243.428569796775 241.214286814592 237.949996955112 236.828563678117 237.773811346666 236.916667928857 235.21428681495 233.047618897966 229.095241528001 230.621429460168 231.407146435122 230.697624203111 234.421440079828 244.440475430054 251.095233904272 253.07380675599 253.373805992272 254.695228571978 255.726196281855 256.995239250905 258.019050595568 258.545234676997 258.980957028784 259.430938716677 260.147605892059 260.695236202376
