socal_rasters/bio16_SPHAsouth_aggfac2.asc
NCOLS 210 
NROWS 130 
XLLCORNER -119.45 
YLLCORNER 32.483333333 
CELLSIZE 0.0166666666666667 
NODATA_value -9999 
[rows 104 to 129 of 130, columns 120 to 179 of 210]
-9999 -9999 -9999 -9999 -9999 -9999 -9999 -9999 -9999 -9999 -9999 -9999 154.500000126493 143.250000012748 145.49999997432 150.249999883582 155.999999947877 159.249999986875 160.000000000001 162.999999920096 173.749999852458 180.749999959476 183.749999931981 186.500000000003 190.249999931025 184.750000236142 176.999999888116 177.750000014084 196.499999603043 189.750000528082 164.500000086205 188.999999161163 245.999999505017 263.749999897422 267.000000147502 256.25000004455 269.249999477096 300.249999804539 281.7500006204 228.250000989762 228.999998743551 292.749999645392 283.750000449906 255.000000374629 250.249999795842 292.499998894047 342.249999698 338.500000191885 343.749999758717 349.250000016183 351.749999951169 345.250000311082 326.000000131739 335.499999668722 342.000000233229 312.250000586419 312.249999578752 323.250000152511 313.250000119285 281.750001045329
-9999 -9999 -9999 -9999 -9999 -9999 -9999 -9999 -9999 -9999 -9999 -9999 162.249999987352 147.500000178434 145.499999948639 149.249999961194 151.499999947877 154.749999934369 157.499999947111 160.249999933412 166.999999865868 175.999999864913 179.249999959187 182.999999917804 186.750000013794 174.7500002917 162.999999944054 169.499999746531 202.249999588866 196.250000470992 168.750000244244 180.499999161162 238.499999534132 244.750000161188 221.000000530974 198.000000059375 220.249999447202 249.249999774451 254.500000181569 214.000000669987 248.749999402426 279.249999953752 282.749999705254 276.250000671202 262.749999418932 307.499999399627 335.249999793366 337.000000063962 343.999999806973 350.999999935273 345.250000244154 329.250000114605 334.99999973651 347.499999900618 329.50000089959 273.500000301577 298.249999376543 318.999999932215 320.000000068165 302.750000531238
-9999 -9999 -9999 -9999 -9999 -9999 -9999 -9999 -9999 -9999 -9999 -9999 161.499999898805 158.00000007647 155.000000025681 153.250000012935 153.499999973938 156 156.499999973556 157.499999973365 160.999999919523 170.999999837898 179.999999918374 179.500000109599 170.000000082775 166.000000083346 155.250000069931 172.249999619797 184.499999914945 182.00000025691 165.250000100573 167.499999797525 195.749999519588 215.749999926733 209.000000088488 227.749999361649 263.999999701183 266.000000090209 244.0000008171 223.999999147279 293.499999387093 314.749999861235 323.249999829347 311.750000733619 272.750000204153 297.749999162643 332.499999745683 339.5 339.500000032173 334.000000097097 326.750000179055 320.249999885392 330.499999901193 335.499999966877 323.500000733003 258.750000887996 264.249999241753 304.499999525526 318 310.000000274185
-9999 -9999 -9999 -9999 -9999 -9999 -9999 -9999 -9999 -9999 -9999 -9999 154.499999949401 151.000000076468 149.5 150.499999999999 152.249999934846 154.749999986873 153.750000013221 152.499999946728 157.99999991952 168.249999797371 181.499999891168 173.250000342489 152.750000151742 154.749999930544 148.250000097899 158.999999915505 155.000000056704 160.999999885818 162.000000028738 167.74999981199 191.749999519585 222.749999604342 240.999999793507 254.499999762479 268.749999865535 268.000000090214 244.250000620391 250.499999086382 295.249999678225 311.499999753309 326.999999751781 324.500000530705 275.500000659587 277.499999304827 318.999999554942 338.749999856088 338.000000257372 305.50000071199 291.999999674454 318.249999623431 323.75000018115 314.500000099377 292.500000799625 246.750000318335 273.249999106955 311.749999644146 317.750000085205 310.250000154229
-9999 -9999 -9999 -9999 -9999 -9999 -9999 -9999 -9999 -9999 144.999999750828 161.499999899563 156.250000240337 144.250000012745 149.749999961478 150.499999999999 150.499999999999 152.749999986874 152.250000013222 146.000000106542 147.999999839046 163.499999756847 178.249999904773 173.000000246594 148.500000303487 139 137.499999972028 140.249999929593 147.999999801521 177.999999457638 198.000000057461 193.999999971069 201.499999825301 223.749999662956 242.749999808254 260.999999673407 272.74999995518 252.500000631519 235.249999742762 270.749999406143 292.49999981613 302.499999876658 310.249999860383 305.500000405839 275.25000026697 281.749999668208 307.499999586738 327.499999808122 329.750000144775 313.750000307447 309.499999804667 328.499999705291 327.250000378768 287.750000778495 245.750000716345 245.499999195779 299.499999359697 316.749999949164 314.000000136329 307.00000010282
-9999 -9999 -9999 -9999 -9999 -9999 -9999 -9999 -9999 -9999 -9999 164.499999899565 159.500000227689 143.499999999999 150.999999922956 153.5 154 155.749999986875 153.750000039667 144.250000199764 142.749999852456 154.749999797368 165.500000027204 160.249999849303 179.249999848259 172.750000291711 160.00000002798 154.750000154903 147.249999985823 171.249999386275 201.249999841956 207.24999989876 218.499999796189 238.499999706922 252.999999882005 253.500000207827 233.500000298798 232.749999744382 259.999999515795 280.249999862958 285.749999892741 290.250000077087 286.499999906913 296.999999875126 300.500000000001 300.0000000316 307.249999761581 318.749999856089 322.999999999999 322.000000032363 325.499999934891 326.749999983626 310.50000065872 272.750000314711 262.50000036651 253.249999581142 288.999999528194 304.499999762757 311.750000051123 296.500000411275
-9999 -9999 -9999 -9999 -9999 -9999 -9999 -9999 -9999 -9999 -9999 148.000000050219 145.250000139149 134.250000089218 143.999999768873 152 152.74999998697 156.249999986874 154.000000052889 145.500000159811 137.750000040241 133.749999959478 147.749999741523 167.499999726005 185.999999834461 186.750000152799 180.249999986014 176.000000281629 150.000000255185 150.749999785913 171.24999966956 191.499999710752 215.499999534142 242.499999736229 253.499999941003 230.250000786795 194.000000029885 214.999999368488 257.999999455266 276.000000000003 276.249999954036 271.750000262113 267.249999736273 286.999999719039 303.249999795842 311.749999984201 314.499999936423 315.500000000003 310.500000064347 309.750000080913 302.500000000009 311.749999918141 298.75000034583 294.249999850925 298.500000033314 294.750000050256 273.750000758257 268.749999135783 304.99999996592 282.500000719738
-9999 -9999 -9999 -9999 -9999 -9999 -9999 -9999 -9999 -9999 -9999 -9999 132.500000126495 -9999 137.749999704668 152.99999994826 154.999999947878 151.000000078754 146.500000105773 135.500000159807 127.000000080476 135.249999716323 160.749999687109 176.249999876703 178.500000082769 176.750000013889 177.249999958042 178.000000168979 155.500000311896 150.999999914366 162.249999784493 177.999999710747 204.749999606929 215.499999912065 231.499999763996 210.000000861011 181.99999973107 221.499999278274 260.749999651975 266.500000091361 -9999 257.250000015422 253.500000000003 259.999999812686 272.999999748718 297.249999668213 306.999999968209 302.750000207869 281.250000369962 271.749999886721 289.249999495415 308.999999934513 307.500000098809 298.250000182198 300.749999783429 306.500000067015 274.750001162655 249.749999169661 295.499999829585 275.250000805418
-9999 -9999 -9999 -9999 -9999 -9999 -9999 -9999 -9999 -9999 -9999 -9999 -9999 -9999 133.749999756031 148.499999896521 149.25000014334 135.500000131263 133.749999933887 138.249999933405 141.249999959754 148.999999756843 163.999999836751 168.749999986302 168.999999972411 173.499999972219 179.249999846153 189.499999943672 181.750000184294 177.249999957174 178.500000028731 179.499999768598 201.999999796189 184.750000454278 195.999999321517 201.500000534418 192.249999477078 236.999999428629 253.250000015133 255.74999980205 268.499999846773 281.249999768727 282.250000263726 266.250000202912 258.250000015702 276.249999541828 295.499999872848 280.000000671597 240.750000112606 273.249999077642 311.499999707011 317.000000098236 303.250000181151 292.500000265018 278.750000049982 285.999999932986 252.250001230061 209.999999694988 261.499999147956 268.750000462689
-9999 -9999 -9999 -9999 -9999 -9999 -9999 -9999 -9999 -9999 -9999 -9999 130.250000037949 128.250000063726 130.249999884435 142.499999818908 146.750000013033 148.499999921247 155.249999907448 158.749999986683 156.750000067066 154.499999972983 161.499999918374 163.999999999999 165.999999889639 174.249999986108 169.250000041954 179.999999774689 187.000000028351 180.750000156993 167.000000258603 160.749999898756 172.249999868969 187.999999589688 226.999999439521 234.000000385977 213.249999865544 244.249999443668 263.250000015135 248.250000258859 256.499999632254 271.749999892069 281.749999829347 289.499999906347 279.500000345505 261.250000236987 247.750000238408 221.500000511674 232.249999083119 288.999999417464 306.49999993489 310.249999983625 300.250000345828 278.500000364391 258.750000149927 267.749999882715 228.500001246901 185.999999966107 227.749998926408 258.999999999997
-9999 -9999 -9999 -9999 -9999 -9999 -9999 -9999 -9999 -9999 -9999 -9999 142.999999999997 134.750000140195 126.250000038522 133.499999793041 148.999999817574 155.749999986874 154.500000000001 153.000000079907 150.000000000003 148.000000000002 156.749999823148 163 163.749999958615 162.500000138908 156.24999993007 172.74999976061 178.000000085063 166.000000285453 145.750000129306 152.499999797519 169.499999650598 200.99999947245 230.249999660761 241.749999955467 243.249999955176 248.499999819567 261.249999863818 259.500000152266 257.99999984677 262.749999953744 269.749999829349 285.999999781474 272.750000706713 234.000000442391 214.25000014306 211.749999792123 256.499999002681 291.499999902912 299.249999918616 304.249999918137 292.000000691661 237.750000778496 230.249999483575 261.749999882719 224.250001128953 186.000000067781 215.749998994577 244.000000205644
-9999 -9999 -9999 -9999 -9999 -9999 -9999 -9999 -9999 -9999 -9999 -9999 148.250000189742 128.000000101958 -9999 -9999 134.999999843631 148.999999894989 150.999999999999 145.250000119856 140.999999999998 143.749999932457 156.249999823147 162.5 162.5 156.000000222248 157.749999650348 178.999999999997 165.25000012759 164.000000057093 167.7499996983 186.249999869844 194.499999825305 207.49999982415 217.499999881999 225.7499998367 240.999999760949 249.000000060143 249.249999773022 264.249999862954 267.749999984677 270.99999990749 279.499999906918 275.000000374612 225.000000973673 185.000000315979 182.249999666206 224.499999008608 271.749999597857 277.999999999997 284.499999837227 294.499999869016 287.750000444638 241.750000944131 205.000000066635 228.74999938007 225.750000690851 198.749999881385 219.249999676221 220.500000171363
-9999 -9999 -9999 -9999 -9999 -9999 -9999 -9999 -9999 -9999 -9999 -9999 142.000000328889 -9999 125.249999935796 -9999 -9999 135.749999960623 141.749999960336 136.500000106542 137.999999892695 144.499999864914 155.999999836751 162.749999958901 164.249999958613 156.750000319482 144.7499999021 150.749999985924 -9999 180.749999614638 205.249999755754 203.250000274791 189.500000029121 192.749999897425 189.500000206501 194.499999524966 227.99999961155 233.750000225547 225.499999878951 248.249999588872 266.749999831451 266.500000185017 256.750000077572 233.250000702415 191.250000424027 180.000000126394 172.999999841054 222.249998864698 264.999999774804 274.24999988673 280.249999918616 284.749999983628 284.000000065873 264.750000645979 214.500000732997 -9999 214.499999865199 221.749999847485 223.250000119287 229.99999962299
-9999 -9999 -9999 -9999 -9999 -9999 -9999 -9999 -9999 -9999 -9999 -9999 -9999 -9999 -9999 -9999 128 -9999 -9999 131.499999999999 138.249999852456 146.749999851406 157.749999877563 165.249999958901 165.750000041383 151.000000250026 140.250000041957 -9999 178.749999560516 198.999999857277 207.499999999997 192.500000376023 175.749999898093 196.499999765539 175.750000693231 161.249999628869 190.999999641417 204.999999789488 224.249999591449 248.749999710686 262.749999892739 257.250000262104 256.249999798324 253.000000405845 217.25000061249 188.500000347589 169.500000095369 194.999999328406 227.99999954959 244.499999999987 246.249999820936 262.999999738028 269.250000148206 255.000000298142 -9999 -9999 221.749999679851 237.499999898327 236.000000136331 232.74999988004
-9999 -9999 -9999 -9999 -9999 -9999 -9999 -9999 -9999 -9999 -9999 -9999 -9999 -9999 -9999 -9999 -9999 -9999 -9999 -9999 136.749999852457 145.499999918949 153.499999891169 159.000000000003 152.500000193134 138.250000097234 144.249999706289 163.999999690203 186.749999730637 194.24999998573 183.500000316083 167.500000028927 187.749999490458 206.750000131888 169.750000663735 156.499999703097 168.750000074704 176.249999533886 214.249999409874 238.499999878187 245.7499998621 253.999999999999 259.499999844863 264.250000078047 236.250000769528 201.000000442381 184.499999936419 215.749999344392 237.749999951732 223.250000501623 209.999999837221 224.999999901763 217.750000115286 235.749999420278 255.5 248.000000201051 233.5000002696 219.50000010168 221.250000119295 207.749999948595
-9999 -9999 -9999 -9999 -9999 -9999 -9999 -9999 -9999 -9999 -9999 -9999 -9999 -9999 -9999 -9999 -9999 -9999 -9999 -9999 134.499999892695 140.999999918947 145.249999986395 148.9999999726 150.249999958618 155.999999888881 165.249999846156 173.499999887349 181.999999914936 183.500000085633 171.250000215507 178.249999580584 204.249999810744 203.500000381006 159.750000575235 154.999999703099 173.999999760956 187.249999954898 189.249999773021 213.999999664998 231.749999708867 252.249999737891 261.999999937945 259.250000296571 217.000000848044 180.500000505571 177.249999380104 229.49999926445 248.250000080427 236.750000177999 245.749999625628 240.000000622157 215.999999769449 245.74999965217 247.750000149932 238.750000184297 221.500000404395 193.750000254179 192.499999965914 195.249999674403
-9999 -9999 -9999 -9999 -9999 -9999 -9999 -9999 -9999 -9999 -9999 -9999 -9999 -9999 -9999 -9999 -9999 -9999 -9999 -9999 131.999999892696 140.999999837897 147.749999959187 153.499999890402 162.499999889639 168.249999958329 170.749999986014 173.249999929593 176.749999929116 175.500000142727 159.500000143675 167.249999869839 181.499999854426 186.500000029314 173.25000016224 187.999999614017 202.749999985054 195.750000135328 182.750000196709 195.249999588871 212.499999785487 236.249999583717 252.999999906922 253.00000021853 214.000000816637 169.500000600371 177.999999014526 238.49999939237 253.749999951741 250.500000161815 236.750000309272 213.000000392948 220.999999341272 256.499999602473 264.50000013327 238.00000077071 195.250000623455 175.500000067784 178.249999948879 187.99999965727
-9999 -9999 -9999 -9999 -9999 -9999 -9999 -9999 -9999 -9999 -9999 -9999 -9999 -9999 -9999 -9999 -9999 -9999 -9999 -9999 -9999 138.749999851406 148.499999918376 156.749999876703 163.249999931025 165.749999958328 167.250000041957 168.749999957755 173.999999914936 166.750000328266 149.250000014367 -9999 174.249999927212 184.499999765539 199.749999719762 216.249999747635 217.000000358576 183.500000300721 179.000000060524 187.249999619322 197.750000107254 202.499999629956 224.74999982934 215.750000327776 192.25000048683 165.750000142192 200.249998935062 245.999999712177 254.749999951742 235.000000679624 209.000000097661 219.499999672553 243.249999654174 260.999999801237 264.750000149929 235.250000820973 191.750000556053 176.250000016946 177.749999914796 190.499999725819
-9999 -9999 -9999 -9999 -9999 -9999 -9999 -9999 -9999 -9999 -9999 -9999 -9999 -9999 -9999 -9999 -9999 -9999 -9999 -9999 -9999 135.999999810881 146.249999877564 152.749999904105 158.249999958617 161.749999930549 163.000000000002 162.749999957757 166.75000001418 151.750000299728 144.49999979886 171.999999595044 193.749999839857 200.999999882765 211.749999867253 221.499999821858 225.500000179285 202.250000255606 196.250000045388 186.75000019795 176.250000107262 169.250000046256 184.249999705244 169.750000483882 161.249999921473 169.749999699809 208.499999268847 237.499999808122 240.500000000005 229.750000275086 224.999999772114 238.749999787153 245.249999950599 243.250000049698 239.500000199917 215.000000502644 187.500000370704 184.249999779704 196.999999829584 215.249999605855
-9999 -9999 -9999 -9999 -9999 -9999 -9999 -9999 -9999 -9999 -9999 -9999 -9999 -9999 -9999 -9999 -9999 -9999 -9999 129.499999973365 -9999 134.249999878422 142.499999918376 147.999999917803 152.749999958615 153.99999997222 152.75000006993 154.499999943673 153.500000113415 148.499999942914 157.749999755763 177.999999681822 195.249999839859 203.499999882766 213.249999837753 222.499999881238 218.250000253985 210.999999999995 205.500000060522 187.000000548172 160.750000045965 158.500000092506 176.249999394969 197.999999812701 220.999999654512 224.250000268597 203.500000222527 205.24999976014 211.75000008042 209.749999951445 221.249999755836 233.249999983623 220.0000004611 204.499999966866 207.000000233222 197.750000083774 199.249999848357 211.749999711932 221.500000000002 223.499999897181
-9999 -9999 -9999 -9999 -9999 -9999 -9999 -9999 -9999 -9999 -9999 -9999 -9999 -9999 -9999 -9999 -9999 -9999 -9999 130.749999933412 133.499999973173 135 140.749999904773 150.249999876705 159.749999903434 165.749999986108 163.000000055942 161.999999999998 160.750000014176 163.499999914366 168.499999971267 173.749999869838 184.999999825305 196.999999824153 208.249999896754 211.500000000004 196.000000448222 183.249999954898 180.500000151322 165.000000426363 143.000000091939 147.499999876658 173.499999224322 219.999999500512 242.749999733024 242.750000394982 202.000000635792 186.999999936043 184.500000160861 182.749999886729 191.999999869786 199.499999901772 199.749999983535 206.49999983436 196.000000399821 199.249999514122 220.749999882051 214.250000254187 212.249999880716 214.500000000005
-9999 -9999 -9999 -9999 -9999 -9999 -9999 -9999 -9999 -9999 -9999 -9999 -9999 -9999 -9999 -9999 -9999 -9999 -9999 129.249999986682 132.749999959761 134.750000040526 134.749999959187 139.249999876701 151.74999976548 164.749999930545 163.000000083916 161.5 158.25000004253 156.749999957182 161.249999956897 160.250000101235 160.74999986897 174.999999736219 191.999999822999 183.500000356275 167.500000119521 162.500000030075 150.000000302629 141.749999954315 142.750000015325 154.749999707062 164.749999860377 196.249999328803 228.999999717314 223.750000521371 189.000000349683 183.000000000002 186.999999806977 204.499999708739 208.500000195334 193.750000212851 199.499999571833 213.000000165637 184.500000499776 173.999999899473 195.249999511341 205.999999999997 207.749999982959 205.249999982864
-9999 -9999 -9999 -9999 -9999 -9999 -9999 -9999 -9999 -9999 -9999 -9999 -9999 -9999 -9999 -9999 -9999 -9999 -9999 -9999 143.999999812214 149.50000005403 144.500000163244 130.750000150694 130.499999862053 142.999999805539 155.49999983217 162.250000014081 159.250000070885 154.250000042818 151.500000086206 144.000000144631 137.500000058237 139.74999983881 154.249999808261 164.999999732789 185.999999701181 198.499999939849 176.500000726306 142.250000167494 144.249999862098 159.249999645388 177.249999829346 196.499999500503 219.499999905772 219.250000142193 214.749999984099 214.500000095936 211.999999935656 221.249999757276 234.499999902336 226.000000294704 219.499999802379 228.500000033125 222.000000133265 203.750000653425 -9999 -9999 -9999 -9999
-9999 -9999 -9999 -9999 -9999 -9999 -9999 -9999 -9999 -9999 -9999 -9999 -9999 -9999 -9999 -9999 -9999 -9999 -9999 -9999 157.499999785392 162.000000027018 157.750000040814 145.500000301394 126.750000206929 120.749999958327 133.749999734259 145.749999929585 147.000000028347 142.000000114175 133.000000114933 130.499999971075 138.249999839865 152.999999736234 162.249999985256 173.499999614029 196.499999760949 208.999999879711 199.500000484209 157.500000487267 138.750000076612 150.249999522041 189.749999457027 -9999 -9999 -9999 -9999 -9999 -9999 -9999 -9999 -9999 -9999 -9999 -9999 -9999 -9999 -9999 -9999 -9999
-9999 -9999 -9999 -9999 -9999 -9999 -9999 -9999 -9999 -9999 -9999 -9999 -9999 -9999 -9999 -9999 -9999 -9999 -9999 -9999 163.49999978539 166.50000008105 160.250000013604 158.749999986299 149.500000275896 125.750000263917 120.74999995804 120.750000042246 120.499999943294 122.249999957184 129.249999813225 146.749999754131 162.249999781626 172.999999882767 175.250000073748 177.749999866394 193.499999760951 203.999999879713 -9999 -9999 -9999 -9999 -9999 -9999 -9999 -9999 -9999 -9999 -9999 -9999 -9999 -9999 -9999 -9999 -9999 -9999 -9999 -9999 -9999 -9999
-9999 -9999 -9999 -9999 -9999 -9999 -9999 -9999 -9999 -9999 -9999 -9999 -9999 -9999 -9999 -9999 -9999 -9999 -9999 -9999 166.499999812217 168.250000067543 164.750000040813 -9999 160.500000193131 -9999 -9999 -9999 -9999 -9999 -9999 -9999 -9999 -9999 -9999 -9999 -9999 -9999 -9999 -9999 -9999 -9999 -9999 -9999 -9999 -9999 -9999 -9999 -9999 -9999 -9999 -9999 -9999 -9999 -9999 -9999 -9999 -9999 -9999 -9999
