socal_rasters/bio17_SPHAsouth_aggfac2.asc
NCOLS 210 
NROWS 130 
XLLCORNER -119.45 
YLLCORNER 32.483333333 
CELLSIZE 0.0166666666666667 
NODATA_value -9999 
[rows 0 to 31 of 130, columns 0 to 70 of 210]
-9999.000000000000000 -9999 -9999 -9999 -9999 -9999 -9999 -9999 -9999 -9999 -9999 -9999 -9999 -9999 -9999 -9999 -9999 -9999 -9999 -9999 -9999 -9999 -9999 -9999 -9999 -9999 -9999 -9999 -9999 -9999 -9999 -9999 -9999 -9999 -9999 -9999 -9999 -9999 -9999 -9999 -9999 -9999 -9999 -9999 -9999 -9999 -9999 -9999 -9999 3 -9999 -9999 -9999 -9999 -9999 -9999 -9999 -9999 -9999 -9999 -9999 -9999 -9999 -9999 -9999 -9999 -9999 -9999 -9999 -9999 -9999
-9999 -9999 -9999 -9999 -9999 -9999 -9999 -9999 -9999 -9999 -9999 -9999 -9999 -9999 -9999 -9999 -9999 -9999 -9999 -9999 -9999 -9999 -9999 -9999 -9999 -9999 -9999 -9999 -9999 -9999 -9999 -9999 -9999 -9999 -9999 -9999 -9999 -9999 -9999 -9999 -9999 -9999 -9999 -9999 -9999 -9999 3 3 3 3 4 3.75000000491617 -9999 -9999 -9999 -9999 -9999 -9999 -9999 -9999 -9999 -9999 -9999 -9999 -9999 -9999 -9999 -9999 -9999 -9999 -9999
-9999 -9999 -9999 -9999 -9999 -9999 -9999 -9999 -9999 -9999 -9999 -9999 -9999 -9999 -9999 -9999 -9999 -9999 -9999 -9999 -9999 -9999 -9999 -9999 -9999 -9999 -9999 -9999 -9999 -9999 -9999 -9999 -9999 -9999 -9999 -9999 -9999 -9999 -9999 -9999 -9999 -9999 -9999 3 3 3 3 3 3.24999999536989 3.74999999527439 4 3.50000000983277 3 3 3 -9999 -9999 -9999 -9999 -9999 -9999 -9999 -9999 -9999 -9999 -9999 -9999 -9999 -9999 -9999 -9999
-9999 -9999 -9999 -9999 -9999 -9999 -9999 -9999 -9999 -9999 -9999 -9999 -9999 -9999 -9999 -9999 -9999 -9999 -9999 -9999 -9999 -9999 -9999 -9999 -9999 -9999 -9999 -9999 -9999 -9999 -9999 -9999 -9999 -9999 -9999 -9999 -9999 -9999 -9999 3 2.49999999226688 3 3.50000000000043 3 3 3 3 3 3 3.49999999999957 3.7499999951789 4 3 3 3.24999999479734 3.75000000529859 3 -9999 -9999 -9999 -9999 -9999 -9999 -9999 -9999 -9999 -9999 -9999 -9999 -9999 -9999
-9999 -9999 -9999 -9999 -9999 -9999 -9999 -9999 -9999 -9999 -9999 -9999 -9999 -9999 -9999 -9999 -9999 -9999 -9999 -9999 -9999 -9999 -9999 -9999 -9999 -9999 -9999 -9999 -9999 -9999 -9999 -9999 -9999 -9999 -9999 3 3 3 3 2.0000000150834 1.99999998453461 3 3.49999999188447 3 3 3 3 3 -9999 3 3 3.50000000000043 3 3 3.24999999479733 3.25000000529859 3 3 3 -9999 -9999 -9999 -9999 -9999 -9999 -9999 -9999 -9999 -9999 -9999 -9999
-9999 -9999 -9999 -9999 -9999 -9999 -9999 -9999 -9999 -9999 -9999 -9999 -9999 -9999 -9999 -9999 -9999 -9999 -9999 -9999 -9999 -9999 -9999 -9999 -9999 -9999 -9999 -9999 -9999 -9999 -9999 -9999 -9999 3.75000000319808 3.25000000329358 3 1 1.99999999999915 1.99999999999915 1 1.49999999226688 3 3 3 3 3 3 3 3 -9999 3 3 3 3 3 3 3 3 3.24999999441492 3.50000000000043 3.75000000577522 3.25000000587072 -9999 -9999 -9999 -9999 -9999 -9999 -9999 -9999 -9999
-9999 -9999 -9999 -9999 -9999 -9999 -9999 -9999 -9999 -9999 -9999 -9999 -9999 -9999 -9999 -9999 -9999 -9999 -9999 -9999 -9999 -9999 -9999 -9999 -9999 -9999 -9999 -9999 -9999 -9999 1.99999998835449 3 3 3.49999999360426 4 3 1.99999999999915 1.50000000715929 1 1 1 1.49999999207589 3 3 3 3 3 3 3 -9999 3 3 -9999 3 3 3 3.24999999460549 3.74999999450999 4 3.750000005681 3 3.24999999412886 3.75000000596664 3.50000000000043 -9999 -9999 -9999 -9999 -9999 -9999 -9999
-9999 -9999 -9999 -9999 -9999 -9999 -9999 -9999 -9999 -9999 -9999 -9999 -9999 -9999 -9999 -9999 -9999 -9999 -9999 -9999 -9999 -9999 -9999 -9999 -9999 -9999 -9999 -9999 1.50000000544205 1 2.49999999417767 3 2.50000000620432 3 4 3.50000000677773 3 3 1.50000000735113 1 1 1 1.99999998376893 3 3 3 3 3 2.49999999073978 3 -9999 -9999 3 3 3 3 3.4999999892114 4 4 3.25000000568058 3 3 3 3 3 3 -9999 -9999 -9999 -9999 -9999
-9999 -9999 -9999 -9999 -9999 -9999 -9999 -9999 -9999 -9999 -9999 -9999 -9999 -9999 -9999 -9999 -9999 -9999 -9999 -9999 -9999 -9999 -9999 -9999 3 2.00000000973898 1 1 1 1 2.49999999417767 3 2.50000000620432 3 3.49999999341327 3.50000000677773 3 3 2.00000001470141 1 1 1 1.99999998376893 3 3 3 3 3 2.00000001851959 1 1.99999998071644 3 3 3 3 3 3 3.50000000000043 3.50000000000043 3 3 3 3.49999999999957 3 3 3.49999999999957 4 4 4 -9999 -9999
-9999 -9999 -9999 -9999 -9999 -9999 -9999 -9999 -9999 -9999 -9999 -9999 -9999 -9999 -9999 -9999 -9999 -9999 -9999 -9999 -9999 4 3 3 3 3 2.50000000506091 1 1 1 1 2.49999999398582 3 3 3.49999999341327 3.50000000677773 2.50000000696829 2.49999999283986 1.50000000735028 1 1 -9999 1.49999999188404 3 3 3 3 3 2.50000000926022 1 1.49999999035779 3 3 3 3 3 3 3 3 3 3 4 4 3.50000001212385 3.49999998768516 4 4 3.7499999935563 4 4 -9999
-9999 -9999 -9999 -9999 -9999 -9999 -9999 -9999 -9999 -9999 -9999 -9999 -9999 -9999 -9999 -9999 -9999 -9999 -9999 3 3.49999999608633 3.75000000205254 3 1 3 3.24999999756504 3 1.99999999999915 1 1 1 1.49999999398668 3 3 3.74999999670642 3.25000000338908 2.00000001393744 1.49999999284071 1.99999999999915 1.50000000754127 1 -9999 -9999 1.4999999916939 3 3 3 2.00000000000085 3 1 1 3 3 3 3 3 3 3 3 3 3 3 3.50000000000043 3.5 4 4 4 4 4 4 4
-9999 -9999 -9999 -9999 -9999 -9999 -9999 -9999 -9999 -9999 -9999 -9999 -9999 -9999 -9999 3 3 3 3 3 3 3 2.50000000429523 1.49999999551378 3 3.24999999756504 3.50000000000043 3 1 1 1 1 1.99999998759051 3 3 3 1 1 3 3 1 1 1.49999999188489 3 3 3 2.00000001775561 1 1 1 1 3 3 3 3 3 3 3 3 3 3 3 3 3.24999999393786 4 4 4 4 4 4 4
-9999 -9999 -9999 -9999 -9999 -9999 -9999 -9999 -9999 -9999 -9999 -9999 1.49999999761215 2.49999999742116 3 3 3 3 3 3 3 1.50000000410509 1.99999999140869 3 3 3.5 3.25000000253046 2.50000000525191 1 1 1 1 1.99999998759051 3 3 2.50000000677815 1 1.49999999283986 3 2.50000000754213 1 1 1.99999998376893 3 3 3 1 1 1 1 1 2.49999999016765 3 3 3 3 3 3 3 3 3 3 3 3 3.24999999384279 4 4 4 3.50000001307882 3.24999999336531 3.50000000000043
-9999 -9999 -9999 -9999 -9999 -9999 -9999 -9999 -9999 1 2.00000000000085 2.00000000000085 3 3 3 3 3 3 3 3 1.50000000391324 1 1.99999999140869 3 3 3 2.50000000506006 1.50000000525105 1 1 1 1 1.99999998759051 3 3 2.50000000677815 1 1.49999999283986 1.99999999999915 1 1 1.49999999207589 3 3 3 3 1 1 1 1.49999999054964 2.00000000000085 1 1 1.49999998978481 1.99999999999915 3 3 3 3 3 3 3 3 3.24999999393829 3.74999999384279 4 4 4 4 3.25000000663512 3
-9999 -9999 -9999 -9999 -9999 -9999 -9999 -9999 1 1.49999999818513 3 3 3 3 3 3 3 3 2.00000000000085 1.5000000037231 1 1 1 2.49999999551377 3 2.50000000486992 1 1 1 1 1 1 1.49999999379568 3 3 3 1 1 1 1 1 2.00000000000085 2.00000000000085 2.00000000000085 2.00000000000085 2.00000000000085 1 1 1 2.49999999054964 3 1 1 1 1 1.9999999788065 3 3 1.50000001117016 3 3 3 3 3.74999999393786 4 4 4 4 4 4 3.49999999999957
-9999 -9999 -9999 3 1 -9999 -9999 1 1 1.99999999637112 3 3 3 3 3 1.99999999999915 1 1 1 1 1 1 1 1.49999999551292 1.50000000467807 1 1 1 1 1 1 1 1 1 1 1 1 1 1 1 1 1 1 1 1 1 1 1 1 1 1.49999999035779 1 1 1 1 1 2.49999998921098 3 3 3 3 2.50000001174143 2.49999998806672 4 4 4 4 4 4 4 4
3 3 3 3 2.50000000085819 1 -9999 1 1 3 3 2.50000000219686 1 3 3 1 1 1 1 1 1 1 1 1 1 1 1 1 1 1 1 1 1 1.99999999999915 1 1.49999999322185 2.50000000696829 1 2.49999999264887 3 3 3 1.50000000811511 1 1 1 1 1 1 1 1 1 1 1 1 1 1 1.49999998902084 3 3 3 1 1.49999998806757 3.49999998787615 4 4 4 4 4 4 4
-9999 3 3 3 3 3 2.50000000124103 1 1 1 1.99999999999915 1 1.99999999522515 3 3 2.0000000059174 1 1 1 1 1 1 1 1 1 1 1 1 1 1 1 1 3 3 3 3 3 3 3 3 3 1.99999999999915 3 2.50000000830695 1 2.49999999131361 3 2.00000000000085 2.49999999074063 3 1.50000000964221 1 1 1 1 1 1 1.49999998902084 3 4 3.75000000577565 3.50000000000043 3.25000000596664 3 3.74999999384237 4 4 4 4 4 4
-9999 -9999 -9999 3 3 3 3 1 1 1 1 1.49999999780314 3 3 3 2.0000000059174 1 1 1 1 1 1 1 1 1.99999999999915 2.49999999513008 2.50000000506006 1 1 3 2.50000000582318 1 1.49999999379568 3 2.50000000658716 2.4999999932227 3 3 3 3 3 1.50000000792411 1 1.4999999916939 2.00000000000085 3 3 3 3 3 3 1.50000000983235 1 1 1 1 1 1.99999997804082 3 3 3.24999999422478 4 4 3.49999999999957 3.74999999384237 3.25000000625271 3.7499999936518 4 4 4 4
-9999 -9999 -9999 2.5000000006672 1.99999999999915 2.49999999894996 3 1 1 1 1.49999999799499 3 3 3 2.50000000276899 1 1 1 1 1 1 1 1.49999999570477 3 3 2.50000000486907 1.50000000506006 1 1 1 1 1 1 1 1 1 1.99999999999915 1.99999999999915 3 3 3 3 2.00000001623107 1 1 3 3 3 3 3 3 3 3 2.00000000000085 1 1 1 1 1.99999999999915 2.499999988638 3 3 3.24999999403336 4 4 3.75000000625313 3 4 4 4 4
-9999 -9999 -9999 -9999 -9999 -9999 3 2.0000000028632 1 1 2.49999999799414 2.50000000219686 2.499999997613 2.50000000257884 1.50000000276984 1 1 1 1 1 1 1 3 2.00000000000085 1.50000000467892 1 1 1 1 1 1 1 1 1 1 1 1 1 1 1.9999999849166 3 3 3 1 1.99999998300495 3 3 3 3 2.00000000000085 2.00000000000085 2.49999999016765 3 3 3 1.50000001059632 1 1 1 1 2.49999998844956 3 3 4 4 4 4 4 4 4 4
-9999 -9999 -9999 -9999 -9999 -9999 -9999 2.0000000028632 1 1 3 1.500000002196 1 1 1 1 1 1 1 1 1 1.49999999589491 1 1 1 1 1 1 1 1 1 1 1 1 1 1 1 1 1 1 1.99999999999915 1.99999999999915 1.50000000811511 1 1 1.49999999131276 3 3 3 1.50000000945121 1 1 1.49999998997581 1.99999999999915 1.50000001040533 1 1 1 1 1 1.49999998844871 3 3 4 4 4 4 4 4 4 4
-9999 -9999 -9999 -9999 -9999 -9999 -9999 -9999 -9999 -9999 1 1 1 1 1 1 1 1 1 1 1 1 1 1 1 1 1 1 1 1 1 1 1 1 1 1 1 1 1 1 1 1 1 1 1 1 1 1.49999999093163 3 1 1 1 1 1 1 1 1 1 1 1 1 2.49999998825857 3 3 3.24999999384279 4 4 4 4 4 4
-9999 -9999 -9999 -9999 -9999 -9999 -9999 -9999 -9999 -9999 -9999 1 1 1 1 1 1 1 1 1 1 1 1 1 1 1 1 1 1 1 1 1 1 1 1 1 1 1 1 1 1 1 1 1 1 1 1 1 1 1 1 1 1 1 1 1 1 1 1 1 1 1 1.99999999999915 1.99999999999915 2.49999998768473 4 4 4 4 4 4
-9999 -9999 -9999 -9999 -9999 -9999 -9999 -9999 -9999 -9999 -9999 1 1 1 1 1 1 1 1 1 1 1 1 1 1 1 1 1 1 1 1 1 1 1 1 1 1 -9999 1 1 1 1 1 1 1 1 1 1 1 1 1 1 1 1 1 1 1 1 1 1 1 1 1 1 1.49999998768558 4 4 4 4 4 4
-9999 -9999 -9999 -9999 -9999 -9999 -9999 -9999 -9999 -9999 -9999 1 1 1 1 1 1 1 1 1 1 1 1 1 1 1 1 1 1 1 1 1 1 1 1 1 1.49999999303085 1 1 1.49999999245873 2.00000000000085 2.49999999207588 2.00000001623107 1 1 1.49999999131276 1 1 1 1 1 1 1 1 1 1 1 1 1 1 1 1 1 1 1 3.24999998124061 4 4 4 4 4
-9999 -9999 -9999 -9999 -9999 -9999 -9999 -9999 -9999 -9999 -9999 -9999 1 1 1 1 1 1 1 1 1 1 1 1 1 1 1 1 1 1 1 1 1 1 1 1 1 1.49999999283986 3 3 3 2.50000000792497 1 1 1 1 1 1 1 1 1 1 1 1 1 1 1 1 1 1 1 1 1 1 1 1 2.74999999365265 4 4 4 4
-9999 -9999 -9999 -9999 -9999 -9999 -9999 -9999 -9999 -9999 -9999 -9999 1 1 1 1 1 1 1 1 1 1 1 1 1 1 1 1 1 1 1 1 1 1 1 1 1 1 1.49999999264887 1 1 1 1 1 1 1 1 1 1 1 1 1 1 1 1 1 1 1 1 1 1 1 1 1 1 1 1 1.24999999355587 3.49999998692076 4 4
-9999 -9999 -9999 -9999 -9999 -9999 -9999 -9999 -9999 -9999 -9999 -9999 -9999 1 1 1 1 1 1 1 1 1 1 1 1 1 1 1 1 1 1 1 1 1 1 1 1 1 1 1 1 1 1 1 1 1 1 1 1 1 1 1 1 1 1 1 1 1 1 1 1 1 1 1 1 1 1 1 1.2499999934608 2.24999998009592 3.00000000000085
-9999 -9999 -9999 -9999 -9999 -9999 -9999 -9999 -9999 -9999 -9999 -9999 -9999 -9999 1 1 1 1 1 1 1 1 1 1 1 1 1 1 1 1 1 1 1 1 1 1 1 1 1 1 1 1 1 1 1 1 1 1 1 1 1 1 1 1 1 1 1 1 1 1 1 1 1 1 1 1 1 1 1 1 1.24999999326938
-9999 -9999 -9999 -9999 -9999 -9999 -9999 -9999 -9999 -9999 -9999 -9999 -9999 -9999 -9999 -9999 1 1 1 1 1 1 1 1 1 1 1 1 1 1 1 1 1 1 -9999 1 1 1 1 1 1 1 1 1 1 1 1 1 1 1 1 1 1 1 1 1 -9999 1 1 1 1 1 1 1 1 1 1 1.49999999999957 1.49999999999957 1.25000000663469 1
-9999 -9999 -9999 -9999 -9999 -9999 -9999 -9999 -9999 -9999 -9999 -9999 -9999 -9999 -9999 -9999 -9999 1 1 1 1 1 1 1 1 1 1 1 1 1.99999998873307 2.50000000582233 1 1 1 1 1 1 1 1 1 1 1 1 1 1 1 1 1.49999999093163 1 1 1 1 1 1 1 1 1 1 1 1 1 1 1 1 1 1 1 1.74999999355587 2.99999997384236 2.50000001327024 1.25000000673062
