socal_rasters/bio12_SPHAsouth_aggfac2.asc
NCOLS 210 
NROWS 130 
XLLCORNER -119.45 
YLLCORNER 32.483333333 
CELLSIZE 0.0166666666666667 
NODATA_value -9999 
[rows 26 to 51 of 130, columns 120 to 179 of 210]
492.999999562868 500.500000347971 477.750000011684 475.499999976415 502.999999405735 558.749999412949 591.499999782639 627.749999427922 657.249999914132 641.750000407981 632.749999688543 631.000000376627 620.749999936763 612.750000114707 598.250000346693 587.749999857717 609.499999791514 627.749999514328 678.749999352119 697.500000186459 -9999 -9999 -9999 -9999 -9999 -9999 -9999 -9999 -9999 -9999 -9999 -9999 -9999 -9999 -9999 -9999 -9999 -9999 -9999 -9999 -9999 -9999 -9999 -9999 -9999 -9999 -9999 -9999 -9999 -9999 -9999 -9999 -9999 -9999 -9999 -9999 -9999 -9999 -9999 -9999
503.000000092036 503.249999988405 513.499999719332 509.250000412654 491.99999992869 504.249999868205 517.249999770535 547.999999415721 587.99999963195 606.999999901079 604.500000074743 603.250000037658 607.749999835561 621.249999910788 606.250000449418 560.000000646752 570.49999900966 628.749999540581 643.000000052874 629.000000133163 652.999999302514 -9999 -9999 -9999 -9999 -9999 -9999 -9999 -9999 -9999 -9999 -9999 -9999 -9999 -9999 -9999 -9999 -9999 -9999 -9999 -9999 -9999 -9999 -9999 -9999 -9999 -9999 -9999 -9999 -9999 -9999 -9999 -9999 -9999 -9999 -9999 -9999 -9999 -9999 -9999
545.250000057509 542.250000127581 519.250000315748 503.750000058951 501.749999988115 504.25000001198 503.249999963767 502.000000097369 494.25000008588 506.499999579677 545.249999588885 582.249999485294 609.999999848211 611.500000127455 616.749999833069 572.750001384051 566.749998579649 623.500000420032 572.500000370233 584.499999493942 622.999999517135 621.750000580879 -9999 -9999 -9999 -9999 -9999 -9999 -9999 -9999 -9999 -9999 -9999 -9999 -9999 -9999 -9999 -9999 -9999 -9999 -9999 -9999 -9999 -9999 -9999 -9999 -9999 -9999 -9999 -9999 -9999 -9999 -9999 -9999 -9999 -9999 -9999 -9999 -9999 -9999
570.999999930981 566.000000185586 543.000000374229 516.000000259386 497.500000118856 497.49999992811 506.999999806773 529.49999973221 512.500000662448 476.249999962914 497.499999676076 525.24999953549 564.249999557256 587.999999719602 613.249999756023 590.000000620883 607.999998879365 642.000000656304 549.000001057769 561.999998907961 619.499999678088 606.75000076999 525.000001006696 522.249999219118 -9999 -9999 -9999 -9999 -9999 -9999 -9999 -9999 -9999 -9999 -9999 -9999 -9999 -9999 -9999 -9999 -9999 -9999 -9999 -9999 -9999 -9999 -9999 -9999 -9999 -9999 -9999 -9999 -9999 -9999 -9999 -9999 -9999 -9999 -9999 -9999
570.999999976993 568.000000115992 553.500000210501 537.750000153268 518.500000380331 493.000000215656 488.500000000003 491.499999951317 484.250000159485 480.999999826918 493.999999900333 498.99999989957 520.749999633172 543.499999821581 559.749999858766 558.000000025878 580.999999504845 596.000000157525 561.250000568548 566.749999294168 607.9999998927 581.000000621404 524.500000625784 547.999999068411 591.249999710289 640.499998527594 -9999 -9999 -9999 -9999 -9999 -9999 -9999 -9999 -9999 -9999 -9999 -9999 -9999 -9999 -9999 -9999 -9999 -9999 -9999 -9999 -9999 -9999 -9999 -9999 -9999 -9999 -9999 -9999 -9999 -9999 -9999 -9999 -9999 -9999
563.499999976991 561.500000069593 551.750000152028 540.00000009432 535.000000142627 511.75000041934 485.25000018115 479.249999987827 475.750000036803 475.749999987634 477.999999975079 483.249999861903 494.499999848203 506.74999980882 521.24999991011 525.499999948253 541.249999726349 554.999999868729 557.249999960328 575.999999520568 592.250000335324 548.750000499816 557.24999941504 607.499999369826 644.999999613741 667.499999666623 677.500000363631 -9999 -9999 -9999 -9999 -9999 -9999 -9999 -9999 -9999 -9999 -9999 -9999 -9999 -9999 -9999 -9999 -9999 -9999 -9999 -9999 -9999 -9999 -9999 -9999 -9999 -9999 -9999 -9999 -9999 -9999 -9999 -9999 -9999
554.249999988499 552.500000092794 545.000000070169 535.250000106112 528.75000005943 518.750000179716 493.000000313988 477.000000097377 472.250000110409 466.500000049454 470.749999813122 485.249999736363 495.9999999747 499.749999936275 504.000000000002 503.749999935327 511.499999869697 518.499999894996 526.999999814896 550.999999573847 565.250000040248 582.249999392109 626.249999659893 638.749999876701 645.750000041386 625.500000361162 622.749999846161 615.250000098579 -9999 -9999 -9999 -9999 -9999 -9999 -9999 -9999 -9999 -9999 -9999 -9999 -9999 -9999 -9999 -9999 -9999 -9999 -9999 -9999 -9999 -9999 -9999 -9999 -9999 -9999 -9999 -9999 -9999 -9999 -9999 -9999
543.249999988494 540.250000057993 533.750000105248 525.000000094317 517.500000047538 514.000000167733 493.000000289835 476.500000097376 469.250000110408 462.999999975275 476.999999725914 492.749999836798 499.499999974701 503.999999923533 507.500000025684 507.249999961198 510.250000013033 512.499999868741 523.499999867781 530.999999893461 546.249999745153 576.499999513687 597.749999877552 604.24999987669 610.499999806859 633.749999541616 657.74999990211 652.500000140837 651.249999815718 675.749999471924 -9999 -9999 -9999 -9999 -9999 -9999 -9999 -9999 -9999 -9999 -9999 -9999 -9999 -9999 -9999 -9999 -9999 -9999 -9999 -9999 -9999 -9999 -9999 -9999 -9999 -9999 -9999 -9999 -9999 -9999
529.250000011508 523.500000092797 513.500000093562 503.250000129696 494.500000000006 495.500000095854 478.750000229458 468.500000024347 464.750000085875 469.249999839279 485.999999825579 496.249999887013 498.999999949403 505.999999898043 510.499999974322 515.249999961197 517.999999947878 520.249999986874 525.749999854559 537.749999853507 555.499999704911 575.999999783855 589.499999918366 582.750000315083 573.249999655131 606.749999513842 637.749999538474 671.74999967614 690.249999588877 714.999999771644 707.750000416641 -9999 -9999 -9999 -9999 -9999 -9999 -9999 -9999 -9999 -9999 -9999 -9999 -9999 -9999 -9999 -9999 -9999 -9999 -9999 -9999 -9999 -9999 -9999 -9999 -9999 -9999 -9999 -9999 -9999
513.000000046014 498.50000023198 474.250000222188 464.500000070731 460.000000047534 462.249999892164 461.000000144916 453.249999914792 464.749999791456 485.499999777473 499.999999850505 499.250000138096 486.00000017709 475.250000012738 485.499999845907 491.499999948253 500.74999988272 512.24999985561 521.249999881002 533.749999693698 564.499999356176 608.499999594744 626.499999918374 597.50000098636 550.749999903434 584.999999527724 608.999999748253 623.499999802858 644.249999645574 668.249999728813 686.499999798848 687.750000072303 679.500000232922 -9999 -9999 -9999 -9999 -9999 -9999 -9999 -9999 -9999 -9999 -9999 -9999 -9999 -9999 -9999 -9999 -9999 -9999 -9999 -9999 -9999 -9999 -9999 -9999 -9999 -9999 -9999
583.50000016103 541.000000649538 483.500000491159 445.750000389069 432.25000003566 447.999999400947 488.500000096601 472.249999720033 523.999999288466 543.000000247245 538.249999738367 539.750000263622 504.250000619812 463.000000356856 457.749999807396 478.999999689558 502.749999648169 519.499999921238 536.999999656222 560.749999773597 568.999999892699 574.499999972997 577.00000005443 561.250000315092 566.749999544758 603.999999499937 632.24999973426 641.749999760612 664.249999758988 663.250000214088 644.500000201147 645.499999942157 638.000000465868 603.500000234476 603.5000001475 -9999 -9999 -9999 -9999 -9999 -9999 -9999 -9999 -9999 -9999 -9999 -9999 -9999 -9999 -9999 -9999 -9999 -9999 -9999 -9999 -9999 -9999 -9999 -9999 -9999
558.000000483125 499.25000028996 519.499999906442 455.50000099036 423.750000035655 441.999999376983 488.749999867149 497.499999586152 560.499999067665 586.250000581063 533.500000199334 556.74999958571 561.000000328891 506.750000955886 444.25000050078 441.499999637802 487.499999113901 539.249999645592 554.749999828113 556.50000013317 530.000000429208 521.999999702807 550.7499996599 565.249999876705 577.249999765483 598.499999583279 618.999999916075 621.749999816932 638.49999985822 628.500000313987 614.750000129299 613.249999927682 600.000000553203 571.75000007327 590.49999958701 611.99999973279 624.2500000747 -9999 -9999 -9999 -9999 -9999 -9999 -9999 -9999 -9999 -9999 -9999 -9999 -9999 -9999 -9999 -9999 -9999 -9999 -9999 -9999 -9999 -9999 -9999
484.750000241574 445.000000185593 460.000000000022 425.500000448028 417.249999893031 435.749999628586 471.249999529014 513.249999452251 546.249999766913 550.500000049455 552.749999937699 540.250000288734 522.500000126506 521.000000025495 479.750000963024 429.000000310434 418.74999985667 455.749999383097 496.249999616582 511.249999906785 513.999999999996 528.749999635264 552.499999755127 564.999999945203 570.99999986205 585.749999791642 605.249999678319 614.00000002816 610.250000099243 598.750000128458 599.749999870697 601.250000216942 571.250000334841 572.750000043967 551.250000309755 560.249999599204 571.50000005978 557.750000285689 548.250000226968 -9999 -9999 -9999 -9999 -9999 -9999 -9999 -9999 -9999 -9999 -9999 -9999 -9999 -9999 -9999 -9999 -9999 -9999 -9999 -9999 -9999
498.750000425626 419.500000904721 399.249999754412 428.249999705255 438.250000130742 448.999999712459 475.749999601474 523.749999427907 562.999999607433 574.000000247266 554.500000124576 564.999999824234 538.750000872825 517.749999477461 546.250000192619 498.750000814932 440.500000625483 408.250000144392 422.749999510776 471.249999294153 508.999999678072 526.999999783855 538.74999982314 551.2499998493 562.499999834455 583.999999666625 603.74999973426 605.000000337947 576.250000297707 570.499999857269 586.99999977012 583.750000332637 549.250000509531 532.999999970681 505.00000076697 487.749999717935 508.999999731059 535.499999518836 548.250000317755 496.750000685217 518.499999050005 -9999 -9999 -9999 -9999 -9999 -9999 -9999 -9999 -9999 -9999 -9999 -9999 -9999 -9999 -9999 -9999 -9999 -9999 -9999
431.750000356625 394.250000336377 398.749999660857 432.749999752412 441.499999904917 452.249999844248 461.249999867163 481.999999683532 526.999999165814 577.749999888736 520.000001420271 465.249999686172 499.749999734381 535.499999337263 557.000000179773 528.25000055622 479.00000062547 457.249999881852 465.250000013198 465.499999973344 463.250000067058 470.999999810884 493.499999591888 519.999999671216 539.249999793078 559.749999708306 568.500000083924 556.500000168985 546.500000085064 549.499999800188 565.999999655192 575.500000144628 539.250000858931 490.250000395664 477.500000265496 466.9999997031 475.250000283874 476.749999413603 505.25000013619 499.999999756365 521.499999846779 517.25000023129 487.000000682609 -9999 -9999 -9999 -9999 -9999 -9999 -9999 -9999 -9999 -9999 -9999 -9999 -9999 -9999 -9999 -9999 -9999
404.999999884963 399.000000139191 404.749999777804 422.249999775986 444.49999978606 450.750000011985 443.500000024151 461.749999573974 495.499999656501 523.499999629092 511.750000859629 429.750000690473 437.499999392816 486.499999464696 503.000000128389 474.750000504461 447.500000130299 463.999999448692 503.499999550438 526.499999893455 522.250000147547 515.749999959486 507.500000272094 509.749999575316 534.499999862049 541.749999874984 547.250000041956 541.75000009857 538.999999999999 535.500000085633 536.999999942524 549.249999869826 540.500000494976 486.000000820629 463.50000017699 435.750000252354 427.500000119508 439.749999293295 480.999999757887 490.749999954311 477.000000459665 448.50000015417 439.750000325773 420.999999999989 428.750000298373 396.500000284382 -9999 -9999 -9999 -9999 -9999 -9999 -9999 -9999 -9999 -9999 -9999 -9999 -9999 -9999
383.249999827452 391.749999918809 402.749999847971 415.74999982315 444.49999954835 468.249999940093 460.750000181142 454.999999853933 463.250000085881 449.000000024738 451.500000074765 425.750000389178 412.999999949407 428.49999974511 440.999999974329 438.000000129357 430.000000104246 423.000000000006 436.999999656239 463.249999640442 481.49999981223 500.249999608264 520.249999931989 516.249999986302 528.999999834459 537.499999916655 542.250000013985 540.75000001408 536.250000099239 521.000000285454 498.750000272983 501.249999696295 513.000000291175 466.000001055106 422.750000398248 391.000000475047 374.500000029886 388.999999518856 430.249999409883 429.000000487283 400.2500002605 386.750000138777 373.000000124122 363.00000021854 353.000000094242 356.499999589232 395.999999427801 -9999 -9999 -9999 -9999 -9999 -9999 -9999 -9999 -9999 -9999 -9999 -9999 -9999
379.999999907975 391.999999860813 403.499999883055 415.499999834939 438.999999643432 463.249999796321 471.999999903386 464.750000255611 435.500000441629 403.750000259617 399.249999937699 399.250000062763 390.50000010119 388.499999949014 395.999999922948 404.749999831834 410.750000091205 401.500000105007 391.750000277659 386.499999760269 416.499999517113 446.99999959473 472.999999755118 490.749999684905 522.999999475786 538.999999972217 550.749999846155 547.250000211226 533.000000198478 507.250000528083 475.250000416645 453.250000216932 441.750000305707 411.250000483575 389.75000019174 374.500000207828 362.500000149406 355.499999999998 365.749999773016 366.000000243623 346.250000199188 337.000000154175 328.750000139619 325.750000046825 318.000000188452 313.499999968396 319.49999977746 331.749999983992 319.250000273449 309.500000355993 -9999 -9999 -9999 -9999 -9999 -9999 -9999 -9999 -9999 -9999
384.999999792937 393.999999976802 395.249999941529 404.749999893892 417.999999738525 444.499999760385 448.750000036236 447.749999963488 438.000000368025 390.500000667604 362.750000037383 361.749999987454 362.999999974707 360.750000038241 360.749999987166 363.499999844783 388.499999348463 445.749999278045 433.750001203194 346.250000519388 348.249999664683 380.249999338093 434.499999347014 472.749999493119 510.749999710307 515.749999930554 543.249999510493 548.250000295716 533.750000155949 511.250000499537 492.999999942522 460.750001026836 410.000000378509 408.99999961898 447.749999631225 428.750000667998 410.250000074683 385.250000496174 354.000000423675 339.000000030453 340.750000076607 330.000000154178 335.249999674206 362.749999672187 357.500000408295 318.00000085315 290.250000047684 291.999999904058 293.750000048258 282.000000291274 264.000000260436 -9999 -9999 -9999 -9999 -9999 -9999 -9999 -9999 -9999
377.99999983895 390.749999942005 386.249999988303 405.749999681668 417.25000003566 424.249999820284 429.500000024151 430.999999878276 429.000000294417 381.000000766505 340.250000261626 331.749999962333 335.749999962046 340.499999923526 363.499999383664 410.249999650772 421.749999674236 454.249999750586 419.500001137084 339.250000705832 326.99999978539 -9999 389.24999919735 448.749999027323 501.249999820661 487.75000015279 509.499999496495 524.749999985914 517.500000311892 491.500000228353 497.249999497139 513.750000245869 502.499999883563 544.2499989889 595.999999764024 564.500000920417 519.750000493063 474.000000842035 423.000000726331 412.999999269126 451.00000015326 400.250000663003 426.749998805478 475.999999719058 439.750001429122 346.500001390337 310.499999713906 335.999999712195 337.250000498672 283.750000792903 263.500000097667 250.75000024559 -9999 -9999 -9999 -9999 -9999 -9999 -9999 -9999
375.49999983895 394.499999768019 393.750000268967 377.749999941054 398.749999631559 419.249999868212 420.000000144923 411.749999987833 406.250000208554 379.000000420341 338.500000473421 317.250000112988 317.749999911457 325.999999796083 390.999998664591 448.500000232842 384.75000076882 -9999 400.499999999997 352.250000705831 333.499999946343 337.499999864914 -9999 -9999 452.999999365445 467.750000069459 493.249999370628 514.999999943676 504.500000453668 463.750000499543 460.249999554624 518.24999897315 578.499999446786 607.999999677613 623.499999941006 624.500000148448 592.000000866547 517.250001247986 467.000000332887 476.499999238645 540.499999203223 540.000000585855 537.749999332888 556.750000671175 461.500001727499 378.250000963749 363.249999125782 421.249999696172 383.500001351191 318.000000388347 318.500000130202 275.500000916857 -9999 -9999 -9999 -9999 -9999 -9999 -9999 -9999
376.999999907972 390.49999972162 406.250000011691 380.000000613081 357.249999750399 384.49999985622 389.499999999996 391.749999963482 380.250000306682 372.999999925818 351.000000647844 310.50000025108 303.74999996205 312.249999859802 344.999999332281 -9999 -9999 -9999 404.000001269312 331.000000159806 339.499999973172 341.749999905441 348.749999931982 355.749999821903 381.999999503366 417.749999513818 469.249999230755 495.999999999996 487.750000184305 478.499999914381 480.250000186791 503.249998944221 569.249999432227 588.499999736227 600.500000058994 591.500000059365 598.749999865532 582.500000781892 516.250000923042 490.749999741148 553.749998544361 623.999999475791 627.750000232707 576.750001607729 459.500001633274 399.250000363393 404.249999507274 459.999999232473 429.000001447722 363.500000388363 338.500000585968 294.750000769509 251.750000510512 -9999 -9999 -9999 -9999 -9999 -9999 -9999
-9999 -9999 368.999999953232 360.500000212225 349.499999952457 358.499999856233 364.750000012086 358.750000109558 346.250000159484 345.999999802197 341.50000037376 308.000000301298 298.249999987351 301.249999936277 312.249999756034 344.499999353245 -9999 413.500000525063 343.500000952003 326.499999733645 342.499999973168 360.999999540701 392.249999823126 367.500000657568 342.999999944825 358.249999708308 390.749999342673 458.749998859412 526.749999390386 563.499999543269 564.50000054594 528.500000086762 567.749999228414 585.749999956042 573.500000530993 561.249999599179 597.999999492019 619.749999984966 599.50000051446 576.999999999977 602.749999341116 631.749999830401 621.000000341303 576.500001123847 493.750001083599 474.749999794592 450.500000667566 454.249999408367 435.250001367291 350.750001019449 306.000000455759 290.250000212838 263.250000708125 -9999 -9999 -9999 -9999 -9999 -9999 -9999
364.250000080525 352.250000081198 358.999999789506 372.249999893898 373.000000095092 358.000000119816 360.249999963779 353.750000109556 342.50000017175 330.75000008654 328.250000012459 317.25000026364 294.250000215041 291.499999898038 302.99999976887 343.749999159215 385.750000065146 332.750000826937 321.749999643008 360.249999453988 385.74999982564 425.249999094939 482.2499996327 438.500001589162 341.250000620781 332.49999983331 345.999999832165 376.999999239585 451.249998823279 522.749999157896 564.999999683908 565.750000216935 553.000000174683 527.250000454258 524.749999690247 567.249999421038 559.750000582668 561.499999518827 596.749999409857 625.749999680228 632.750000045965 619.500000400863 580.500000682584 572.249999765858 560.750000549667 539.50000028439 489.250001192107 437.750000367771 405.500000900794 353.250000631087 333.500000162777 316.250000442062 275.750000806939 229.000000563163 -9999 -9999 -9999 -9999 -9999 -9999
359.99999970091 377.249999895604 387.749999801188 399.250000011789 388.500000261483 368.000000071888 382.749999722241 388.500000097372 361.750000527502 330.750000185445 327.749999838043 333.000000225973 298.000000455381 282.999999949021 295.249999807394 321.749999469668 345.750000169408 323.499999999997 362.74999924633 404.749999613778 418.999999919515 436.499999513699 474.749999523869 471.250000890471 361.000001489863 322.999999861096 336.999999776224 349.49999980286 369.24999964558 408.249999300663 464.74999915236 498.749999956629 485.000000378522 460.000000175858 483.74999915928 536.499999614037 511.000000926322 509.49999912791 560.999999394738 599.249999558421 606.000000245168 579.250000570479 547.500000155134 566.749999578552 565.000000471139 533.000000505578 483.250001255687 417.500000575653 387.000000546918 352.000000517817 320.500000520876 295.000000360205 266.50000055992 228.500000629417 -9999 -9999 -9999 -9999 -9999 -9999
339.499999516849 372.499999768016 382.499999976605 383.000000023575 376.75000015451 362.500000000002 378.999999686011 383.500000316467 335.500000637901 305.500000173074 296.749999987535 310.499999849345 297.500000328886 282 289.749999884435 300.749999831842 312.999999843631 347.999999159933 420.249999140575 459.499999786927 459.750000308508 421.250000499819 434.999999210963 445.500000904162 354.000001131192 318.249999958328 333.999999832167 348.999999859185 361.749999787345 376.999999800185 396.999999597713 434.74999940702 454.000000116461 442.000000058619 465.749999513266 481.749999955453 483.499999910351 517.249999052731 568.999999485531 588.250000015228 565.000000520958 557.499999845822 569.749999767302 576.000000187308 552.250000518247 515.750000616164 463.250001064943 399.50000073555 361.500000546909 334.750000404539 309.750000341823 283.500000491179 252.500000526977 224.750000447215 208.250000049978 -9999 -9999 -9999 -9999 -9999
