socal_rasters/bio18_SPHAsouth_aggfac2.asc
NCOLS 210 
NROWS 130 
XLLCORNER -119.45 
YLLCORNER 32.483333333 
CELLSIZE 0.0166666666666667 
NODATA_value -9999 
[rows 0 to 29 of 130, columns 0 to 67 of 210]
-9999.000000000000000 -9999 -9999 -9999 -9999 -9999 -9999 -9999 -9999 -9999 -9999 -9999 -9999 -9999 -9999 -9999 -9999 -9999 -9999 -9999 -9999 -9999 -9999 -9999 -9999 -9999 -9999 -9999 -9999 -9999 -9999 -9999 -9999 -9999 -9999 -9999 -9999 -9999 -9999 -9999 -9999 -9999 -9999 -9999 -9999 -9999 -9999 -9999 -9999 7.50000000945121 -9999 -9999 -9999 -9999 -9999 -9999 -9999 -9999 -9999 -9999 -9999 -9999 -9999 -9999 -9999 -9999 -9999 -9999
-9999 -9999 -9999 -9999 -9999 -9999 -9999 -9999 -9999 -9999 -9999 -9999 -9999 -9999 -9999 -9999 -9999 -9999 -9999 -9999 -9999 -9999 -9999 -9999 -9999 -9999 -9999 -9999 -9999 -9999 -9999 -9999 -9999 -9999 -9999 -9999 -9999 -9999 -9999 -9999 -9999 -9999 -9999 -9999 -9999 -9999 6.00000001775561 5.9999999818624 7 7.49999999054879 9 8.50000000983235 -9999 -9999 -9999 -9999 -9999 -9999 -9999 -9999 -9999 -9999 -9999 -9999 -9999 -9999 -9999 -9999
-9999 -9999 -9999 -9999 -9999 -9999 -9999 -9999 -9999 -9999 -9999 -9999 -9999 -9999 -9999 -9999 -9999 -9999 -9999 -9999 -9999 -9999 -9999 -9999 -9999 -9999 -9999 -9999 -9999 -9999 -9999 -9999 -9999 -9999 -9999 -9999 -9999 -9999 -9999 -9999 -9999 -9999 -9999 6 7 7 5.50000000887823 5.9999999818624 7.49999999073978 7.99999999999915 8.49999999035779 7.50000000983235 6.50000001002334 5.99999997957048 7 -9999 -9999 -9999 -9999 -9999 -9999 -9999 -9999 -9999 -9999 -9999 -9999 -9999
-9999 -9999 -9999 -9999 -9999 -9999 -9999 -9999 -9999 -9999 -9999 -9999 -9999 -9999 -9999 -9999 -9999 -9999 -9999 -9999 -9999 -9999 -9999 -9999 -9999 -9999 -9999 -9999 -9999 -9999 -9999 -9999 -9999 -9999 -9999 -9999 -9999 -9999 -9999 5 4.74999999613344 5.99999998415092 7 7 5.49999999150205 5.50000000868638 5 5 6.49999999073978 7.99999999999915 8.49999999035779 9 7.50000001002419 7 7.99999997918849 9 8.49999998921183 -9999 -9999 -9999 -9999 -9999 -9999 -9999 -9999 -9999 -9999 -9999
-9999 -9999 -9999 -9999 -9999 -9999 -9999 -9999 -9999 -9999 -9999 -9999 -9999 -9999 -9999 -9999 -9999 -9999 -9999 -9999 -9999 -9999 -9999 -9999 -9999 -9999 -9999 -9999 -9999 -9999 -9999 -9999 -9999 -9999 -9999 5 5 5 5 4.5000000075417 4.49999999226731 5.99999998415092 7 7 5.50000000849795 5.99999999999915 5.99999999999915 5.50000000906837 -9999 6.00000000000085 7.49999999035865 9 7.50000001002419 7 9 9 9 9 8.50000001117016 -9999 -9999 -9999 -9999 -9999 -9999 -9999 -9999 -9999
-9999 -9999 -9999 -9999 -9999 -9999 -9999 -9999 -9999 -9999 -9999 -9999 -9999 -9999 -9999 -9999 -9999 -9999 -9999 -9999 -9999 -9999 -9999 -9999 -9999 -9999 -9999 -9999 -9999 -9999 -9999 -9999 -9999 5.49999999360469 5 5 4 4.49999999999957 4.49999999999957 4 4.24999999613344 5.49999999207503 7 7 7 7 6.50000000887738 5.50000000906837 5 -9999 6.49999999035779 7 7 7 9 7.50000001059632 7 7.49999998902084 9 9 9 8.49999998825771 -9999 -9999 -9999 -9999 -9999 -9999
-9999 -9999 -9999 -9999 -9999 -9999 -9999 -9999 -9999 -9999 -9999 -9999 -9999 -9999 -9999 -9999 -9999 -9999 -9999 -9999 -9999 -9999 -9999 -9999 -9999 -9999 -9999 -9999 -9999 -9999 3.49999998253173 5 5 5 7 5 4.49999999999957 4.25000000357964 4 4 4 4.24999999603794 5.49999999188489 6.00000000000085 7 7 6.00000001775561 5 5 -9999 5 5 -9999 7 7 7 8.49999998921098 9 9 9 7.50000001155129 8.49999998825771 9 9 -9999 -9999 -9999 -9999
-9999 -9999 -9999 -9999 -9999 -9999 -9999 -9999 -9999 -9999 -9999 -9999 -9999 -9999 -9999 -9999 -9999 -9999 -9999 -9999 -9999 -9999 -9999 -9999 -9999 -9999 -9999 -9999 2.75000000816307 2 3.74999998544332 5 4.25000000930648 5 5.99999998682654 5.50000000677815 5 5 4.25000000367557 4 4 4 4.49999999188447 5.99999998338694 7 7 6.50000000887823 5 4.74999999536989 5 -9999 -9999 7 7 7 7.49999998940368 9 9 9 8.50000001136115 7.49999998844956 9 9 9 9 9 -9999 -9999
-9999 -9999 -9999 -9999 -9999 -9999 -9999 -9999 -9999 -9999 -9999 -9999 -9999 -9999 -9999 -9999 -9999 -9999 -9999 -9999 -9999 -9999 -9999 -9999 3 2.50000000486949 2 2 2 2 3.74999998544332 5 4.25000000930648 5 5 5 5 5 4.50000000735071 4 4 4 4.49999999188447 5 6.00000000000085 6.00000000000085 7 6.0000000181376 4.50000000925979 4 4.49999999035822 7 7 7 7 7.49999998940368 9 9 9 7.500000011362 7.99999997689827 9 9 9 7.99999997537032 9 9 9
-9999 -9999 -9999 -9999 -9999 -9999 -9999 -9999 -9999 -9999 -9999 -9999 -9999 -9999 -9999 -9999 -9999 -9999 -9999 -9999 -9999 5 3 3 3 3.50000000486992 2.75000000253046 2 2 2 2 4.24999999097874 5 5 5 5 4.75000000348415 4.74999999641993 4.25000000367514 4 4 -9999 4.24999999594202 5 5 5.99999998262638 7 7 4.75000000463011 4 4.2499999951789 6.4999999901668 7 7 7 7 7 8.49999998901998 7.50000001117016 7 9 9 9 9 9 9 9 9
-9999 -9999 -9999 -9999 -9999 -9999 -9999 -9999 -9999 -9999 -9999 -9999 -9999 -9999 -9999 -9999 -9999 -9999 -9999 3 3.99999999217266 4.50000000410509 3 2 3 5 3.50000000506006 2.49999999999957 2 2 2 2.74999999098002 5 5 5 5 4.50000000696872 4.24999999642036 4.49999999999957 4.25000000377064 3.00000001546539 -9999 -9999 4.24999999584695 5 7 6.00000000000085 4.50000000000043 5 4 4 5.99999998033445 7 6.50000001021519 7 7 7 7 7 7 9 8.00000000000085 8.49999998806757 9 9 9 9 9
-9999 -9999 -9999 -9999 -9999 -9999 -9999 -9999 -9999 -9999 -9999 -9999 -9999 -9999 -9999 3 3 3 3 3 3 3 2.75000000214762 2.24999999775689 3.49999999532193 5 5 4.00000001050296 2 2 2 2 3.49999998138577 5 5 5 4 3.49999999283986 5 5 4 2.99999998415092 4.24999999594245 5 5.4999999915029 6.00000001737362 4.50000000887781 4 4 4 4 5.99999998033445 7 6.50000001021519 7 7 7 7 7 7.49999998863885 8.00000002310173 7 7 9 9 9 9 9
-9999 -9999 -9999 -9999 -9999 -9999 -9999 -9999 -9999 -9999 -9999 -9999 2.24999999880608 2.74999999871058 3 3 3 3 3 3 3 2.25000000205254 2.49999999570434 3.49999999551292 4.49999999532108 5 5 3.25000000787786 2 2 2 2 3.49999998138577 5 5 4.75000000338908 2.50000000696915 3.74999998925979 5 4.75000000377106 3.00000001546539 2.99999998415092 4.49999999188447 5 6.49999999150205 5.50000000868724 4 4 4 4 4 4.74999999508383 6.00000000000085 7 7 7 7 7 7 7.49999998863885 7.50000001155129 7 7 7 8.00000000000085 9 9 8.50000001288825
-9999 -9999 -9999 -9999 -9999 -9999 -9999 -9999 -9999 2 2.50000000000043 2.50000000000043 3 3 3 3 3 3 3 3 2.25000000195662 2 2.49999999570434 4.49999999551292 5 4.50000000486907 2.75000000253003 2.25000000262553 2 2 2 2 3.49999998138577 5 5 4.75000000338908 2.50000000696915 3.74999998925979 4.49999999999957 2.99999999999915 3.00000000000085 4.24999999603794 5 5 7 5.50000000868724 4 4 4 4.24999999527482 5.00000000964263 4 4 4.24999999489241 5.49999999999872 7 7 7 7 7 7 7 7 7 8.00000000000085 9 7.49999998730274 9
-9999 -9999 -9999 -9999 -9999 -9999 -9999 -9999 2 2.24999999909257 3 3 3 3 3 3 3 3 2.50000000000043 2.25000000186155 2 2 2 2.74999999775689 3 2.75000000243496 2 2 2 2 2 2 2.74999999069352 5 5 5 3.00000001393744 2 2 2.99999999999915 4 4.50000000000043 4.50000000000043 4.50000000000043 4.50000000000043 4.50000000000043 4 4 4 5.74999997637325 7 4 4 4 4 5.49999996820975 7 7 4.75000001675524 6.49999998863885 7 7 7 7.9999999757523 9 9 8.00000002539366 7
-9999 -9999 -9999 3 2 -9999 -9999 2 2 2.49999999818556 3 3 3 3 3 2.49999999999957 2 2 2 2 2 2 2 2.24999999775646 2.25000000233904 2 2 2 2 2 2 2 2 2.49999999360384 3.49999999341284 4 3.00000000000085 3.49999999284071 4 4 4 4 4 4 4 4 4 4 4 4 5.24999999517804 4 4 4 4 4 6.24999998381647 7 7 7 7 6.75000000587072 6.24999998210008 7.9999999757523 9 9 9 8.50000001288825
3 3 3 3 2.7500000004291 2 -9999 2 2 3 3 2.75000000109843 2 3 3 2 2 2 2 2 2 2 2 2 2 2 2 2 2 2 2 2 2.99999999999915 4.49999999999957 4 4.24999999661092 4.75000000348415 4 4.74999999632443 5 5 5 4.25000000405755 4 4 4 4 4 4 4 4 4 4 4 4 4 4 5.24999997255124 7 7 7 5.00000002348372 4.74999998210136 7 8.49999998768558 9 9 9
-9999 3 3 3 3 3 2.75000000062052 2 2 2 2.49999999999957 2 2.49999999761258 3 3 2.5000000029587 2 2 2 2 2 2 2 2 2 2 2 2 2 2.49999999436696 3.00000000000085 4 5 5 5 5 5 5 5 5 5 4.49999999999957 5 4.75000000415348 4 4.74999999565681 5.49999999112262 5.50000000000128 5.74999999537117 6.00000000000085 4.75000001446331 4 4 4 4 4 4 5.24999997255124 7 7 7 7 7 7 7.49999998768473 8.49999998749374 9 9
-9999 -9999 -9999 3 3 3 3 2 2 2 2 2.24999999890157 3 3 3 2.5000000029587 2 2 2 2 2 2 2 2 2.49999999999957 2.74999999756504 2.75000000253003 2 2 5 4.75000000291159 4 4.24999999689784 5 4.75000000329358 4.74999999661135 5 5 5 5 5 4.25000000396206 4 4.24999999584695 4.50000000000043 5 5.49999999112262 7 7 7 6.50000000964135 4.75000001474852 4 4 4 4 4 5.49999996706123 7 7 7 7.49999998825857 7.50000001193328 7 7.50000001231442 7 7.4999999873036 9
-9999 -9999 -9999 2.7500000003336 2.49999999999957 2.74999999947498 3 2 2 2 2.2499999989975 3 3 3 2.75000000138449 2 2 2 2 2 2 2 2.24999999785238 3 3 2.75000000243453 2.25000000253003 2 2 2 2 2 2 2.99999999999915 2.99999999999915 2.99999999999915 4.49999999999957 4.49999999999957 5 5 5 5 4.50000000811553 4 4 5 5 7 7 7 7 7 6.50000001002419 5.00000001021562 4 4 4 4 4.99999998882856 5.74999999431815 7 7 7 7.49999998787573 9 7 7 7.99999997422435
-9999 -9999 -9999 -9999 -9999 -9999 3 2.5000000014316 2 2 2.74999999899707 2.75000000109843 2.7499999988065 2.75000000128942 2.25000000138492 2 2 2 2 2 2 2 3 2.50000000000043 2.25000000233946 2 2 2 2 2 2 2 2 2 2 2 2 3.49999999283986 4 4.4999999924583 5 5 5 4 4.49999999150248 5 5 7 6.00000001851959 4.50000000000043 4.50000000000043 5.74999999508468 7 7 5 4.25000000529816 4 4 4 4 6.74999999422478 7 7 7 7 7 7 9
-9999 -9999 -9999 -9999 -9999 -9999 -9999 2.5000000014316 2 2 3 2.250000001098 2 2 2 2 2 2 2 2 2 2.24999999794746 2 2 2 2 2 2 2 2 2 2 2 2 2 2 3.00000000000085 4 4 4 4.49999999999957 4.49999999999957 4.25000000405755 4 4 4.24999999565638 5 5.49999999093077 7 4.25000000472561 4 4 4.2499999949879 4.49999999999957 4.25000000520266 4 4 4 4 4 5.74999998267391 7 7 7 7 7 7 9
-9999 -9999 -9999 -9999 -9999 -9999 -9999 -9999 -9999 -9999 2 2 2 2 2 2 2 2 2 2 2 2 2 2 2 2 2 2 2 2 2 2 2 2 2.49999999341284 4 4 4 4 3.49999999245873 4 4 4 4 4 4 4 4.24999999546581 6.00000000000085 4 4 4 4 4 4 4 4 4 4 4 6 6.74999999412928 7 7 7 7 7 7
-9999 -9999 -9999 -9999 -9999 -9999 -9999 -9999 -9999 -9999 -9999 2 2 2 2 2 2 2 2 2 2 2 2 2 2 2 2 2 2 2 2 2 2 2 2.99999999999915 3.49999999322185 4 4 4 3.00000000000085 4 4 4 4 4 4 4 4 4 4 4 4 4 4 4 4 4 4 4 4 4.99999997689827 6 6.49999999999957 6.49999999999957 6.74999999384237 7 7 7
-9999 -9999 -9999 -9999 -9999 -9999 -9999 -9999 -9999 -9999 -9999 2 2 2 2 2 2 2 2 2 2 2 2 2 2 2 2 2 2 2 2 2 2 2.49999999360384 3.49999999341284 4 4 -9999 4 4 4 4 4 4 4 4 4 4 3.00000000000085 2.50000000945121 3.49999999035779 4 4 4 4 4 4 4 4 4 4 5.49999998825857 6 6 6.24999999384279 7 7 7
-9999 -9999 -9999 -9999 -9999 -9999 -9999 -9999 -9999 -9999 -9999 2 2 2 2 2 2 2 2 2 2 2 2 2 2 2 2 2 2 2 2 2 2.49999999379568 4 4 4 4.24999999651543 4 4 4.24999999622936 4.50000000000043 4.74999999603794 4.50000000811553 4 4 4.24999999565638 4 2.50000000906837 2 2 4 4 4 4 4 4 4 4 4 4 4 4 4.49999998806672 6 6 6.74999999374687 7 7
-9999 -9999 -9999 -9999 -9999 -9999 -9999 -9999 -9999 -9999 -9999 -9999 2 2 2 2 2 2 2 2 2 2 2 2 2 2 2 2 2 2 2 2 2 4 4 4 4 4.24999999641993 5 5 5 4.75000000396248 4 4 3.00000000000085 4 2.50000000887823 2 2 2 4 4 4 4 4 4 4 4 4 4 4 4 4 4 5.00000000000085 5.00000000000085 6.50000000000043 7
-9999 -9999 -9999 -9999 -9999 -9999 -9999 -9999 -9999 -9999 -9999 -9999 2 2 2 2 2 2 2 2 2 2 2 2 2 2 2 2 2 2 2 2 2 2.49999999360384 2.99999999999915 4 4 4 4.24999999632443 4 4 4 4 4 3.00000001699505 4 3.50000000887823 2 2 2 4 4 4 4 4 4 4 4 4 4 4 4 4 4 4 4 4 4.49999998711175
-9999 -9999 -9999 -9999 -9999 -9999 -9999 -9999 -9999 -9999 -9999 -9999 -9999 2 2 2 2 2 2 2 2 2 2 2 2 2 2 2 2 2 2 2 2 2 2 2.4999999932227 3.00000000000085 4 4 4 3.00000001546539 2.49999999207589 4 4 3.00000001699505 3.49999999131362 4 3.0000000181376 2 2.49999999054879 4 4 4 4 4 4 4 4 4 4 4 4 4 4 4 4 4 4
-9999 -9999 -9999 -9999 -9999 -9999 -9999 -9999 -9999 -9999 -9999 -9999 -9999 -9999 2 2 2 2 2 2 2 2 2 2 2 2 2 2 2 2 2.49999999417767 3.50000000601332 2.50000000620432 2 2 2 2 2 2.99999999999915 2.99999999999915 2.50000000773227 2 4 4 3.00000001699505 2.99999998262638 4 4 3.00000000000085 4 4 4 4 4 4 4 4 4 4 4 4 4 4 4 4 4 4 4
