socal_rasters/bio11_SPHAsouth_aggfac2.asc
NCOLS 210 
NROWS 130 
XLLCORNER -119.45 
YLLCORNER 32.483333333 
CELLSIZE 0.0166666666666667 
NODATA_value -9999 
[rows 0 to 25 of 130, columns 0 to 59 of 210]
-9999.000000000000000 -9999 -9999 -9999 -9999 -9999 -9999 -9999 -9999 -9999 -9999 -9999 -9999 -9999 -9999 -9999 -9999 -9999 -9999 -9999 -9999 -9999 -9999 -9999 -9999 -9999 -9999 -9999 -9999 -9999 -9999 -9999 -9999 -9999 -9999 -9999 -9999 -9999 -9999 -9999 -9999 -9999 -9999 -9999 -9999 -9999 -9999 -9999 -9999 79.5333366111378 -9999 -9999 -9999 -9999 -9999 -9999 -9999 -9999 -9999 -9999
-9999 -9999 -9999 -9999 -9999 -9999 -9999 -9999 -9999 -9999 -9999 -9999 -9999 -9999 -9999 -9999 -9999 -9999 -9999 -9999 -9999 -9999 -9999 -9999 -9999 -9999 -9999 -9999 -9999 -9999 -9999 -9999 -9999 -9999 -9999 -9999 -9999 -9999 -9999 -9999 -9999 -9999 -9999 -9999 -9999 -9999 81.2333335301528 88.5880947584177 85.8547648671449 81.1523819350492 74.642854708092 71.7785740237235 -9999 -9999 -9999 -9999 -9999 -9999 -9999 -9999
-9999 -9999 -9999 -9999 -9999 -9999 -9999 -9999 -9999 -9999 -9999 -9999 -9999 -9999 -9999 -9999 -9999 -9999 -9999 -9999 -9999 -9999 -9999 -9999 -9999 -9999 -9999 -9999 -9999 -9999 -9999 -9999 -9999 -9999 -9999 -9999 -9999 -9999 -9999 -9999 -9999 -9999 -9999 84.9119033652507 78.4333363172557 74.9690437125361 89.8904761370122 94.5785713696307 79.6523800596492 75.0619068080103 74.6666660471417 74.0095252559075 83.0309543342826 89.9452419283428 87.0952377164722 -9999 -9999 -9999 -9999 -9999
-9999 -9999 -9999 -9999 -9999 -9999 -9999 -9999 -9999 -9999 -9999 -9999 -9999 -9999 -9999 -9999 -9999 -9999 -9999 -9999 -9999 -9999 -9999 -9999 -9999 -9999 -9999 -9999 -9999 -9999 -9999 -9999 -9999 -9999 -9999 -9999 -9999 -9999 -9999 83.2761878340945 96.6095199683658 80.4523793121974 71.0690517706521 72.1976184267053 77.7690487306531 79.3595237791923 88.2738074492415 98.9928550832074 88.7380943786058 77.785717021304 79.0285721184262 70.6404762452099 73.5166662790382 88.8214321824767 77.202383085435 73.664287563753 76.6976203942564 -9999 -9999 -9999
-9999 -9999 -9999 -9999 -9999 -9999 -9999 -9999 -9999 -9999 -9999 -9999 -9999 -9999 -9999 -9999 -9999 -9999 -9999 -9999 -9999 -9999 -9999 -9999 -9999 -9999 -9999 -9999 -9999 -9999 -9999 -9999 -9999 -9999 -9999 81.7380981343969 82.3809509907819 69.4357127860624 81.5547637592561 89.6571464213167 100.419046436294 84.5738068129977 69.7928562735131 71.7642840864039 79.1571426369735 83.3857135688311 81.8904743301963 89.6785697356215 -9999 97.8238125283024 89.4857158983179 79.8190479759877 81.7238120567752 94.116664889538 81.8857098133139 78.857141470223 83.1571407078673 86.3619041075815 87.0738067498735 -9999
-9999 -9999 -9999 -9999 -9999 -9999 -9999 -9999 -9999 -9999 -9999 -9999 -9999 -9999 -9999 -9999 -9999 -9999 -9999 -9999 -9999 -9999 -9999 -9999 -9999 -9999 -9999 -9999 -9999 -9999 -9999 -9999 -9999 62.1000003968786 65.1166677416899 70.8761920198851 89.1952380648207 89.4238090858144 90.5380954244705 91.1785717075522 101.840478896025 90.9738064302455 79.9047584772582 81.1000002978524 87.6904716621982 82.9119034044707 87.6547584567108 88.5809517031129 95.3333339319005 -9999 98.7880935947642 95.9357146991609 98.4119052561906 95.5571403778753 93.0333309124061 93.5880985062721 97.5428600359589 95.9571438062589 89.4619064982103 80.4357128569061
-9999 -9999 -9999 -9999 -9999 -9999 -9999 -9999 -9999 -9999 -9999 -9999 -9999 -9999 -9999 -9999 -9999 -9999 -9999 -9999 -9999 -9999 -9999 -9999 -9999 -9999 -9999 -9999 -9999 -9999 83.0476151569661 66.2523794079694 70.4642848952229 66.4904757041206 51.1142855142196 62.8285683868434 76.0928554231314 84.226192433084 92.9880943269322 93.5095214205972 101.814287153046 106.504760762186 98.7976188670076 99.5142860295486 92.2095242266896 83.8690452558706 89.8690433198236 96.4809513035889 98.9261894220329 -9999 102.188095108062 103.021430963479 -9999 96.1999969492153 96.0642852910543 98.4547634050567 91.9547634538333 85.8119030450001 76.7309551725763 73.6190491212816
-9999 -9999 -9999 -9999 -9999 -9999 -9999 -9999 -9999 -9999 -9999 -9999 -9999 -9999 -9999 -9999 -9999 -9999 -9999 -9999 -9999 -9999 -9999 -9999 -9999 -9999 -9999 -9999 58.1904763527585 82.2309512333165 79.6523800719697 63.6547612821154 78.2928581025946 73.8619060981133 55.9476185555105 54.1309528180097 60.5500001601712 67.7071418620701 78.0142860029625 81.9904746395177 93.1238078593849 106.797616927261 103.040475805184 96.8904743916848 92.411905311722 89.7690448823466 92.104763013505 98.4928569380424 103.621427522827 103.242856971811 -9999 -9999 98.9595222613954 98.9523792019754 100.511907560222 98.6428547660412 90.1666679758385 82.4404754813831 80.5761871190035 79.9476203126417
-9999 -9999 -9999 -9999 -9999 -9999 -9999 -9999 -9999 -9999 -9999 -9999 -9999 -9999 -9999 -9999 -9999 -9999 -9999 -9999 -9999 -9999 -9999 -9999 48.6666669662911 56.030951474734 61.9547605527815 68.7261905309366 84.9928569283924 96.5214252655655 84.53571514099 71.773811363723 77.9023856560317 79.8428573859335 65.6833325187312 62.1880950505886 72.1190471343168 72.9642849065654 78.4428576867923 90.8642882941987 99.3904723515746 109.95952605239 101.214286811314 98.3619041292541 97.2833328351865 99.0452404020958 98.1904716720827 98.0047645135286 104.502382246034 107.938093175793 109.564287201417 102.992856970613 104.08094979201 102.188091302057 103.785711247621 99.2666645478965 95.5000000180814 92.4380950816877 87.8119030300364 92.316665559438
-9999 -9999 -9999 -9999 -9999 -9999 -9999 -9999 -9999 -9999 -9999 -9999 -9999 -9999 -9999 -9999 -9999 -9999 -9999 -9999 -9999 27.6952380854129 40.2404756331437 51.9904756334526 46.4595232258319 47.7499971376528 50.71904753029 59.2785730060602 71.9285716717119 85.9166659643798 101.73095514589 90.2666664217465 89.5095214918807 85.2619037886439 75.9642868608777 63.9666671202314 81.559522562781 84.4595261009139 86.8523845231603 96.6000022470174 102.190477389115 -9999 107.152381909187 102.811901136396 102.726194340078 102.783332858337 95.8261947702443 97.5523814821659 102.297620743905 109.228570907057 110.833333991247 108.050001154007 104.221426022399 101.733331679812 106.430953987173 101.740476641531 101.826190942888 99.1571426622696 98.0833339524683 100.647615447889
-9999 -9999 -9999 -9999 -9999 -9999 -9999 -9999 -9999 -9999 -9999 -9999 -9999 -9999 -9999 -9999 -9999 -9999 -9999 71.4142875562848 61.6428566371452 46.197619424854 55.9833326017919 70.2500018796774 61.5166673997747 46.392856630803 51.0095262309626 56.0690488625012 69.240472748563 87.08095163187 104.72381211375 90.3261909384899 91.1761894367259 81.821426439024 67.2619038182102 64.4690474776722 84.9690474767978 89.0499992874154 90.2571410972526 96.8476180459306 107.171426752233 -9999 -9999 109.559524552628 107.054761903309 101.399995828074 102.102382638732 104.459526057908 103.926189421063 107.930952038074 111.909523032016 107.916666051345 104.454763425697 106.671428648218 108.166667970143 104.066665685241 104.047620776603 102.523809416775 102.650001513909 103.495241183447
-9999 -9999 -9999 -9999 -9999 -9999 -9999 -9999 -9999 -9999 -9999 -9999 -9999 -9999 -9999 113.221427927273 107.466663371937 99.0214309794067 89.7357120634872 86.2857132163318 78.2976208010694 77.6809577692535 80.0309524675086 87.0571422478232 72.5238075852116 60.5214281295783 48.9714279521343 53.4166659927515 75.1499957149653 99.5285682187842 108.111902228645 113.907144552954 101.845239694383 81.761905694105 79.7666664550148 77.5309524162746 89.4261912918971 99.5881004392487 87.3095226912313 83.2642859970501 99.2880934904871 113.378570498793 106.333330219422 103.023809435513 100.145240805256 100.478569009045 104.061902988972 107.530956255485 109.204763408596 110.669044466863 113.466667186496 109.411905303258 107.983331685693 110.578575123917 108.8166675693 106.042854328359 107.290475851708 106.297620786439 102.652380015899 99.3976192741074
-9999 -9999 -9999 -9999 -9999 -9999 -9999 -9999 -9999 -9999 -9999 -9999 119.704763414567 116.26428413729 113.445241929436 111.285711291243 108.307142264304 105.88571548834 103.383331303889 101.71904946054 98.726194379829 102.607139563141 100.583333996712 87.2666683581669 75.3880939621199 64.4452390945175 57.4285698119188 67.5857142999951 77.9666652027958 95.9047679548606 109.940475430952 120.447622304462 100.595241654649 94.7261886168136 92.0714264052739 96.0214290488141 98.5428523492992 104.752380406825 94.2523784822964 98.642858464378 105.307138406648 116.116666782011 110.388095868271 108.621429464125 105.12857248924 103.547620766695 107.211904522331 109.89285277055 110.035713179971 113.776187883047 114.228570947476 112.997617719918 112.48571396819 111.902383806704 109.530954355957 108.811906809175 107.514289876611 104.730951316891 102.514286057218 99.5642814992756
-9999 -9999 -9999 -9999 -9999 -9999 -9999 -9999 -9999 121.147617343578 118.638095854376 120.173809056691 117.130952841164 110.171428686782 107.385713583942 103.807142261843 101.659524915334 99.9809513184909 97.3452377393457 96.7095222428063 103.200000751492 111.054759956515 107.066669489642 94.2690468118442 78.8047600055437 79.5571403310105 82.8690490893579 89.0761928028751 92.3642883037284 108.20237918964 118.428567863119 122.302379630519 108.516664540549 104.233337342043 103.233335520592 101.630950892908 108.971424043716 109.771429108532 109.33095165816 111.966661445063 116.061906800437 114.478567149562 108.447618498719 107.461904531297 102.247615810566 104.359519928754 110.70952221324 113.749996166864 114.538093571746 114.750001917474 112.178573608168 113.007143018428 113.092855451152 112.895238879359 111.880954748576 110.609525693763 109.345239633992 108.590478902637 108.150005342119 104.9833374222
-9999 -9999 -9999 -9999 -9999 -9999 -9999 -9999 124.064285276163 120.345237734827 119.426189430964 109.059524546772 100.109521870147 98.2666664138805 95.9380970168185 90.7642860449614 93.378572456531 94.9166660287628 98.3619041392012 106.345243435414 112.088094702561 113.783332805923 114.666664150657 108.361904150567 99.2880916687889 99.8190460235186 105.430950138888 107.933332439233 114.992856956172 120.733333572515 124.609521858025 125.333332065891 121.159521112328 115.026191732896 110.326189041981 109.09761620739 113.507141066188 120.152383815843 121.021430965352 121.526191710959 120.140476233028 118.778570173924 118.726184847868 117.597616204894 114.628572479363 115.761903760416 115.78333472491 115.14761925858 112.552381529261 110.259521492882 107.919046401519 108.619045248767 110.961902613349 111.576190942066 111.745239265691 109.352378853692 107.333332068037 105.571430210378 106.954765307644 106.723810200468
-9999 -9999 -9999 111.938097002007 113.016666408705 -9999 -9999 121.457141878102 125.521425249303 122.047613150572 112.523807536253 110.354763029639 109.571426390263 111.952383039468 107.502380374194 107.590475080004 112.004762643507 111.835716236059 114.990474699987 114.299999228375 117.735715859846 117.02856826622 120.649999607628 116.897621179422 114.09999847047 115.05952261267 116.423812860816 121.207139957846 124.245237346033 125.819047922706 126.811904908364 126.399999620134 125.921426774283 125.176191334768 124.154764176953 123.650001524234 123.730953217847 123.259523393803 122.004764564585 119.623807917302 117.407142651567 114.473806390769 111.76904296407 115.219045625351 112.202379234653 112.62856863233 112.364282607143 112.273807529477 110.49285698488 109.000001914909 104.202379252534 104.304765681535 108.316665637624 110.238096227843 111.447620391152 109.926193253503 107.235717791471 102.93095018001 101.904762256257 101.054759963502
115.338096619275 104.57857322836 114.142858504138 111.561902999249 112.90476417041 119.909523007685 -9999 122.073812489028 125.859527587326 119.485715869614 116.833330157531 117.064283363597 119.116662976362 116.497617733454 111.078569409791 115.642856596406 117.807146067392 117.34999846755 117.635711679794 118.883335115988 120.942857740072 120.423809035095 123.159521108735 124.295236595556 124.059524524033 126.145238874973 126.304761884523 127.071420669355 127.690479277579 127.7095203412 127.10238075553 125.859523776602 124.588098532118 121.319047941686 120.859523769274 119.335716265538 111.835714368454 115.292858134726 106.490478533902 104.476188686536 98.5904789415822 91.5952358304771 94.7571411018471 102.864282564012 108.497621562437 105.376186354636 101.611906080005 105.621427551256 98.4666672043976 98.1285705536736 98.6690521024931 103.902378072491 106.409522998799 109.642852776491 109.654760357993 109.007143019975 107.714288719562 105.442857752663 102.126192132739 95.395240830116
-9999 119.578567504762 119.64523887962 114.638093950828 107.583333969889 105.140480044056 109.211908331264 120.299995413469 126.261905673568 122.114284505723 120.430948263053 122.442855832431 120.723814019123 113.966663365284 110.052381523177 112.857141479225 120.650003423224 121.761905666444 121.461904533964 122.016670217106 123.992858880998 122.954763400886 126.671428683653 128.459522244773 129.049999235613 128.580955507504 128.454761506018 128.114288331378 127.107145313516 125.173807151004 123.611900332111 120.164289466209 114.549999276561 107.097620035742 104.590476983532 104.873811747781 100.73571587402 101.888095854519 96.9428596686314 92.0595226546082 91.0428600138245 93.9142856665853 90.0261898297795 88.8238105463022 95.754764557002 93.9404754894741 87.3214283147199 88.4523810935225 89.0523757973313 85.7000007640157 86.5595206841061 92.9023837911623 102.380948991937 106.492855053585 105.240474721788 104.902381886223 104.547622679122 101.68809321486 89.6857167190288 79.1499996430357
-9999 -9999 -9999 122.883333208315 119.776189805269 112.859523777847 106.709522242856 110.616668691864 123.495237339408 129.047618870667 125.521429065205 123.714286805811 119.259523401762 112.116670619215 106.583332056609 112.516662583327 120.07380866157 123.211906433025 123.683332445372 124.830955495885 128.073804853202 129.507144925027 130.095241546344 129.011905676384 124.733333598921 117.692857759496 113.697616571828 118.192855838941 118.526191744314 112.9619045418 110.547622676116 112.82142447781 113.042854320606 108.12619020714 107.440475452731 107.742858897499 104.747621548203 101.892852793467 98.0714283153335 95.5119056717114 94.7404785066777 98.1142883149091 100.752382276509 100.580949786883 100.345233922454 99.1452369518254 96.8357105356156 90.8238067914534 87.3547649413056 80.1095257459751 76.0452384457017 87.9952372864136 92.1095219014553 96.823806722908 100.72380637766 98.6357135759093 102.176195126157 95.7380981968142 88.2880973280239 88.8238086581364
-9999 -9999 -9999 129.692859649879 128.838096621126 126.130950935839 118.84047698667 122.040477748454 125.090475077992 130.173812866047 122.519050606719 120.114284518812 118.885713573656 114.692855843643 113.340476984564 115.133333212321 119.55952262238 124.45237540292 128.273811334732 129.690475461776 130.495239257067 130.395236972004 123.883331325029 113.778572098859 106.342861183823 106.52857017332 110.988092413548 115.426189403278 118.619049078743 116.019048694177 116.464282995687 115.202384949391 115.247623442955 114.973810199609 114.759521477131 113.769044881297 111.883331304572 110.957143784936 109.269048698114 107.640480055477 103.226192495247 99.7857151131138 100.247619601004 105.114286395516 106.214288722879 103.816667569876 99.8952369808319 97.3095207465693 93.983333609383 92.526189826355 81.7928562648729 79.9190483261871 78.9452361850039 84.8833312498431 89.8333339432498 97.4714297544874 104.766668281993 107.316665648736 106.4666633573 106.530956274426
-9999 -9999 -9999 -9999 -9999 -9999 123.766666416936 123.366670607023 128.933334344169 131.623809818358 124.123807911786 121.592855446974 120.445238116689 118.954759592584 118.509521479996 120.992855066794 123.552381510012 127.235715856845 130.269046781647 131.076190947387 131.385715484955 127.154764201587 117.97618865934 117.09762000343 118.566663744114 118.442859643025 118.88095092648 119.961902621708 120.364284523493 120.066665648608 120.580955502487 120.740474701013 120.235710146317 119.002384192522 118.788095473396 119.588094711335 120.173810963607 119.126188285664 116.980955130061 115.435712827367 112.840473190771 109.057146078575 109.197618494274 110.990476589448 108.830951700748 108.845239652725 105.05952265157 94.7595196241398 93.2809562255393 99.0928554408433 98.6071414919472 99.0857162645048 94.2785683274367 93.5166663534458 97.8547592626372 98.5904788278598 108.761905651054 111.447618475504 111.569046021518 111.442852020479
-9999 -9999 -9999 -9999 -9999 -9999 -9999 125.940471641516 132.888092037545 130.459522255738 124.314283374927 125.011903758498 123.928569789041 124.057142257864 124.545234679557 126.166669842088 128.859521862321 131.090476986342 131.938095092202 131.890476230245 125.333333978432 121.550001141341 122.357143391096 124.228570935377 123.661905288742 123.55238151402 123.359523769748 123.257141111882 124.342857360737 124.459527969495 124.566669463003 123.852380756745 123.416667937731 123.095237732362 123.026189805678 123.216665265073 122.738098144863 121.023813256615 119.776191721087 117.41667175311 115.328565605341 114.626192099878 114.385713576885 115.142856593629 115.111907962344 113.771432887674 110.411905299985 105.278570215293 92.88809397328 99.8976153789597 105.592859272276 107.959520335986 105.716669078012 106.902378082326 107.359523763829 109.4785709314 111.554763776427 112.795234675157 113.771429069656 113.27619169671
-9999 -9999 -9999 -9999 -9999 -9999 -9999 -9999 -9999 -9999 133.940471649331 132.347621918519 131.488094330231 130.530952454263 130.047622681824 130.01667022574 131.111904142742 132.523811337754 133.08333587628 132.485713960974 129.78571892694 128.488096236185 128.290479661465 127.75476646528 127.309520722192 127.192855836236 127.383333205477 127.692855836886 127.866664888548 127.159523011997 127.090475081343 127.066663743039 126.597620012356 125.916666033107 124.642858511899 121.792858135108 118.069047936251 120.621427540068 120.421424852947 121.150003438076 119.830949788885 118.690475469301 117.778572084877 117.235717774268 116.728569034808 116.09523773061 115.478572850405 112.288097425251 100.521427190651 106.478574703797 112.264286023581 112.807142264946 112.72142982163 112.826190952133 113.054763794687 113.697618478693 115.378570548061 116.445240015471 116.471427921842 116.104761124955
-9999 -9999 -9999 -9999 -9999 -9999 -9999 -9999 -9999 -9999 -9999 134.502380371732 133.778572083941 132.771430970565 132.300003052154 132.497619627681 133.447612761522 133.73095321711 133.411907196432 133.31666946381 132.797626499518 131.233333590109 130.257141115122 128.216669090481 125.714282992485 125.671428675595 129.135715479053 129.509521488376 127.178571708019 124.514287953381 123.123809815284 123.550001143234 122.714286811407 122.86904525571 122.609523775326 123.707143782053 122.649999627125 117.514284155867 117.092859258354 120.364286426284 119.838094711082 119.071428302346 118.016666416488 115.14286042913 114.430948279662 111.785718922975 110.540475838528 108.057144185849 102.485712077758 111.133329321544 116.878572461373 116.747615813273 116.861906053068 116.397617339554 116.754762649983 116.580951690271 117.047616954714 117.721431730557 117.764287948449 117.676187515475
-9999 -9999 -9999 -9999 -9999 -9999 -9999 -9999 -9999 -9999 -9999 135.266677856738 135.014282226994 134.742855072095 134.552383422825 134.41666412338 134.271427154691 133.94286346496 133.792858123661 134.014286041118 133.716663362739 132.480953220227 129.447618493742 128.995235436917 130.249999998818 130.997623439498 131.459522249844 129.230953223229 129.100002286277 130.026195525559 129.428573610061 128.578573226268 128.488098144855 126.990474714815 122.961906444336 119.957145709574 117.554758078305 -9999 117.878570560947 116.792858123745 115.550003067261 113.100000397623 111.290472010469 111.452384961548 108.054760002437 105.259527229879 100.545240406323 104.076190901585 112.540475824565 116.445236187467 117.895238874047 118.195238112279 118.723810193345 118.911905287869 119.011903765641 118.585714340613 118.566667556454 118.726192474417 118.780952452762 118.830949784677
-9999 -9999 -9999 -9999 -9999 -9999 -9999 -9999 -9999 -9999 -9999 135.871421814111 135.504760742551 135.066669464455 134.816669463993 134.664291382329 134.409526825191 134.357147216829 134.519050597842 134.669048309131 134.523815156073 132.461898803947 133.192863461349 133.478572846421 133.028575898108 132.723815918804 132.378570558448 132.535713193326 130.730947512725 126.621429446119 125.866666792322 126.909523027893 124.092855468647 121.533336649334 120.678567891528 117.828569424561 113.950000771535 112.149999609223 112.380954750901 110.757144922087 108.392860425668 105.619045291455 101.083333953926 101.880949038975 101.969047532184 100.46190261841 103.33094783662 112.33809468263 118.028572072995 119.171430584978 118.795238491293 119.359521865517 119.671430585096 120.216669079772 120.478569031406 120.390476227312 120.085714341854 119.897623061245 119.914283753293 119.826192856322
