socal_rasters/bio12_SPHAsouth_aggfac2.asc
NCOLS 210 
NROWS 130 
XLLCORNER -119.45 
YLLCORNER 32.483333333 
CELLSIZE 0.0166666666666667 
NODATA_value -9999 
[rows 104 to 129 of 130, columns 120 to 179 of 210]
-9999 -9999 -9999 -9999 -9999 -9999 -9999 -9999 -9999 -9999 -9999 -9999 287.750000215038 266.750000038239 269.000000000002 278.749999780098 291.249999908786 296.499999973751 297.000000026446 300.749999906779 318.249999745156 331.249999932461 338.749999850358 343.249999958905 351.749999820664 338.500000500066 321.499999860148 318.750000042249 356.249999163555 346.000001084708 298.000000172408 342.249998423566 443.249999082826 477.749999809499 487.250000191757 465.00000017817 486.249999118539 544.249999563977 513.000001210538 409.500001674979 413.749997716939 534.99999941413 515.250000884299 458.250000671208 446.749999670205 524.499997914491 625.249999221158 617.500000511691 620.749999630032 625.500000097089 627.249999918613 612.500000654908 579.000000065862 612.249999055862 637.000000366504 578.500001105822 577.749999140656 603.250000220296 592.500000034079 528.500002536205
-9999 -9999 -9999 -9999 -9999 -9999 -9999 -9999 -9999 -9999 -9999 -9999 299.749999962053 275.000000305886 271.99999992296 277.749999961194 280.749999934846 287.999999921244 291.249999960334 294.999999893459 304.499999812215 320.749999797369 327.499999945582 334.749999794508 343.750000041382 315.750000736196 288.499999888106 303.249999450819 365.999999149378 357.250001013346 299.750000445384 325.999998495876 425.749999257519 432.750000249104 391.750000929203 351.500000029682 386.749999058749 429.249999684228 438.250000136165 385.750000959298 440.749998973398 492.249999984595 502.249999363968 500.750000952178 479.499999120552 551.499998862455 602.249999539047 609.249999984012 625.499999613946 640.999999902911 627.75000060225 591.500000294701 600.999999374212 638.749999552782 611.500001699225 503.2500005864 543.749998803635 586.499999694973 597.249999846628 575.000000959655
-9999 -9999 -9999 -9999 -9999 -9999 -9999 -9999 -9999 -9999 -9999 -9999 299.249999810259 293.250000165685 285.000000077043 282.749999987066 283.999999973939 289.499999947496 291.250000013223 290.500000000001 295.249999852458 311.249999716321 329.749999823145 330.500000219197 309.750000234525 296.750000263926 274.750000041959 309.499999352248 330.49999982989 324.750000528093 292.50000017241 299.999999623974 345.24999931578 371.749999868119 366.000000029486 398.749998886599 463.49999946213 468.25000013531 432.750001255909 401.749998462056 524.249998820154 571.749999583706 594.249999581125 583.25000110823 509.750000329789 554.499998704464 611.499999491363 626.249999952026 621.750000176944 608.000000258919 590.500000423218 574.749999819903 593.249999752982 604.499999834377 587.250001249442 474.250001424146 481.499998820506 552.749998966322 589.999999761424 582.750000359868
-9999 -9999 -9999 -9999 -9999 -9999 -9999 -9999 -9999 -9999 -9999 -9999 288.249999911451 280.500000127447 276.999999999999 277.249999987063 279.749999908784 284.999999973746 282.750000039664 279.74999998668 286.749999852454 305.499999621758 333.999999782335 317.000000767175 271.750000317279 275.749999874979 266.000000027969 285.999999887338 279.000000085057 289.999999828727 293.500000000006 302.999999739679 337.499999301216 386.749999369881 418.999999646013 444.749999539805 469.999999760955 473.750000105251 438.250000953285 451.249998492531 526.499999479032 560.499999383273 598.749999394964 602.750000920928 500.00000144481 507.749998657052 580.99999920525 622.99999942435 626.500000514743 563.750001407798 530.749999462848 575.999999246864 586.500000362304 567.250000182195 528.750001316051 453.250000452371 502.24999839926 578.499999254404 591.000000204491 582.000000102818
-9999 -9999 -9999 -9999 -9999 -9999 -9999 -9999 -9999 -9999 270.249999514114 300.499999849345 288.50000048068 263.749999987259 273.999999897276 276.750000012933 275.999999947876 281.249999986873 279.25000006611 266.000000159814 268.49999975857 297.24999955422 326.249999823151 313.500000520587 268.250000482817 253.50000005556 252.249999958042 260.499999887348 272.499999688104 320.499999086548 358.999999999986 353.999999999989 361.999999708832 395.499999413834 426.749999601755 464.499999317123 494.249999865536 463.750001037496 433.499999606576 487.999999055919 523.74999967823 537.749999861243 550.249999736282 544.000000718029 494.750000361195 508.749999383818 548.74999931653 586.249999600257 592.500000289554 566.750000501629 564.749999527949 603.999999345092 607.250000675195 532.000001523865 451.500001199465 450.999998525596 551.749998668844 588.749999847493 583.250000323781 570.500000102822
-9999 -9999 -9999 -9999 -9999 -9999 -9999 -9999 -9999 -9999 -9999 303.249999811685 288.000000581875 252.750000012743 272.99999979455 278.999999999999 280.249999986969 284.499999973748 280.000000105777 257.25000043948 256.249999637846 279.749999635261 297.750000068011 288.249999684907 330.249999599952 314.250000680655 286.500000027984 281.000000168987 271.249999900759 314.749999015185 364.749999727012 375.749999783056 396.999999621493 432.749999457807 459.499999734513 462.000000326587 425.000000537838 418.749999594015 468.999999061849 504.999999847732 511.499999846773 514.500000246684 501.999999968963 516.999999812687 525.499999874365 529.500000000003 547.749999539059 569.749999824112 577.749999983916 576.499999967638 589.999999739562 595.99999996725 566.500001185694 495.000000563166 480.50000053311 465.749999279564 527.49999912379 559.999999457733 580.000000068163 549.750000873958
-9999 -9999 -9999 -9999 -9999 -9999 -9999 -9999 -9999 -9999 -9999 272.000000100437 264.500000252997 240.25000016569 260.749999576266 275.249999987065 277.749999934847 284.999999921243 280.000000158666 256.750000439481 241.250000013416 237.999999864919 266.499999537462 301.249999493109 338.499999613741 342.000000361159 323.500000055941 313.750000521012 270.000000368602 278.999999514737 313.24999952589 342.249999580591 383.999999184751 436.499999413843 461.999999823009 421.250001439985 349.500000209177 380.249999052733 451.999999001322 486.000000000008 484.99999993872 476.25000050881 463.749999612168 495.499999500515 531.249999387526 557.749999826212 567.749999856953 567.750000143918 554.250000176954 553.000000097102 538.500000065128 555.749999819913 532.000000691663 526.999999569342 545.749999783423 549.499999999984 510.00000148281 497.999998508801 565.749999914798 519.000001473749
-9999 -9999 -9999 -9999 -9999 -9999 -9999 -9999 -9999 -9999 -9999 -9999 244.500000177092 -9999 250.999999589103 274.249999909454 281.249999882725 275.500000157509 265.500000185103 240.500000292982 229.500000026826 246.499999513697 290.749999442238 321.499999780806 322.750000234513 318.250000013888 321.999999832166 325.000000309796 280.250000581262 277.749999643189 303.49999971266 325.999999566122 367.749999374 382.49999988275 408.249999542742 374.000001365737 326.249999686247 385.749998752014 455.999999364475 464.250000228401 -9999 445.499999969172 439.750000077575 447.749999672204 468.999999528849 516.499999241631 543.249999888735 535.500000383759 496.000000643413 479.74999982199 515.24999900711 555.249999819913 558.000000032944 544.500000331273 556.999999400267 568.250000150785 509.000002123107 460.249998559615 542.499999693252 503.000001542288
-9999 -9999 -9999 -9999 -9999 -9999 -9999 -9999 -9999 -9999 -9999 -9999 -9999 -9999 244.499999640467 267.749999831846 269.250000195465 247.500000262527 243.499999894219 253.499999840177 260.249999959749 272.499999621755 297.749999741521 305.500000027401 303.999999972412 310.499999888875 321.249999706292 347.499999774692 333.500000453651 321.74999990008 326.000000086202 330.4999995372 369.749999694284 337.000000908556 347.999999056021 355.75000084616 337.999999312729 411.249999022654 438.500000090791 442.74999958887 472.499999662897 501.249999460361 510.500000310261 483.500000343385 465.750000141332 488.749999289041 522.999999745694 498.000001183289 433.500000193038 489.499998414192 566.749999267528 586.250000180099 561.750000345833 542.750000513472 513.750000183261 523.749999849217 462.000002291622 383.999999423867 474.999998466322 489.250000839695
-9999 -9999 -9999 -9999 -9999 -9999 -9999 -9999 -9999 -9999 -9999 -9999 243.500000075898 239.000000101963 239.749999833073 261.499999715428 267.500000052129 271.249999855622 285.249999775231 295.499999946731 290.750000120717 286.749999932455 297.249999850352 300.000000054796 301.999999834459 315.249999958328 307.250000069923 325.249999591624 340.750000014167 327.750000356805 295.750000445372 287.749999754125 308.749999781614 334.749999281952 404.49999887904 426.500000623505 389.749999865553 439.249999022664 474.249999984877 452.250000411134 461.999999448381 484.499999814975 502.499999627665 525.999999750256 514.500000565373 484.000000379183 455.000000603981 404.250000879441 421.999998423607 517.249998915835 551.99999980467 565.999999803521 553.000000658721 509.750000778473 468.000000399809 483.999999798939 414.750002274751 337.500000033887 407.749998006185 469.749999948586
-9999 -9999 -9999 -9999 -9999 -9999 -9999 -9999 -9999 -9999 -9999 -9999 268.749999987345 251.250000318626 233.250000089886 247.499999637822 274.49999968727 287.499999947497 286.000000000003 282.250000173133 274.000000080484 268.750000013512 285.249999578275 298 299.249999931026 295.250000236144 281.749999818182 312.249999535301 318.000000113416 302.00000048527 266.250000272977 276.249999667352 303.499999534129 350.999999150057 405.749999277274 434.999999821866 442.999999850594 450.24999977446 472.749999712505 474.000000213173 471.499999785475 476.500000030831 484.749999705237 517.749999297592 505.250001240676 428.000000979577 383.500000349697 377.74999963222 464.499998101877 526.999999838186 539.499999772125 551.999999672547 534.50000131745 432.000001490735 414.999999100421 471.999999765439 403.500002089406 332.2500001864 384.749998210688 437.750000394151
-9999 -9999 -9999 -9999 -9999 -9999 -9999 -9999 -9999 -9999 -9999 -9999 275.750000417432 232.750000293132 -9999 -9999 248.249999726354 271.999999842482 273.750000013219 264.500000239712 255.749999986584 260.999999891931 280.749999632689 292.999999999998 292.999999999998 282.250000375043 284.999999328668 325.249999985911 298.75000029771 295.500000057093 304.4999994828 336.499999768612 351.499999708845 370.249999750881 385.749999867249 395.499999821852 425.249999387433 446.500000150359 444.249999591437 474.999999695451 483.999999908061 492.249999768726 508.499999813834 502.250000577524 410.250001837413 336.750000489767 330.249999475467 402.499998241081 489.249999340484 494.250000048539 505.749999625621 527.999999705284 518.500000856335 438.000001656371 371.25000014993 410.999998927687 402.750001398551 352.249999779715 391.499999420606 393.000000342727
-9999 -9999 -9999 -9999 -9999 -9999 -9999 -9999 -9999 -9999 -9999 -9999 264.500000708375 -9999 228.999999897274 -9999 -9999 249.999999947498 258.249999933893 249.500000213083 251.499999839044 260.499999837897 278.999999700709 291.999999917801 295.749999931022 284.75000054173 262.249999902102 271.000000056336 -9999 318.999999229276 372.999999425304 375.000000462804 349.7500000728 356.999999794848 348.500000471997 346.999999346831 399.499999282861 411.750000405987 391.749999863824 429.749999223425 474.749999433063 482.750000323778 462.75000023271 421.500001186301 346.750000800938 327.750000142193 314.499999777476 400.249997969249 471.749999630036 485.999999741095 499.499999869784 505.749999950884 505.250000016468 477.250001142887 384.250001382702 -9999 377.749999747249 397.499999559404 403.000000306736 414.74999929739
-9999 -9999 -9999 -9999 -9999 -9999 -9999 -9999 -9999 -9999 -9999 -9999 -9999 -9999 -9999 -9999 238.750000013032 -9999 -9999 241.750000013316 250.499999758565 263.249999770354 282.249999795939 295.999999863003 299.500000110356 274.000000555614 250.750000041956 -9999 319.24999913521 359.999999628919 380.499999913789 351.000000867747 315.249999694278 361.749999487114 325.750001283214 294.249999421034 338.749999536829 355.749999714305 386.249999349345 430.499999421372 463.499999662895 455.750000508786 454.999999472536 458.750000639987 395.000001224978 338.50000056878 308.250000143053 350.749998832705 405.24999934047 430.249999951433 431.749999723262 462.499999410566 473.250000312878 449.250000447209 -9999 -9999 397.999999292303 429.499999796655 428.750000289703 421.749999811488
-9999 -9999 -9999 -9999 -9999 -9999 -9999 -9999 -9999 -9999 -9999 -9999 -9999 -9999 -9999 -9999 -9999 -9999 -9999 -9999 248.999999785392 263.499999891932 274.499999809546 284.499999972606 272.500000303497 247.750000180578 257.249999594397 288.749999450814 333.249999447098 347.75000007137 327.50000051723 299.000000115704 334.999998951803 375.500000146543 311.500001268473 283.999999495265 303.500000149408 313.249999383528 367.999999031589 406.999999817285 417.999999724201 434.749999922907 449.499999503563 470.500000000003 430.000001287782 355.500000979555 326.749999825156 386.999998720766 431.249999887381 403.000000938522 380.749999755827 401.749999950876 385.500000197628 411.749999022751 451.749999783432 446.750000251313 423.500000505501 397.750000220305 399.250000289712 369.999999931462
-9999 -9999 -9999 -9999 -9999 -9999 -9999 -9999 -9999 -9999 -9999 -9999 -9999 -9999 -9999 -9999 -9999 -9999 -9999 -9999 245.749999879281 255.999999864912 262.249999986395 264.999999999999 266.749999931031 276.999999805543 295.49999977623 308.999999802862 323.999999886582 323.000000199812 301.000000316075 313.749999233481 362.499999505021 365.750000688739 289.50000109147 279.499999495267 307.999999611552 327.999999969938 326.499999727625 361.249999619313 389.49999938709 435.499999383273 461.999999720755 467.000000405835 394.250001460521 324.250000837351 315.24999896684 408.99999856088 443.250000112595 425.750000242726 444.249999365196 433.500001146077 389.249999555363 441.999999503103 443.250000249892 426.500000301578 398.000000707693 353.250000491414 347.000000068157 349.499999383081
-9999 -9999 -9999 -9999 -9999 -9999 -9999 -9999 -9999 -9999 -9999 -9999 -9999 -9999 -9999 -9999 -9999 -9999 -9999 -9999 243.749999906109 256.999999783862 268.24999990477 276.999999808202 291.749999820662 303.749999847204 309.749999986014 311.749999929594 315.999999914939 311.75000027118 283.250000272981 293.249999811991 313.249999839874 320.000000029321 301.500000176989 330.499999287417 357.249999985049 347.250000195471 326.750000348022 341.999999482279 362.999999662906 404.249999213686 440.249999705249 447.000000249754 384.250001491935 303.500000916357 317.499998346947 424.24999886469 456.499999806967 453.500000323632 423.000000716208 375.750000704033 391.499998715482 461.749999254636 480.500000166586 438.000001340367 356.250001162663 315.750000220298 314.49999993184 333.499999314542
-9999 -9999 -9999 -9999 -9999 -9999 -9999 -9999 -9999 -9999 -9999 -9999 -9999 -9999 -9999 -9999 -9999 -9999 -9999 -9999 -9999 253.499999756845 269.499999836751 282.999999835604 293.499999917229 297.999999944436 300.000000083914 301.74999992959 309.749999872405 297.500000542352 267.000000086201 -9999 302.500000029121 316.249999692275 345.249999454276 381.249999450736 390.000000478102 341.500000421011 334.500000090789 344.499999421373 356.500000214513 357.999999506609 391.499999751767 377.000000561904 337.000000879436 292.750000173789 352.249998203909 434.499999392372 456.999999839139 418.750001343066 366.000000162769 388.249999263245 436.999999275412 469.999999635601 478.250000249881 420.000001641944 334.750000994153 305.250000050837 308.749999778469 333.749999468774
-9999 -9999 -9999 -9999 -9999 -9999 -9999 -9999 -9999 -9999 -9999 -9999 -9999 -9999 -9999 -9999 -9999 -9999 -9999 -9999 -9999 247.749999716322 263.749999850357 273.999999835608 281.749999958619 286.749999930552 288.000000027977 286.999999943679 292.750000042538 268.750000499547 255.249999755761 300.499999219014 343.249999723389 355.999999765529 376.249999690255 395.24999965856 408.500000179283 374.250000496178 358.000000211832 337.750000350226 317.250000260496 303.250000046262 326.249999519086 299.750000858501 287.749999827241 304.24999954181 361.999998823795 408.749999696195 416.749999983925 399.250000533994 395.499999544231 428.249999557935 440.500000032943 432.750000082834 425.000000399835 371.500001105817 318.750000589757 316.749999542462 344.499999556919 383.999999177436
-9999 -9999 -9999 -9999 -9999 -9999 -9999 -9999 -9999 -9999 -9999 -9999 -9999 -9999 -9999 -9999 -9999 -9999 -9999 240.499999973365 -9999 244.749999797371 256.999999891167 264.499999863006 269.999999972411 269.250000041674 265.000000083916 266.249999901428 266.000000170124 258.499999942917 274.249999612095 309.999999421494 341.74999972339 359.249999662952 379.249999690256 397.999999762477 393.000000388444 380.500000030059 360.250000408543 317.000000974526 274.50000009193 271.50000012334 302.4999989761 345.249999484919 396.499999246205 408.0000004108 373.000000476847 367.749999696179 374.000000193018 367.749999919076 385.749999560505 409.999999803517 386.250001004541 353.499999801225 360.750000349833 341.500000100533 348.999999629316 377.999999423864 398.749999948882 404.249999777225
-9999 -9999 -9999 -9999 -9999 -9999 -9999 -9999 -9999 -9999 -9999 -9999 -9999 -9999 -9999 -9999 -9999 -9999 -9999 240.749999933413 244.499999973173 246.249999986492 253.999999809546 267.499999780809 283.249999793074 294.999999944434 290.500000111883 287.250000014077 285.750000042528 288.249999900092 296.999999885064 305.499999884302 322.499999708842 341.999999706923 363.249999749262 369.750000074235 343.000000747039 317.499999939869 305.750000408566 279.750000624319 248.750000107263 253.499999814985 299.499998572752 385.749998985414 436.249999387526 437.75000074257 358.750001255692 326.749999984019 319.00000025738 317.24999978964 336.749999755846 348.749999885404 347.500000000005 359.999999668721 341.250000716346 349.749999044997 394.499999696702 383.250000423646 380.499999761433 387.749999982871
-9999 -9999 -9999 -9999 -9999 -9999 -9999 -9999 -9999 -9999 -9999 -9999 -9999 -9999 -9999 -9999 -9999 -9999 -9999 236.999999946729 241.499999946349 242.250000067544 239.749999959187 245.499999862999 265.249999599935 289.499999805526 286.750000125871 285.499999971834 281.250000070883 277.999999971453 283.74999992816 281.250000159084 279.499999825292 298.999999648289 325.249999749245 313.500000564101 289.000000209161 277.249999984969 259.500000453946 247.49999987818 251.249999954036 272.499999475795 288.499999751782 336.749998891742 392.24999941892 387.500000821549 328.500000635789 318.250000015996 327.499999581784 362.249999368932 374.250000309282 349.750000343839 357.749999324818 380.250000248462 333.250000782987 316.49999983246 349.249999275438 367.999999932214 373.999999931837 373.749999982866
-9999 -9999 -9999 -9999 -9999 -9999 -9999 -9999 -9999 -9999 -9999 -9999 -9999 -9999 -9999 -9999 -9999 -9999 -9999 -9999 260.499999651254 269.00000010806 259.500000244864 238.000000273988 232.499999917234 247.249999708309 265.499999720284 279.999999971838 276.25000009924 269.250000099909 264.000000114943 252.500000173559 241.75000013103 241.999999824159 261.249999690269 278.249999599185 315.249999387424 340.249999834591 310.000001059192 254.500000334988 255.749999770162 278.249999429536 308.249999736262 336.999999219534 373.499999811542 371.75000020539 370.499999809252 376.500000063948 375.999999903484 394.499999449827 419.499999804672 408.000000523918 397.249999654166 413.499999999998 405.25000018324 375.750001122551 -9999 -9999 -9999 -9999
-9999 -9999 -9999 -9999 -9999 -9999 -9999 -9999 -9999 -9999 -9999 -9999 -9999 -9999 -9999 -9999 -9999 -9999 -9999 -9999 281.499999570784 290.500000081053 283.500000081626 265.500000465791 237.000000358677 221.000000083343 233.749999678314 249.749999901418 251.500000028342 243.500000199806 230.750000186765 226.999999942147 237.749999752518 260.499999619007 274.000000000009 290.749999421045 331.749999506956 362.499999548916 354.000000817102 283.75000098976 249.500000122578 266.749999182844 329.999999131243 -9999 -9999 -9999 -9999 -9999 -9999 -9999 -9999 -9999 -9999 -9999 -9999 -9999 -9999 -9999 -9999 -9999
-9999 -9999 -9999 -9999 -9999 -9999 -9999 -9999 -9999 -9999 -9999 -9999 -9999 -9999 -9999 -9999 -9999 -9999 -9999 -9999 290.749999664672 297.250000121576 287.250000040811 285.999999999998 272.000000386254 237.750000430601 226.999999972024 220.250000126732 214.750000014178 212.999999971456 221.499999741389 247.249999580577 273.749999636043 294.24999975088 299.250000073748 301.999999821858 326.499999611544 350.749999624101 -9999 -9999 -9999 -9999 -9999 -9999 -9999 -9999 -9999 -9999 -9999 -9999 -9999 -9999 -9999 -9999 -9999 -9999 -9999 -9999 -9999 -9999
-9999 -9999 -9999 -9999 -9999 -9999 -9999 -9999 -9999 -9999 -9999 -9999 -9999 -9999 -9999 -9999 -9999 -9999 -9999 -9999 292.749999611021 296.50000008105 293 -9999 288.250000262106 -9999 -9999 -9999 -9999 -9999 -9999 -9999 -9999 -9999 -9999 -9999 -9999 -9999 -9999 -9999 -9999 -9999 -9999 -9999 -9999 -9999 -9999 -9999 -9999 -9999 -9999 -9999 -9999 -9999 -9999 -9999 -9999 -9999 -9999 -9999
