socal_rasters/bio18_SPHAsouth_aggfac2.asc
NCOLS 210 
NROWS 130 
XLLCORNER -119.45 
YLLCORNER 32.483333333 
CELLSIZE 0.0166666666666667 
NODATA_value -9999 
[rows 30 to 59 of 130, columns 68 to 135 of 210]
4.99999999999915 4 4 4 5.49999995847162 7 7 7 7 7 7 7 7 7 6.00000000000085 5 5 5.49999998367556 6.49999998348457 7 7 7 7 7 7 7 7 7 7 7 7.50000000000043 7.50000000000043 7.50000000000043 8 8 8 8 8 8 8 8 8 8 9.00000000000085 9.49999997852044 10 10 10 10 10 10 10 11.0000000000009 12 12 12 10.5000000237706 10 10.7499999637711 12.4999999756564 13 13 14.7499999626251 16 17.4999999747014 18.7499999872552 20.4999999743194 21.5000000000004
6.49999998692118 5.75000001990536 4 4 5.74999997923517 7 7 7 7 7 7 6.50000001517847 5.99999999999915 5.50000001556046 5 5 5 5 5 5.49999998329272 6.49999998310173 7 5.99999999999915 5.4999999825296 5.99999999999915 5.99999999999915 5.99999999999915 7 6.50000001842452 6.49999998138364 7 7 7 7 7.49999999999957 7.49999999999957 8 8 8 8 8 8 8 8 8 8.49999997832859 8.99999999999915 9.4999999779466 10 10 10 10 10 10 10 10.4999999764195 12.7499999881143 10.2500000119812 10 10.499999975656 11.9999999509299 13 13 14.9999999497835 16 17.4999999745096 18.7499999871593 19.9999999999991
6 6 5.50000001346038 4.50000001365137 4.49999998615763 6.74999999298289 7 7 7 7 5.50000001498833 5 5 5 5 5 5 5 -9999 -9999 5 5 5 5 5 5 5 5 5 5 5 5 5 5.49999998062052 6.49999998042952 7 7 7.2499999899287 7.50000000000043 7.50000000000043 8 8 8 8 8 8 8 8 8.49999997775646 10 10 10 10 10 10 10 10.2499999881147 10.5000000000004 10 10.2499999878282 11 13 13 14.4999999246759 16 16 17.7499999614791 18.7499999870651
4.99999999999915 6 6 6 4.50000001384322 4.49999998596493 6.74999999288697 7 7 5.99999999999915 5 5 4.49999999999957 5 5 5 5 5 5 5 5 5 5 5 5 5 5 5 5 5 5 5 5 5 5 5.49999998023767 5.99999999999915 7 7 7 7 7 7 7.24999998935529 8 8 8 8 8 8.99999995513008 10 10 10 10 10 10 10 10 10 10.2499999878282 11 12.4999999752744 13 14.4999999246759 16 16 16 17.2499999353241
4 4.99999997346038 6 6 5.50000001384322 4 5.24999996443613 7 6.00000002921183 4.24999999260176 4.50000000000043 4.25000000758966 4 4 4.50000000000043 5 5 5 5 5 5 5 5 5 5 5 5 5 5 5 5 5 5 5 5 5 5 5 5.4999999796664 6.00000000000085 7 7 7 7 7.24999998926022 8 8 8 8 8 9.49999997737447 10 10 10 10 10 10 10 10 10.7499999878278 11 13 13 13.7499999623386 14.5000000000013 16 16 16.4999999741301
4 4 5.49999998653877 6 4 4 4 5.49999998558465 5.00000001460506 5 4.75000000749417 4.50000000000043 4.25000000768516 4 4 4.74999999202835 5 5 5 5 5 5 5 5 5 5 5 5 5 5 5 5 5 5 5 5 5 5 5 5 5 5.49999997909256 7 7 7 7.24999998916429 8 8 8 8 8 8.99999999999915 8.99999999999915 8 8 8 8.49999997622851 10 10 10.499999975656 11 13 13 13 13 13 13.9999999743181 14.9999999999991
4 4 4 4 4 4 4 4 4 4.24999999260176 4.50000000000043 5 5 4.25000000778023 4 4.49999998405713 5 5 5 4.75000000835364 5 5 5 5 5 5 5 5 5 5 5 5 5 5 5 5 5 5 5 5 5 5 5.49999997890242 6.49999997871143 7 7 7.24999998906922 8 8 8 8 9.49999997718263 9.50000002300666 8.99999999999915 8 8 8 8.99999995207588 10.4999999999996 10.7499999878278 12.4999999754645 13 13 13 12.5000000252986 11 11.4999999743194 13.2499999870651
4 4 4 4 4 4 4 4 4 4 4 4.24999999241034 5 4.75000000778023 4 4.49999998405713 5 5 5 3.50000001670642 2 4.24999997436483 5 5 5 5 5 5 5 5 5 5 5 4.50000001938034 3 4.49999998023767 5 5 5 5 5 5 5 5.49999997871058 7 7 7 7.7499999889733 8 8 8.99999999999915 10 10 10 10 8 8 9.49999997603837 11 12.4999999756564 13 14.2500000370897 13 14.7499999372297 15.5000000252994 12.7500000382357 11 11.4999999741293
4 4 4 4 4 4 4 4 4 4 4 4 4 4 4 5 5 5 5 4.00000003341327 2 2.24999999145537 3.74999999136158 4.00000000000085 4.00000000000085 4.49999998214847 5 5 5 5 5 5 5 5 3 3 4.49999998004753 5 5 5 5 5 5 5 5.49999997852044 7 7 7.24999998897373 8 8 8 8 8.50000002300752 8 9.00000000000085 8 8 10 11 13 13 13 13.9999999750821 13.2500000125538 13.2499999873507 13.5 12.7500000385209 11.5000000258699
4 4 4 4 4 4 4 4 4 4 4 4 4 4 4 4.74999999202835 5 5 5 5 4.0000000168987 3.50000000000128 3.00000001727983 2.2500000087352 2.49999998233903 3 3.99999996391409 5 5 5 5 5 5 4.50000001937948 3 3 3 4.49999997985654 5 5 5 5 5 5 5 5.49999997832859 7 7 8 8 8 8 8.50000002300666 8 8 8.49999997642036 10 10.2499999880192 11 13 13.499999975465 14.5000000247265 14.4999999750825 15.4999999748916 14.7500000126506 14.7499999872561 16.5000000000004 15.0000000000009
4 4 4 4 4 4 4 4 4 4 4 4 4 4 4 4 4.74999999193328 5 5 5 5 5 5 4.50000001746955 3.99999999999915 3.99999999999915 4.49999998195662 5 5 5 5 5 5 5 3.50000001957048 3 3 3 4.4999999796664 5 5 5 5 5 5 5 5.49999997813845 7 6.50000002224439 6.99999997756589 7.74999998868724 8 8 8 8 8.49999997642036 10 10.4999999760379 11 11.9999999513119 13.499999975465 16 13.500000024917 13.2499999874462 15.4999999747014 17.2499999617643 19 18.5000000258699
4 4 4 4 4 4 4 4 4 4 4 4 4 4 4 4 4 4.74999999183736 5 5 5 5 5 5 5 5 5 5 5 5 5 5 5 5 5 3.50000001976233 3 3 3 4.49999997947455 5 5 5 5 5 5 5 6.74999996692118 6.75000003336659 5 5 5.99999995436568 8 8 8 8 10.2499999881147 10.7499999880192 11 11.4999999756555 13.2499999877323 14.4999999752735 14.5000000249166 13.5000000000004 14.4999999747006 16.49999997451 17.9999999999991 17.5000000258699
4 4 4 4 4 4 4 4 4 4 4 4 4 4 4 4 4 4 4.50000000000043 5 5 5 5 5 5 5 5 5 5 5 5 5 5 5 5 5 5 4.50000002014261 3.5000000203336 3.4999999794754 5 5 5 5 5 5 5 7.7499999889733 8 5 5.24999998868681 6.24999996577394 8 8 8 8 10.4999999762289 11 11 11 12.0000000000009 12.7499999629116 13.7499999875417 14 14 14.4999999745104 16.5000000000004 17
4 4 4 4 4 4 4 4 4 4 4 4 4 4 4 4 4 4 4 4.74999999164636 5 5 5 5 5 5 5 5 5 5 5 5 5 5 5 5 5 5 5 4.50000002052545 5 5 5 5 5 5 5.99999995627604 8 6.5000000667319 5 5.49999997737405 8 8 8 8 8 10.4999999762289 11 11 11 11 11 11 11.9999999999991 12.2499999873494 14 14 15.2499999870638
4 4 4 4 4 4 4 4 4 4 4 4 4 4 3.50000001575231 3.00000000000085 3.00000000000085 4 4 4.24999999164679 5 5 5 5 5 5 5 5 5 5 5 5 5 5 5 5 5 5 5 5 5 5 5 5 5 5 5.49999997813845 7.74999998897373 6.5000000667319 5 5.24999998868724 7.49999997718348 8 8 8 8 8.74999996434404 11 11 11 11 11 10.4999999750834 11 11 11.2499999872552 13.4999999743194 14
4 4 4 4 4 4 4 4 4 4 4 2.99999999999915 2 2 2 2 2 2.49999998367471 3.49999998348372 4 4.74999999155087 5 5 5 5 5 5 5 5 5 5 5 5 5 5 5 5 5 5 5 5 5 5 5 5 5 5 5 5 5 5 5 6.24999996548873 8 8 8 9.50000000000128 11 11 11 11 11 9 10.4999999748916 11 11 12.999999948638 14.7499999611952
4 4 4 4 4 3.00000002806928 2 2 2 2 2 2 2 2 2 2 2 2 2 2 3.00000000000085 3.00000000000085 4.24999999136072 4.50000000000043 4.74999999116973 5 5 5 5 5 5 5 5 5 5 5 5 5 5 5 5 5 5 5 5 5 5 5 5 7.24999996634692 8 6.0000000228161 6.49999997699248 8 8 8 8.9999999524583 11 11 11 11 11 9.5000000249166 9 10.4999999747014 11 14 17
2.50000001307839 2 2 3.49999998634777 4 4 2 2 2 2 2 2 2 2 2 2 2 2 2 2 2 2 2 3.4999999825296 4 4.49999999999957 5 5 5 5 5 5 5 5 5 5 5 5 5.4999999796664 5.50000002052545 5 5 5 5 5 5 5 5 6.4999999332681 8 8 8 8 8 8.24999998830567 8.25000001179025 8 11 11 11 11 11 10.0000000498341 9 9 11 12.2499999614779 -9999
2 2 2 2 2 2.50000001403507 2 2.99999999999915 2 2 2 2 2 2 2 2 2 2 2 2 2 2 2 2 4 4 4.74999999097874 5 5 5 5 5 5 5 5 5 5 5 7 7 6.00000004143203 5 5 5 5 5 5 5 5 6.74999998878359 8 -9999 -9999 -9999 8 8 8 8.99999997603879 9.50000000000128 9.50000000000128 8.50000000000043 9.24999996291159 9 9 9 9.99999994901998 11 12.9999999482594
2 2 2 2 2 2 2 2.99999999999915 2 2 2 2 2 2 2 2 2 2 2 2 2 2 2 2 3.49999998233861 4 4 4.74999999088281 5 5 5 5 5 5 5 5 5 5 7 7 7 5.50000002090744 5 5 5 5 5 5 5 5 6.99999995474809 8 8 8 8 8 8 8 8 8 8 8 8.74999998754127 9 9 9 11 12.9999999482594
2 2 2 2 2 2 2 2 2 2 2 2 2 2 2 2 2 2 2 2 2 2 2 2 2.49999998233946 4 4 4.49999998176605 5 5 5 5 5 5 5 5 5 5 7 7 7 7 5.50000002109758 5 5 5 5 5 5 5 6 7.49999997718348 8 8 8.74999998830525 11 9.50000002377064 8 9.99999995169389 10.5000000243436 8.75000001226731 8.49999999999957 9 9 9 9 11 12.2499999611952
2 2 2 2 2 2 2 2 2 2 2 2 2 2 2 2 2 2 2 2 2 2 2 2 2 3.49999998214761 4 4.49999998176605 5 5 5 5 5 5 5 5 5 5.49999997985654 5.99999999999915 7 7 7 7 6.50000002128942 5.50000002148042 5 5 5 5 5 5.24999998868681 6.9999999543661 8 8 8.49999999999957 8.49999999999957 8.49999999999957 8.24999998801918 9.99999995169389 10.5000000243436 9 9 9 9 9 9 11 11.4999999741297
2 2 2 2 2 2 2 2 2 2 2 2 2 2 2 2 2 2 2 2 2 2 2 2 2 2.99999996429608 4 4.49999998176605 5 5 5 5 5 5 5 5 5 5 5 5.99999995894996 7 7 7 7 6.50000002147956 5.99999999999915 5 5 5 5 5 5.74999998859174 8 8 8 8.24999998820975 9.99999999999915 9 11 11 9 9 9 9 9 9 11 11.4999999741297
2 2 2 -9999 2 -9999 -9999 -9999 -9999 -9999 -9999 -9999 2 2 2 2 2 2 2 2 2 2 2 2 2 2 4 4 4.74999999078732 5 5 5 5 5 5 5 5 5 5 5 5.99999999999915 7 7 7 7.74999998925979 8 7.25000003279361 5 5 5 5 5.24999998859131 7.49999997699248 8 8 9.4999999764195 11 11 11 11 11 9.50000002472646 9 9 9 9.99999994901998 11 11.4999999741297
2 2 2 -9999 -9999 -9999 -9999 -9999 -9999 -9999 -9999 -9999 -9999 2 2 -9999 2 2 2 2 2 2 2 2 2 2 2.49999998195747 4 4.24999999078774 4.74999999069225 5 5 5 5 5 5 5 5 5 5 5 6.49999997909342 7 7 7.24999998925979 8 8 5 5 5 5 5 5.24999998849667 6.24999996520351 7.00000000000085 8 9.24999996434404 10.4999999760384 11 11 11 10.5000000247256 9 9 9.99999999999915 11 11 11
3.75000001961887 2 -9999 -9999 -9999 -9999 -9999 -9999 -9999 -9999 -9999 -9999 -9999 -9999 2 2 2 2 2 2 2 2 2 2 2 2 2 2.49999998176563 3.49999998157463 4 4.49999998119307 5 5 5 5 5 5 5 5 5 5 5.99999995818598 7 7 8 8 8 6.00000002205383 5 5 5 5 5 5.24999998840117 6 6 7.49999997622851 8.49999997603794 9.99999999999915 10.4999999756555 11 11 10.5000000249175 10.4999999748924 13.4999999747014 12.2500000382357 11 11.2499999870651
-9999 -9999 -9999 -9999 -9999 -9999 -9999 -9999 -9999 -9999 -9999 -9999 -9999 -9999 -9999 2 2 2 2 2 2 2 2 2 2 2 2 2 2 2 3.4999999811935 5 5 5 5 5 5 5 5 5 5 5 7 7 7.74999998926022 8 8 8 6.99999999999915 8 6.99999999999915 6.50000002281652 6 6 6 6 6 7.49999997603837 8.24999998792369 9.49999997565638 11 11 11 11.2499999874458 14 14 11 12.2499999611939
-9999 -9999 -9999 -9999 -9999 -9999 -9999 -9999 -9999 -9999 -9999 -9999 -9999 -9999 -9999 -9999 -9999 2 2 2 2 2 2 2 2 2 2 2 2 2 2 4.49999998100208 5 5 5 5 5 5 5 5 5 5 5.49999997890157 7 7.24999998925979 8 8 8 8 8 8 8 6.50000002300752 6 6 6 6 6 8 8.49999997565595 11 11 -9999 11 11.9999999747001 12.0000000254892 11 11.9999999741289
-9999 -9999 -9999 -9999 -9999 -9999 -9999 -9999 -9999 -9999 -9999 -9999 -9999 -9999 -9999 -9999 -9999 -9999 2 2 2 2 2 2 2 2 2 2 2 2 2 3.00000000000085 3.99999998081194 5 5 5 5 5 5 5 5 5 5 5 6.49999997852044 7.49999997832901 8 8 8 8 8 8 7.00000004601418 6 6 6 6 -9999 8 8.49999997565595 10.4999999754654 11 10.5000000249166 11 11 11 11 11
-9999 -9999 -9999 -9999 -9999 -9999 -9999 -9999 -9999 -9999 -9999 -9999 -9999 -9999 -9999 -9999 -9999 -9999 -9999 2 2 2 2 2 2 2 2 2 2 2 2 2 2 2 3.74999999021348 5 5 5 5 5 5 5 5 5 5 7.24999998916429 8 8 8 8 8 8 8 7.50000002319851 7.00000000000085 6 6 -9999 -9999 8 8.24999998773227 10.4999999752735 11 11 11 11 11 11
