socal_rasters/bio13_SPHAsouth_aggfac2.asc
NCOLS 210 
NROWS 130 
XLLCORNER -119.45 
YLLCORNER 32.483333333 
CELLSIZE 0.0166666666666667 
NODATA_value -9999 
[rows 104 to 129 of 130, columns 120 to 179 of 210]
-9999 -9999 -9999 -9999 -9999 -9999 -9999 -9999 -9999 -9999 -9999 -9999 55.0000000505972 50.2500000127461 50.2500000128411 51.7499999611939 54.7499999609083 56.2499999868745 56.5000000000004 56.9999999733653 60.7499999597619 63.4999999729837 65.2499999591885 66.5000000000009 67.4999999724099 66.0000000833441 63.4999999720292 63.7500000140822 68.4999998865837 66.2500001569972 58.7500000143678 66.4999997685968 83.4999998253003 89.4999999706922 91.0000000295009 88.0000000296944 91.2499998356589 102.24999989475 97.5000001815815 80.2500003502233 79.4999995709689 100.499999907495 97.0000001551412 86.7500001404864 84.4999999371822 98.4999996208157 115.499999904631 114.500000063962 116.249999919572 118.5 119.249999983723 117.500000098237 111.250000049402 114.499999867489 119.000000066637 108.500000167549 108.749999848351 112.250000050837 111 101.000000411277
-9999 -9999 -9999 -9999 -9999 -9999 -9999 -9999 -9999 -9999 -9999 -9999 58.0000000000004 52.2500000637265 50.7499999871606 52.2499999870651 53.2499999869696 54.4999999737477 55.2499999867781 56.4999999733649 57.9999999731735 61.2499999594737 62.4999999999996 63.7499999589016 66.2499999862047 62.7500000972336 58.9999999720271 60.9999999436734 70.2499998724065 69.2500001284526 60.5000000862039 62.9999997685964 80.7499998398578 83.0000000586142 75.2500001327422 68.5000000296876 74.4999998207143 85.499999909781 87.7500000756547 72.750000228405 84.9999998161313 95.4999999691664 96.9999999069229 94.5000002185311 90.249999795841 105.499999810409 113.99999993642 114.500000031981 116.499999935658 118.749999983818 116.750000081384 111.500000032744 113.749999917659 118.499999900618 114.500000299863 95.5000001005259 102.749999814648 109.249999949162 111.249999948877 108.25000015423
-9999 -9999 -9999 -9999 -9999 -9999 -9999 -9999 -9999 -9999 -9999 -9999 57.4999999494024 56.50000002549 55.4999999999996 55 55.2499999869691 56 56 56 56.9999999731743 59.9999999459658 63.2499999591872 63.2500000410993 61.0000000275914 60.0000000277819 56.0000000279725 61.249999901429 64.4999999716481 64.5000000570918 59.50000005747 58.4999999710759 65.9999998253045 73.4999999706927 71.0000000294953 77.7499997773192 90.249999895414 91.0000000300696 83.7500002874985 76.7499997106841 100.249999800806 107.249999953745 109.999999937945 106.500000218524 93.2500000785204 101.999999747213 112.999999904631 115.24999998401 115 113.000000032366 110.500000065111 108.499999967255 111.999999967065 113.749999983438 110.250000216569 91.0000002345652 93.2499998146509 103.74999984749 110.249999948877 109.000000068546
-9999 -9999 -9999 -9999 -9999 -9999 -9999 -9999 -9999 -9999 -9999 -9999 53.9999999747001 53.4999999999991 54 54.4999999999996 54.9999999739383 55.7499999868736 55.4999999999996 54.4999999999996 55.9999999731735 58.9999999189482 64.4999999455838 62.2500001232961 55.0000000551789 55.9999999722176 53.2500000419571 55.9999999718348 54.5000000283524 55.4999999714537 55.5000000000009 57.2499999276886 65.9999998253037 76.7499998681142 82.7499999262523 87.2499999257748 92.2499999551785 92.0000000300713 84.0000002118408 85.9999996954607 100.749999892742 105.749999922909 110.749999922432 112.500000124871 96.500000219863 97.499999810407 107.99999987284 115.499999904058 116.250000080429 105.500000226543 100.249999951168 107.499999869019 109.750000049405 107.000000033126 100.000000233224 87.2500000502636 96.2499997472518 109.749999881383 111.250000051123 109.250000017136
-9999 -9999 -9999 -9999 -9999 -9999 -9999 -9999 -9999 -9999 52.2499999127898 57.749999962336 55.5000000758958 52 54.2499999871593 54.4999999999996 54.4999999999996 55 55 52.7500000399533 52.9999999463486 57.4999999189487 63.2499999591885 62.0000000821981 53.2500001241539 49.5 48.7499999860142 49.2499999859187 50.7499999574687 60.7499998144552 67.7500000143648 66.7499999855354 69.4999999417673 76.9999998827673 83.4999999410012 89.2499998960842 92.7499999850601 86.2500001954701 80.4999999394728 92.2499998020478 99.4999999387101 102.749999953747 105.249999953461 103.750000140483 94.7500000785213 96.4999999052027 104.249999856947 110.99999993604 111.750000048258 107.000000097089 106.249999918613 112.499999869018 114.250000115277 101.750000248456 88.2500002165694 86.9999997654361 104.999999764099 112.249999983055 110.250000051123 107.500000034274
-9999 -9999 -9999 -9999 -9999 -9999 -9999 -9999 -9999 -9999 -9999 59.2499999623369 57.5000000758966 52.2499999872548 54.9999999743186 55.4999999999996 56 56.2499999868741 55.7500000132223 52.250000066588 51.7499999597606 55.2499999324562 58.2500000136026 56.2499999589003 63.4999999172314 61.0000001111277 56.2500000139888 54.0000000563283 51.5 58.7499998144552 68.4999999425296 70.4999999710742 74.2499999272102 81.2499998974224 86.2499999557514 86.5000000593791 80.0000000896397 79.499999939854 88.4999998486859 95.2499999543194 96.9999999693544 98.5000000308349 97.2499999534574 101.249999953172 102.5 102.5 104.749999920527 108.24999995203 109.5 109.250000016181 110.249999983723 111.749999983627 107.750000181148 96.000000099382 92.5000001332754 87.4999998994741 98.7499998146475 105.999999864433 110.250000017041 104.500000171365
-9999 -9999 -9999 -9999 -9999 -9999 -9999 -9999 -9999 -9999 -9999 52.7500000125551 52.25000003795 49.0000000254913 51.7499999357986 54 54.5000000000004 56.2499999868741 55.7500000132223 53.0000000532702 50.2500000134137 48.5000000000013 51.4999999183761 56.9999999178014 63.7499999034353 66.2500000416731 63.9999999999996 62.0000001126514 52.5000000850618 53.2499999286376 58.4999999137982 65.2499998987632 73.2499998398612 82.4999999120763 86.2499999557519 79.7500002226782 68.0000000298829 73.2499998346042 87.7499998032906 94.0000000000009 94.2499999846785 92.5000000925101 90.9999999069195 97.9999999063461 103.499999937182 106 106.749999984106 107.000000000001 105.250000016087 105.000000032365 102.500000000003 105.999999967256 101.750000115277 100.249999950308 102.749999950021 104.250000016751 95.7500002864505 94.4999996610899 108.5 99.250000257049
-9999 -9999 -9999 -9999 -9999 -9999 -9999 -9999 -9999 -9999 -9999 -9999 47.2500000379483 -9999 48.2499999357973 52.7499999870646 54.4999999739387 54.0000000262514 53.0000000264428 49.2500000665863 45.7500000402381 47.2499999324574 54.7499999047723 60.7499999589011 61.0000000551798 60.4999999999996 61.7499999580412 62.7500000422444 54.5000001134167 52.9999999714554 56.2499999568991 60.7499998987615 69.9999998544183 73.4999999706884 78.9999999114991 71.7500002820551 62.2499999252969 75.249999744389 88.9999998789478 91.0000000304537 -9999 88.5000000000013 87.7499999844875 90.4999999375621 94.7499999214744 101.999999905204 104.5 103.00000006396 96.0000001286826 92.4999999676342 98.2499998209537 104.999999967256 105.250000016469 102.500000066254 104.999999833408 109.499999999999 100.250000387552 90.7499997119235 105.499999965917 98.0000002399118
-9999 -9999 -9999 -9999 -9999 -9999 -9999 -9999 -9999 -9999 -9999 -9999 -9999 -9999 46.2499999357977 50.7499999611952 51.5000000260626 47.7500000393795 46.7499999867777 47.9999999733632 48.4999999999979 50.9999999189478 56.2499999591876 57.5000000000004 57.5000000000004 59 60.9999999440558 65.7499999577548 64.2500000708824 62.2499999857243 62.9999999999987 63.7499999276864 69.7499999563261 63.7500001611952 66.7499997492564 69.0000001781393 66.2499998057718 81.7499998045308 87.5000000000004 88.4999999390921 92.2499999540317 96.249999922909 96.5000000930801 91.5000000624345 88.9999999999996 95.2499998578091 100.999999968212 95.5000002238657 83.0000000321731 92.9999997087292 107.249999820951 111.750000016372 107.500000065872 104.000000099381 99.2500000166602 101.499999966492 91.7500003875537 77.9999998983294 94.4999997614282 96.0000001370931
-9999 -9999 -9999 -9999 -9999 -9999 -9999 -9999 -9999 -9999 -9999 -9999 45.7500000126497 44.7500000127452 44.999999974319 49.2499999353245 50.7500000130317 51.4999999737494 53.9999999471135 56.2499999866831 56.0000000268265 55.7499999864917 56.9999999727915 57.2500000136993 57.2499999862052 59.7499999861097 58.750000013985 61.74999992959 65.2499999858206 64.2500000428157 60.0000000862009 57.9999999710725 59.2499999854391 63.7499998681143 77.2499998082573 79.7500001336073 72.9999999402407 83.9999998195679 90.0000000000009 85.0000000913616 87.9999998774177 92.9999999691626 96.2499999534582 98.4999999687823 95.2500001099334 90.0000000315984 86.5000000953656 78.0000001279186 81.9999997426298 97.999999805821 104.499999934891 108.249999918135 106.750000115276 99.5000000993786 93.2500000499754 95.7499999497351 84.0000004044001 69.499999966108 83.7499996762183 92.7500000171359
-9999 -9999 -9999 -9999 -9999 -9999 -9999 -9999 -9999 -9999 -9999 -9999 50.4999999999987 47.7500000382348 45.2500000128407 47.4999999482603 51.9999999478787 54.9999999737481 55.0000000000009 54.7500000133182 54.0000000000009 53.0000000000009 55.2499999591881 57 57.2499999862052 56.5000000277819 54.2499999860142 58.7499999295913 60.5000000283545 58.2500000713633 52.0000000574695 52.4999999421485 57.7499998689741 68.9999998241496 78.7499998967531 82.2499999851556 82.7499999850588 84.4999999398557 88.7499999546059 88.2500000456797 87.9999999387084 89.9999999691634 92.4999999379453 97.7499999219549 96.0000002198659 83.7500001421973 77.7500000476869 76.2499999520283 89.999999678284 100.249999951455 102.749999951169 105.749999918136 103.750000247021 85.750000248456 82.7499998500709 92.9999999329825 82.7500003538509 69.750000016945 80.7499996762195 89.0000000685476
-9999 -9999 -9999 -9999 -9999 -9999 -9999 -9999 -9999 -9999 -9999 -9999 52.7500000632473 45.7500000382344 -9999 -9999 47.4999999739383 51.4999999737469 52.2499999867773 51.5000000266343 49.9999999999991 50.7499999864912 53.4999999455834 55.4999999999996 55.4999999999996 53.5000000555617 54.4999998881113 61.2499999859174 57.75000004253 57.0000000285451 57.4999999138004 63.9999999421523 67.2499999272102 71.9999999413832 74.9999999704995 77.4999999406184 82.2499999252964 84.7500000150359 84.7499999243406 89.9999999390909 91.4999999999996 91.9999999691634 95.4999999379453 96.0000000624345 81.0000003454969 66.7500001105925 65.7499998887352 78.7499996961861 93.7499998873995 94.2500000161805 96.4999999348907 101.249999918135 101.000000131743 87.2500003147104 74.5000000333182 82.4999997989418 83.25000018535 74.9999999661105 81.7499999147948 81.0000000685451
-9999 -9999 -9999 -9999 -9999 -9999 -9999 -9999 -9999 -9999 -9999 -9999 50.7500001138462 -9999 44.9999999743186 -9999 -9999 47.7500000131268 49.0000000000009 48.0000000266355 48.2499999865872 49.2499999594746 52.9999999455838 55.2499999863002 55.7499999862043 54.0000000833428 50.4999999720283 52.0000000000017 -9999 61.7499998715457 69.9999999137957 70.2500000723131 66.0000000000009 67.4999999706918 65.5000000884992 66.4999998515521 77.7499998655367 79.5000000902182 76.7499999546063 84.7499998629574 90.7499999540321 91.0000000616718 87.7500000155146 82.0000001873109 68.7500001413425 64.7500000473978 61.7499999523161 77.4999996162357 90.249999951744 93.2499999514554 95.4999999674458 97 97.7499999835317 94.5000001656356 79.5000002665443 -9999 78.9999999663002 81.2499999491622 81.2500000511231 83.4999998629056
-9999 -9999 -9999 -9999 -9999 -9999 -9999 -9999 -9999 -9999 -9999 -9999 -9999 -9999 -9999 -9999 46 -9999 -9999 46.2499999866818 47.2499999597606 49.9999999459658 53.7499999591876 56.2499999863002 56.2500000137944 53.000000083342 49.7500000139854 -9999 60.7499998440541 67.7499999571831 71.749999956897 68.5000001156992 62.9999999708837 69.4999999413849 62.250000221244 56.7499998960833 65.2499998954132 69.7499999248173 76.4999998486847 84.9999999086376 89.499999969354 87.5000000925075 87.749999922432 88.5000000936569 77.5000002198681 67.0000001263957 60.5000000317898 68.9999997761356 78.249999887397 83.4999999999957 83.9999999348864 89.9999999017609 92.5000000329337 89.0000000662523 -9999 -9999 79.74999988205 84.9999999322176 85.500000034083 85.7499999485887
-9999 -9999 -9999 -9999 -9999 -9999 -9999 -9999 -9999 -9999 -9999 -9999 -9999 -9999 -9999 -9999 -9999 -9999 -9999 -9999 46.749999959761 49.4999999729829 52.2499999591885 54.0000000000009 51.7500000689763 47.5000000277815 49.2499999020962 55.9999998873464 63.4999999149378 66.0000000000009 62.5000000862052 58.2500000144642 64.2499998398587 71.0000000293086 60.2500002212453 55.9999999109291 59.2500000448224 59.7499998646768 72.9999997881596 81.7499999543198 84.2499999540334 86.9999999999996 88.7499999534587 90.2500000156097 83.2500002041612 71.5000001579929 66.7499999523148 77.7499997921238 83.7500000160816 78.7500001456313 73.7499999837197 76.749999950882 75.0000000329392 80.999999801238 87.9999999666822 88.0000000335083 83.5000001011001 79.0000000000021 80.7500000170434 77.2499999828649
-9999 -9999 -9999 -9999 -9999 -9999 -9999 -9999 -9999 -9999 -9999 -9999 -9999 -9999 -9999 -9999 -9999 -9999 -9999 -9999 45.7499999597606 47.9999999729825 49.4999999999996 50.7499999863002 51.249999986206 53.2499999583303 56.4999999440567 59.2499999577556 61.9999999716455 62.5000000285442 58.2500000718357 60.4999998553741 69.4999999417673 69.5000001172323 56.5000002064942 53.7499999257739 59.249999925299 63.7499999849663 64.9999999092088 73.9999998781813 79.9999999080633 86.249999922909 89.2499999844862 89.2500000468274 77.2500002355682 65.2500001737902 64.4999997774729 81.4999997761364 86.0000000321701 82.000000064726 86.2499998535066 85.5000001964709 77.4999999341289 85.7499999171848 85.2500000832961 81.7500000502623 77.0000001010984 71.0000000677811 72.499999965917 73.7499999143169
-9999 -9999 -9999 -9999 -9999 -9999 -9999 -9999 -9999 -9999 -9999 -9999 -9999 -9999 -9999 -9999 -9999 -9999 -9999 -9999 45.2499999865872 47.9999999459658 50.2499999863957 52.2499999589007 55.2499999586147 57.2499999861097 58 58.9999999718374 59.9999999716464 59.7500000428182 54.2500000431026 56.7499999566131 61.9999999417699 63.750000014656 59.0000000589962 64.2499998663902 69.7499999850575 67.7500000451093 63.2500000756572 67.9999998477297 74.2499999233882 81.4999998766567 86.4999999689737 86.5000000624375 76.7500002355686 62.0000002211893 64.4999996821052 83.4999998081168 88.7499999517419 88.5000000647256 84.2500000813875 77.0000001309826 78.9999998023819 90.9999998343635 95.0000000333165 86.7500002513175 72.5000002022011 66.5000000000004 68.4999999659187 71.7499999143177
-9999 -9999 -9999 -9999 -9999 -9999 -9999 -9999 -9999 -9999 -9999 -9999 -9999 -9999 -9999 -9999 -9999 -9999 -9999 -9999 -9999 46.9999999459658 50.4999999727919 53.2499999589011 55.4999999724099 56.2499999861092 56.7500000139858 57.2499999859183 58.9999999716455 56.5000001141794 51.250000014367 -9999 59.4999999708845 63.4999999120772 68.7499998967544 74.2499999257752 74.5000001195251 63.5000000902165 62.2500000151314 64.7499998629557 68.7500000459658 69.9999998766516 77.2499999534557 74.7500000780413 69.5000001256331 60.7500000789954 69.9999996821073 84.4999999040584 88.9999999356564 84.0000002265409 75.0000000325534 77.999999901766 86.2499998517885 93.4999999006188 96.750000016658 87.5000002680727 72.5000002022016 67.5000000000004 67.9999999659182 71.4999999314549
-9999 -9999 -9999 -9999 -9999 -9999 -9999 -9999 -9999 -9999 -9999 -9999 -9999 -9999 -9999 -9999 -9999 -9999 -9999 -9999 -9999 46.2499999324574 49.7499999591881 51.9999999726013 53.7499999862056 54.9999999722193 55.5000000000004 55.2499999859191 56.5000000000009 51.2500000999092 48.9999999425317 58.4999998553729 65.9999999417665 68.7499999560371 72.249999955751 75.4999999406192 77.2500000448211 71.0000000601413 69.2500000151288 66.0000000609074 63.2500000153236 61.7500000154183 66.2499998914053 61.7500001717003 58.2499999842948 59.2499999210025 71.4999997456857 81.4999999360405 82.5000000000013 79.2500000809079 78.4999999348903 84.7499999181359 87.749999983533 86.7500000165664 86.0000000333212 79.5000001340393 71.000000134802 68.749999949163 71.9999999659165 78.7499998457697
-9999 -9999 -9999 -9999 -9999 -9999 -9999 -9999 -9999 -9999 -9999 -9999 -9999 -9999 -9999 -9999 -9999 -9999 -9999 44 -9999 45.7499999594741 48.4999999727919 50.4999999726009 52.2499999862052 52.7499999861097 52.5000000279721 53.2499999859183 52.7500000425309 50.9999999714566 53.9999999137987 60.7499998987615 66.4999999417669 69.2499999560375 72.4999999410012 75.7499999554645 75.7500000448198 74.749999984962 74.2500000151305 67.7500001979513 58.9999999999991 59.0000000308353 63.2499998293497 69.9999999375667 76.9999999057773 77.2500000790005 71.5000000635809 72.249999920048 74.5000000321697 73.4999999999979 76.4999999348894 80.999999934507 78.0000001317423 72.9999999999974 73.250000049975 70.7500000167544 71.7499999494521 76.2499998813832 80.5000000000013 81.9999999314541
-9999 -9999 -9999 -9999 -9999 -9999 -9999 -9999 -9999 -9999 -9999 -9999 -9999 -9999 -9999 -9999 -9999 -9999 -9999 44.4999999733649 45.2499999865867 46 47.9999999727923 51.2499999589016 54.4999999724099 56.4999999999996 55.7500000139854 55.4999999999996 55 55.9999999714554 57.5000000000004 59.2499999566126 62.9999999417682 66.9999999413845 70.9999999705012 72.0000000000013 67.2500001045856 64.7499999849663 64.5000000302657 60.2500001675001 52.0000000306473 52.9999999691656 59.9999997517838 75.7499998283014 84.9999998743644 86.2500001105955 73.7500002066326 68.7499999840113 67.0000000643445 65.249999983819 66.4999999674471 68.2499999836302 68.4999999670655 70.7499999503081 67.0000001332737 68.2499998157013 77.249999915751 75.7500000847299 75.2499999488791 77.2499999828658
-9999 -9999 -9999 -9999 -9999 -9999 -9999 -9999 -9999 -9999 -9999 -9999 -9999 -9999 -9999 -9999 -9999 -9999 -9999 44 45.2499999865872 46.2500000135088 46.2499999863957 47.7499999589003 51.9999999172285 56.2499999861088 55.5000000279721 55 53.7500000141768 53.2499999857273 54.7499999856322 54.2500000433869 54.2499999563232 59.4999999120729 65.4999999409995 62.2500001336034 57.0000000298795 55.7500000150363 51.7500000756564 49.249999984771 49.0000000000004 52.9999999074929 55.7499999534591 66.7499997658617 77.9999999057714 77.2500001421913 67.0000000953673 64.5000000319804 64.9999999356585 70.4999999029129 72.2500000813888 66.2500000818658 67.9999998682564 72.750000049691 64.0000001665923 60.4999999664917 66.9999998314969 70.4999999999991 71 71.2499999828636
-9999 -9999 -9999 -9999 -9999 -9999 -9999 -9999 -9999 -9999 -9999 -9999 -9999 -9999 -9999 -9999 -9999 -9999 -9999 -9999 49.2499999329336 51.2500000135071 50.0000000544145 45.0000000547978 44.9999999448211 49.2499999305496 53.4999999440567 55.7500000140813 54.5000000283541 52.7500000142727 51.5000000287352 48.500000057852 47.0000000291176 46.9999999413853 52.249999926254 55.9999999109295 63.2499998954132 67.9999999699257 60.2500002572336 49.0000000609066 49.7499999540325 54.4999998766567 60.499999937944 67.249999828298 74.9999999685909 74.7500000473978 72.9999999999979 73.7500000159879 73.4999999678273 77.4999999029103 82.9999999348911 81.000000098234 78.4999999341259 81.9999999999987 80.5000000333152 73.750000251317 -9999 -9999 -9999 -9999
-9999 -9999 -9999 -9999 -9999 -9999 -9999 -9999 -9999 -9999 -9999 -9999 -9999 -9999 -9999 -9999 -9999 -9999 -9999 -9999 53.9999999195221 55.5000000000004 54.2500000136047 50.0000001095977 43.2500000689763 41.2499999861088 46.2499999020954 50.4999999718344 50.7500000141747 48.7500000428157 45.2500000431 44.2499999855375 46.9999999417695 52.2499998974241 55.7499999852523 59.7499998663949 67.2499999252964 71.2499999548915 68.250000136184 56.7500001674984 50.2500000459675 52.4999998766559 64.4999998138377 -9999 -9999 -9999 -9999 -9999 -9999 -9999 -9999 -9999 -9999 -9999 -9999 -9999 -9999 -9999 -9999 -9999
-9999 -9999 -9999 -9999 -9999 -9999 -9999 -9999 -9999 -9999 -9999 -9999 -9999 -9999 -9999 -9999 -9999 -9999 -9999 -9999 55.9999999195212 57.0000000270167 55 54.4999999999996 51.2500000965634 43.2500000694516 41.4999999999991 41.2500000140822 41.4999999716468 42.2499999857281 44.7499999281635 50.9999999132227 56.2499999272085 59.7499999560375 60.5000000294992 61.2499999554645 66.2499999252973 69.4999999699283 -9999 -9999 -9999 -9999 -9999 -9999 -9999 -9999 -9999 -9999 -9999 -9999 -9999 -9999 -9999 -9999 -9999 -9999 -9999 -9999 -9999 -9999
-9999 -9999 -9999 -9999 -9999 -9999 -9999 -9999 -9999 -9999 -9999 -9999 -9999 -9999 -9999 -9999 -9999 -9999 -9999 -9999 56.9999999463478 57.5000000270171 56.2500000136043 -9999 54.7500000689754 -9999 -9999 -9999 -9999 -9999 -9999 -9999 -9999 -9999 -9999 -9999 -9999 -9999 -9999 -9999 -9999 -9999 -9999 -9999 -9999 -9999 -9999 -9999 -9999 -9999 -9999 -9999 -9999 -9999 -9999 -9999 -9999 -9999 -9999 -9999
