socal_rasters/bio12_SPHAsouth_aggfac2.asc
NCOLS 210 
NROWS 130 
XLLCORNER -119.45 
YLLCORNER 32.483333333 
CELLSIZE 0.0166666666666667 
NODATA_value -9999 
[rows 0 to 25 of 130, columns 0 to 59 of 210]
-9999.000000000000000 -9999 -9999 -9999 -9999 -9999 -9999 -9999 -9999 -9999 -9999 -9999 -9999 -9999 -9999 -9999 -9999 -9999 -9999 -9999 -9999 -9999 -9999 -9999 -9999 -9999 -9999 -9999 -9999 -9999 -9999 -9999 -9999 -9999 -9999 -9999 -9999 -9999 -9999 -9999 -9999 -9999 -9999 -9999 -9999 -9999 -9999 -9999 -9999 335.500000160668 -9999 -9999 -9999 -9999 -9999 -9999 -9999 -9999 -9999 -9999
-9999 -9999 -9999 -9999 -9999 -9999 -9999 -9999 -9999 -9999 -9999 -9999 -9999 -9999 -9999 -9999 -9999 -9999 -9999 -9999 -9999 -9999 -9999 -9999 -9999 -9999 -9999 -9999 -9999 -9999 -9999 -9999 -9999 -9999 -9999 -9999 -9999 -9999 -9999 -9999 -9999 -9999 -9999 -9999 -9999 -9999 344.00000033736 306.499999863966 328.750000004629 344.99999982044 377.749999898761 381.750000083569 -9999 -9999 -9999 -9999 -9999 -9999 -9999 -9999
-9999 -9999 -9999 -9999 -9999 -9999 -9999 -9999 -9999 -9999 -9999 -9999 -9999 -9999 -9999 -9999 -9999 -9999 -9999 -9999 -9999 -9999 -9999 -9999 -9999 -9999 -9999 -9999 -9999 -9999 -9999 -9999 -9999 -9999 -9999 -9999 -9999 -9999 -9999 -9999 -9999 -9999 -9999 362.000000083045 410.499999609111 428.750000282325 331.000000435016 303.499999773279 380.499999648114 418.250000004705 416.99999997106 405.000000186802 341.000000380887 296.999999959136 337.499999739853 -9999 -9999 -9999 -9999 -9999
-9999 -9999 -9999 -9999 -9999 -9999 -9999 -9999 -9999 -9999 -9999 -9999 -9999 -9999 -9999 -9999 -9999 -9999 -9999 -9999 -9999 -9999 -9999 -9999 -9999 -9999 -9999 -9999 -9999 -9999 -9999 -9999 -9999 -9999 -9999 -9999 -9999 -9999 -9999 352.000000346924 311.499999930405 392.749999552256 475.999999805229 460.250000311509 415.500000008497 399.000000138983 348.500000310734 303.999999990933 349.249999699037 391.49999995272 395.999999864998 442.499999803336 401.500000611453 320.249999974464 380.749999609791 404.250000132476 369.000000129472 -9999 -9999 -9999
-9999 -9999 -9999 -9999 -9999 -9999 -9999 -9999 -9999 -9999 -9999 -9999 -9999 -9999 -9999 -9999 -9999 -9999 -9999 -9999 -9999 -9999 -9999 -9999 -9999 -9999 -9999 -9999 -9999 -9999 -9999 -9999 -9999 -9999 -9999 358.000000067777 355.249999801401 393.249999967799 374.750000091895 342.25000019232 308.249999949739 379.999999564149 479.999999707839 460.000000398727 386.250000157217 378.49999992182 395.999999991117 355.50000033553 -9999 312.249999872423 349.499999787886 388.499999901686 362.500000350849 317.749999943818 370.749999703441 379.75000016427 338.500000204999 311.750000104314 301.250000072609 -9999
-9999 -9999 -9999 -9999 -9999 -9999 -9999 -9999 -9999 -9999 -9999 -9999 -9999 -9999 -9999 -9999 -9999 -9999 -9999 -9999 -9999 -9999 -9999 -9999 -9999 -9999 -9999 -9999 -9999 -9999 -9999 -9999 -9999 471.500000006408 465.500000046143 415.000000277911 344.750000142868 338.749999939139 340.000000022046 335.500000060333 310.5000000232 356.249999702818 415.249999866069 387.000000315633 358.749999868291 400.249999943548 378.250000128721 365.750000058938 332.000000240758 -9999 322.499999836084 329.500000117983 313.500000090214 326.499999846782 343.750000026011 320.500000190738 302.499999989215 317.74999988473 356.749999726345 397.749999869366
-9999 -9999 -9999 -9999 -9999 -9999 -9999 -9999 -9999 -9999 -9999 -9999 -9999 -9999 -9999 -9999 -9999 -9999 -9999 -9999 -9999 -9999 -9999 -9999 -9999 -9999 -9999 -9999 -9999 -9999 384.999999720506 457.25000000902 412.250000114802 450.24999967703 543.249999864973 497.500000338874 432.250000107991 404.250000125267 379.500000014678 375.750000109333 330.750000173973 309.499999944532 330.499999943201 335.499999966777 374.499999702582 428.749999978285 379.500000310719 337.750000086154 328.250000023152 -9999 306.249999956613 303.75000005408 -9999 354.250000015316 339.000000104059 326.999999925819 367.249999714085 410.249999785883 440.749999905043 434.250000267005
-9999 -9999 -9999 -9999 -9999 -9999 -9999 -9999 -9999 -9999 -9999 -9999 -9999 -9999 -9999 -9999 -9999 -9999 -9999 -9999 -9999 -9999 -9999 -9999 -9999 -9999 -9999 -9999 451.750000171409 378.750000183078 409.249999624439 486.250000117276 390.500000254399 405.999999686603 521.499999657482 541.750000166054 504.500000090594 485.500000078759 459.500000066161 435.750000154602 375.250000282241 313.750000099057 322.499999870156 366.249999788194 393.249999944765 401.000000017364 385.250000110969 349.500000208587 317.000000027779 314.500000047252 -9999 -9999 364.749999934849 354.750000168539 322.750000119665 346.999999629118 399.999999805804 417.499999967053 415.500000055841 378.250000437408
-9999 -9999 -9999 -9999 -9999 -9999 -9999 -9999 -9999 -9999 -9999 -9999 -9999 -9999 -9999 -9999 -9999 -9999 -9999 -9999 -9999 -9999 -9999 -9999 512.250000025729 478.750000090073 468.499999999978 444.500000126016 392.500000146938 349.25000004225 383.499999778752 436.999999975971 386.750000226481 383.99999979534 474.499999664086 500.000000189786 441.250000128939 442.24999991052 436.000000139673 394.500000128217 362.250000166252 318.500000031693 355.249999793049 378.999999983391 372.250000089229 355.75000000435 385.249999782486 392.000000208569 337.000000231485 304.750000089781 306.999999826448 345.74999992626 346.000000000005 349.250000015318 324.250000098854 357.499999682097 376.750000026978 373.250000027456 372.250000039104 334.500000340855
-9999 -9999 -9999 -9999 -9999 -9999 -9999 -9999 -9999 -9999 -9999 -9999 -9999 -9999 -9999 -9999 -9999 -9999 -9999 -9999 -9999 609.250000038989 533.25000018685 470.250000051583 524.999999761389 573.750000002449 561.250000078444 516.500000147046 463.750000138795 397.750000239435 345.2499999738 375.499999945878 372.750000021722 389.499999865698 465.499999644325 508.500000216897 410.000000292688 394.249999874701 398.750000091878 370.250000116892 349.250000057987 -9999 331.749999898546 354.249999896162 350.750000131706 361.749999726372 417.999999849075 412.250000158695 374.25000019909 322.750000241002 304.999999903583 333.999999862344 364.749999854664 365.000000204294 324.50000002081 355.749999846346 352.250000080912 357.999999934122 344.250000228993 314.500000034084
-9999 -9999 -9999 -9999 -9999 -9999 -9999 -9999 -9999 -9999 -9999 -9999 -9999 -9999 -9999 -9999 -9999 -9999 -9999 439.500000026067 478.999999831727 519.500000049282 466.000000141773 414.750000047119 457.999999761409 568.749999802799 572.500000106266 540.250000102395 484.000000190489 407.50000024788 349.249999997091 375.249999966934 384.749999916241 444.249999760149 519.249999752993 528.000000298228 414.750000351921 388.999999842489 423.999999933827 412.500000173435 359.500000185569 -9999 -9999 344.499999950151 361.749999868274 403.499999843626 389.750000217509 358.750000013612 370.249999949078 341.500000302427 309.999999922865 349.74999973943 377.750000015039 338.750000301342 323.999999833506 359.999999915224 352.250000080914 348.000000032943 331.250000117292 326.999999863654
-9999 -9999 -9999 -9999 -9999 -9999 -9999 -9999 -9999 -9999 -9999 -9999 -9999 -9999 -9999 400.749999995564 414.999999968505 427.249999994987 429.000000007061 421.75000000186 433.749999970641 426.500000057453 404.750000040799 390.749999993269 426.999999854964 492.999999829552 566.749999855766 546.750000228429 462.250000209531 392.250000160558 349.500000075701 336.499999981956 384.249999736306 449.499999904059 461.249999950578 453.000000142313 398.000000222993 366.749999903339 456.499999573653 487.000000218707 411.500000309307 333.750000170376 373.249999646977 415.249999970934 437.249999876792 430.750000230198 375.750000226379 342.750000077085 340.999999990738 325.250000165385 312.999999893941 348.749999857422 352.250000105243 324.500000102148 339.249999817902 360.000000010596 340.750000070123 343.749999928638 367.749999871552 391.749999846634
-9999 -9999 -9999 -9999 -9999 -9999 -9999 -9999 -9999 -9999 -9999 -9999 413.24999998925 447.499999953562 460.500000002743 457.749999998501 453.000000015735 442.000000026717 430.250000026481 415.75000001675 406.750000029357 385.250000043105 392.749999920526 435.249999872114 478.999999920444 501.749999963468 514.750000002542 484.750000112921 459.000000076195 410.250000160556 358.250000142662 334.499999939863 399.999999751812 415.250000124726 398.749999990127 387.250000064397 367.000000104537 360.249999846064 414.499999860345 411.500000120688 373.000000216527 325.250000051509 355.999999797112 383.999999900323 412.999999889533 401.750000238892 356.500000115415 341.750000022673 339.50000003704 316.250000089782 315.499999922864 325.750000004921 326.500000000004 331.249999943818 351.49999992716 353.500000000001 359.249999919079 375.249999939609 382.999999977665 394.749999892076
-9999 -9999 -9999 -9999 -9999 -9999 -9999 -9999 -9999 430.249999971884 446.250000003019 455.749999968176 495.499999933181 544.24999995747 564.749999982016 569.250000007424 554.500000040974 538.25000001172 526.500000035344 489.750000109838 423.500000113503 380.000000053363 399.249999886163 446.249999908013 475.749999978928 457.000000097369 428.000000045527 412.500000031495 410.250000029918 380.500000112662 343.750000090251 339.499999903782 389.749999847981 389.25000009913 388.749999904494 392.250000064396 357.000000153314 351.749999889018 360.500000066143 343.750000049011 332.000000038659 342.249999869249 375.749999947246 391.749999871239 430.499999915017 402.500000295348 345.500000186432 323.000000027203 327.999999944442 342.499999858252 368.499999980737 352.750000122925 334.750000065161 333.499999948927 344.499999947971 353.749999941721 360.499999989209 355.250000060385 346.000000022336 355.749999914784
-9999 -9999 -9999 -9999 -9999 -9999 -9999 -9999 424.000000006495 448.749999962803 505.999999911745 586.999999934089 621.999999985666 613.000000025783 607.999999988933 600.750000042927 562.500000066177 528.250000051814 491.0000000742 442.250000102398 401.250000045017 381.750000047204 380.999999944161 409.749999939436 421.250000016381 404.500000053571 384.000000030366 377.500000010507 367.00000003266 352.750000047888 338.000000029114 337.499999963918 357.249999941062 369.999999974421 379.249999963781 381.000000027124 352.000000153319 329.750000003583 326.250000018378 323.749999996226 328.7499999652 339.749999972263 339.000000032463 336.99999995847 354.499999957523 345.250000082533 335.250000022191 345.999999891161 380.249999828679 420.249999768443 453.749999946958 431.50000019664 387.000000180415 361.500000112355 352.499999927158 380.499999830446 402.749999908282 409.500000065859 376.750000206639 365.999999965904
-9999 -9999 -9999 517.499999987977 515.500000017172 -9999 -9999 460.500000005734 433.0000000065 486.499999909293 568.249999952877 557.250000051591 520.000000038163 495.250000003838 496.000000019369 465.750000057679 432.250000029912 417.250000028388 403.750000005294 400.250000020475 387.500000015656 385.000000020523 370.750000015035 386.249999925966 392.750000039761 378.000000024343 371.500000015178 362.250000023629 351.750000019047 345.750000019717 343.249999997091 343.999999993989 345.749999990696 350.499999980814 349.500000013175 346.999999993228 349.000000000013 351.999999971377 368.749999908139 390.499999917069 410.49999990724 431.249999940602 433.000000081189 396.500000116315 403.99999990655 405.500000052146 410.74999993344 420.749999932002 439.749999930569 452.749999891325 481.499999893941 464.500000245817 414.250000225533 375.250000199187 353.999999989595 372.999999819851 406.499999816584 436.249999884705 440.500000022344 441.750000005694
572.999999996416 614.250000002433 548.500000011909 569.249999982289 568.500000022299 522.750000016237 -9999 468.250000012172 453.4999999724 522.749999957361 528.750000027088 474.750000075786 437.250000005971 466.749999926507 496.250000029068 445.500000076921 412.000000028349 403.000000016705 403.499999985872 399.50000002606 390.249999998044 389.000000028731 373.000000021477 368.749999993272 366.000000023397 356.750000007308 355.500000005063 352.250000007878 350.250000002719 353.999999983094 365.499999953409 382.499999945861 401.749999934827 428.499999936014 427.500000046078 438.499999864417 472.999999958157 471.749999974913 501.499999882364 520.249999950958 538.24999991879 550.749999996026 539.750000117663 489.75000028656 469.24999986828 492.499999973928 502.499999982229 488.750000031731 505.499999907396 509.250000014166 498.000000125338 462.250000191734 422.500000210492 387.750000117463 385.999999958364 387.000000010587 390.499999924475 416.49999980236 456.749999737479 491.499999909095
-9999 522.750000007558 508.999999995697 558.249999973609 628.249999983243 660.499999982162 643.50000004469 543.250000085214 466.249999999194 472.750000019033 469.499999997981 443.500000030746 470.99999990213 547.499999920091 580.750000006944 504.75000018789 415.250000067721 397.000000006681 404.24999996645 401.250000046535 386.999999999999 385.500000032833 368.750000023623 360.75000000673 367.249999974277 380.999999965933 388.749999997492 388.249999992143 407.24999990478 437.999999921163 459.49999993598 475.999999981979 501.499999875918 534.249999932855 537.000000052705 528.499999979669 536.250000010448 531.750000010737 540.49999996324 548.249999966053 537.500000146906 505.750000043559 520.499999886359 523.500000107978 500.999999991503 512.249999917467 535.249999915655 535.250000040817 537.249999930559 547.249999966929 528.500000202483 485.250000211407 449.500000150361 423.750000076621 433.249999869935 442.000000052994 433.499999989222 461.249999731008 510.999999776594 534.249999994318
-9999 -9999 -9999 497.74999999433 515.999999989714 575.249999950169 627.250000005616 584.750000053707 479.250000093353 423.499999994558 455.249999960881 480.499999978013 524.749999924788 583.499999927809 597.500000060942 519.00000014794 438.500000091335 405.500000026723 400.499999996472 393.250000042817 374.000000019572 368.000000004105 376.999999952737 413.49999989678 470.249999861951 519.249999919622 530.500000030337 504.500000078755 501.999999918358 534.499999960563 537.500000034941 520.500000078183 504.000000006212 506.999999987227 489.000000131759 474.249999935628 495.749999933805 504.999999992849 507.249999996336 505.249999996241 495.750000096664 453.750000186222 425.250000052758 423.249999987563 426.249999987279 430.249999978301 456.749999835779 489.249999886662 503.499999953725 533.499999773197 549.000000086774 506.500000206477 486.250000005001 470.750000148105 460.499999947964 462.500000137759 425.750000102507 451.999999714549 470.250000094974 445.500000193178
-9999 -9999 -9999 476.500000006004 462.250000002995 478.74999997637 508.000000007434 483.000000017168 448.750000036521 429.249999973691 511.24999990675 546.250000014274 532.250000013124 538.249999983229 513.500000083068 475.75000001922 449.250000058267 411.500000060133 386.000000028252 376.250000013029 372.249999994131 396.999999880977 480.499999798131 545.249999921498 563.250000002336 547.250000070585 518.75000007841 487.500000094507 468.499999983661 474.000000061949 453.000000023269 448.500000012006 434.500000062028 419.750000035161 404.500000059269 403.24999995593 413.749999982555 410.000000028615 409.249999988953 409.999999984897 425.999999914922 443.999999968289 422.250000223173 376.500000116288 373.499999923521 392.2499999001 419.499999902342 447.499999873043 455.000000074084 450.74999986295 495.249999831243 510.499999931151 521.749999994983 499.000000204294 478.250000026009 444.250000386778 368.25000030747 352.999999923129 358.250000039081 351.250000028396
-9999 -9999 -9999 -9999 -9999 -9999 498.999999972707 499.750000030768 439.75000004789 434.999999943748 520.999999933815 516.250000058212 498.74999999165 488.750000032241 459.750000045705 432.500000029593 418.000000018905 399.750000038423 381.250000012361 379.499999992553 395.999999937369 465.249999796804 524.499999995712 495.75000009649 459.500000070203 432.250000056014 419.2500000076 414.750000007885 414.499999983682 407.750000053528 392.000000034943 386.500000006019 385.2499999969 388.249999996802 380.500000065869 365.250000050836 356.750000003488 363.999999942721 373.999999992648 377.74999996606 387.999999953605 394.750000003966 386.250000068987 364.250000053994 368.249999961764 374.749999952227 402.749999809132 468.749999678062 475.750000337981 397.000000198472 385.750000004837 392.749999886943 428.249999814584 427.250000209425 409.749999901165 401.50000027553 349.250000210381 331.750000005488 335.249999960902 339.749999982957
-9999 -9999 -9999 -9999 -9999 -9999 -9999 483.00000005153 428.00000002597 450.499999938307 498.749999992961 465.750000047207 448.000000014311 431.250000016749 419.00000001107 408.500000014789 396.500000018897 383.750000018374 379.500000003531 400.749999893908 474.499999866944 500.000000032829 457.250000135294 410.500000049343 400.999999999995 395.000000014604 390.750000012646 386.500000015748 378.00000001632 373.500000005629 369.750000014553 369.499999981956 369.250000009303 368.250000003192 363.50000001317 364.499999959339 372.500000000014 370.999999992843 372.749999981621 380.499999977372 385.24999999613 379.000000039618 368.750000052746 355.250000053991 351.249999978754 358.999999930503 376.999999911216 415.499999709786 470.499999972214 402.500000463091 354.75000006267 350.499999960667 363.249999964911 360.750000035745 356.500000020808 351.500000042384 341.750000037759 338.5 342.249999938564 347.000000011363
-9999 -9999 -9999 -9999 -9999 -9999 -9999 -9999 -9999 -9999 420.250000007026 415.250000005494 409.500000004777 406.250000006446 402.5 400.250000007397 392.750000017324 384.000000010022 382.249999994701 392.499999955332 423.249999951097 414.50000005748 392.500000030076 387.249999997756 389.250000002336 385.000000014606 374.500000035424 365.500000015756 363.249999986393 369.999999977462 372.250000014549 369.499999999991 369.249999990685 371.249999984001 381.749999950588 404.499999884775 427.250000024392 406.750000025048 394.250000128624 364.500000037709 366.250000003867 365.5 363.750000004055 363.749999995841 366.999999974498 367.250000039081 360.750000004436 385.999999755143 434.249999949077 386.000000368585 341.000000048212 340.249999955755 345.749999984967 346.499999989786 347.500000000002 346.000000010597 340.750000048548 339.499999999999 344.749999972073 349.499999977276
-9999 -9999 -9999 -9999 -9999 -9999 -9999 -9999 -9999 -9999 -9999 419.7500000011 414.500000004777 411.250000006447 406.000000005538 396.000000017751 387.500000006299 386.74999999165 390.999999992939 386.75000001303 387.749999982388 395.749999989742 405.49999996135 428.499999950662 446.249999983638 425.250000124177 374.250000088557 373.749999929111 404.249999915655 428.999999943674 438.750000014563 430.250000021052 432.249999978289 423.500000057564 414.250000029638 401.500000020336 413.249999891993 452.749999881871 438.250000231544 387.250000056572 392.749999965217 397.499999976242 402.249999971611 418.999999950178 427.999999923535 442.749999969613 444.250000013343 443.499999963746 439.000000129639 373.000000378029 333.250000014463 334.999999970502 338.249999984964 342.499999969354 344.749999984391 349.999999978808 350.750000005398 350.000000000003 352.249999983246 356.499999954555
-9999 -9999 -9999 -9999 -9999 -9999 -9999 -9999 -9999 -9999 -9999 430.25000001208 420.750000010742 413.250000009023 405.75000000969 399.250000010353 397.499999999995 399.749999998326 397.250000008829 388.75000001303 390.49999996869 410.749999961002 428.24999997638 418.500000058345 396.500000023413 376.500000063317 361.49999998988 378.249999955367 383.250000019064 375.250000008464 374.999999994191 374.500000000011 380.999999962778 403.499999904056 438.749999884716 469.749999894927 490.499999972108 -9999 457.750000040412 461.749999966042 475.749999926522 491.249999940548 493.250000060848 490.7499999543 499.999999982988 511.249999934836 509.750000137607 444.50000038998 376.250000199106 344.750000099239 338.749999985535 340.000000009832 338.750000005011 341.249999984678 343.749999953174 352.49999996821 356.999999989211 358.49999998902 360.999999999999 363.999999965914
-9999 -9999 -9999 -9999 -9999 -9999 -9999 -9999 -9999 -9999 -9999 433.750000001099 431.750000005972 428.000000005159 421.50000001108 415.250000001482 413.750000007875 408.000000010023 398.250000022957 389.000000014891 390.999999968688 403.500000004097 385.50000005154 369.750000015703 366.249999997664 363.500000004872 362.25000000253 359.999999994748 391.999999820414 441.999999943696 434.750000101924 414.999999939875 446.499999894535 470.249999945641 477.249999990115 489.999999932213 509.999999930303 515.000000021476 516.749999959576 524.999999984924 532.249999965213 544.249999932648 545.250000085216 528.750000020763 516.75000008921 502.750000073816 451.000000372847 375.250000240318 339.750000078709 334.249999966922 342.749999985537 343.749999995084 344.750000005013 342.749999984679 343.749999984391 349.249999962911 358.999999956847 363.999999989022 365.99999997766 368.74999999432
