socal_rasters/bio15_SPHAsouth_aggfac2.asc
NCOLS 210 
NROWS 130 
XLLCORNER -119.45 
YLLCORNER 32.483333333 
CELLSIZE 0.0166666666666667 
NODATA_value -9999 
[rows 0 to 25 of 130, columns 0 to 59 of 210]
-9999.000000000000000 -9999 -9999 -9999 -9999 -9999 -9999 -9999 -9999 -9999 -9999 -9999 -9999 -9999 -9999 -9999 -9999 -9999 -9999 -9999 -9999 -9999 -9999 -9999 -9999 -9999 -9999 -9999 -9999 -9999 -9999 -9999 -9999 -9999 -9999 -9999 -9999 -9999 -9999 -9999 -9999 -9999 -9999 -9999 -9999 -9999 -9999 -9999 -9999 88.8822021425035 -9999 -9999 -9999 -9999 -9999 -9999 -9999 -9999 -9999 -9999
-9999 -9999 -9999 -9999 -9999 -9999 -9999 -9999 -9999 -9999 -9999 -9999 -9999 -9999 -9999 -9999 -9999 -9999 -9999 -9999 -9999 -9999 -9999 -9999 -9999 -9999 -9999 -9999 -9999 -9999 -9999 -9999 -9999 -9999 -9999 -9999 -9999 -9999 -9999 -9999 -9999 -9999 -9999 -9999 -9999 -9999 92.2636108388836 90.2023964116258 88.9123992983117 88.1089096152119 87.1591339037577 88.8826675245098 -9999 -9999 -9999 -9999 -9999 -9999 -9999 -9999
-9999 -9999 -9999 -9999 -9999 -9999 -9999 -9999 -9999 -9999 -9999 -9999 -9999 -9999 -9999 -9999 -9999 -9999 -9999 -9999 -9999 -9999 -9999 -9999 -9999 -9999 -9999 -9999 -9999 -9999 -9999 -9999 -9999 -9999 -9999 -9999 -9999 -9999 -9999 -9999 -9999 -9999 -9999 91.3832645448686 90.8380088744709 92.7171554465759 93.4200897300098 90.3587722938728 88.7469692263266 88.6057910919635 88.4112777678842 90.5986671298152 92.3402004234176 90.5832710514407 88.5841064465741 -9999 -9999 -9999 -9999 -9999
-9999 -9999 -9999 -9999 -9999 -9999 -9999 -9999 -9999 -9999 -9999 -9999 -9999 -9999 -9999 -9999 -9999 -9999 -9999 -9999 -9999 -9999 -9999 -9999 -9999 -9999 -9999 -9999 -9999 -9999 -9999 -9999 -9999 -9999 -9999 -9999 -9999 -9999 -9999 97.0193538953277 92.3615646496173 90.9623928076695 92.1470298724891 93.8189258513067 94.2410450030374 95.100301729431 95.4463615577479 91.7811641804481 89.5620098177423 89.2413425445841 88.892261507406 89.9322147280499 92.4953136326987 91.4253444902428 89.3078098391234 89.0070857969946 89.8994808204294 -9999 -9999 -9999
-9999 -9999 -9999 -9999 -9999 -9999 -9999 -9999 -9999 -9999 -9999 -9999 -9999 -9999 -9999 -9999 -9999 -9999 -9999 -9999 -9999 -9999 -9999 -9999 -9999 -9999 -9999 -9999 -9999 -9999 -9999 -9999 -9999 -9999 -9999 95.754539489622 96.1686725539306 98.172460550568 98.9898052233262 97.110054027848 92.8258800688092 90.6247329764168 91.9710941238287 94.5897560011049 96.0182094536899 95.6151008564547 96.2760009784381 95.1669101788515 -9999 90.6382007607536 89.4779167236856 89.5705108552178 91.8941669395777 90.6695556773063 88.7626304622027 89.5879630987773 90.6873226136334 90.3324565885904 90.2546844465344 -9999
-9999 -9999 -9999 -9999 -9999 -9999 -9999 -9999 -9999 -9999 -9999 -9999 -9999 -9999 -9999 -9999 -9999 -9999 -9999 -9999 -9999 -9999 -9999 -9999 -9999 -9999 -9999 -9999 -9999 -9999 -9999 -9999 -9999 92.7772369311139 94.4679107631943 97.0404491341754 97.1744690033934 96.1285514794967 96.7811870593723 96.6401367247334 93.8772678486676 90.9823207929365 91.232484810029 93.3175163181006 92.6824588793783 93.5017681062736 95.2331848099101 96.2981910625411 95.5387230044959 -9999 90.6358280238397 90.6436634032578 90.7049713210373 89.5511131341337 88.7095451324981 89.7929096177032 90.028369905553 88.7403984131404 88.1087360428618 88.682008735596
-9999 -9999 -9999 -9999 -9999 -9999 -9999 -9999 -9999 -9999 -9999 -9999 -9999 -9999 -9999 -9999 -9999 -9999 -9999 -9999 -9999 -9999 -9999 -9999 -9999 -9999 -9999 -9999 -9999 -9999 94.5105056924005 93.0724048607678 93.1095867163146 91.9760513313278 93.1343688873444 97.5196246949653 99.8531742136586 99.3095703118633 98.2923145328472 97.9301300084346 95.9504871495106 93.0938434704104 91.5890541116425 91.3330059104369 90.4461860620675 92.1923827985935 95.2860488761695 96.0176258105414 95.3544063581272 -9999 92.4805355077416 92.3135604910826 -9999 89.6246623973335 89.7282104460544 89.3484897655227 87.9875907975918 88.1071357686703 89.2055473214901 90.3300704920672
-9999 -9999 -9999 -9999 -9999 -9999 -9999 -9999 -9999 -9999 -9999 -9999 -9999 -9999 -9999 -9999 -9999 -9999 -9999 -9999 -9999 -9999 -9999 -9999 -9999 -9999 -9999 -9999 101.494161599354 99.5132560881885 95.3198700029645 95.7047176315193 96.0668697389906 92.916803368348 92.9176979008801 96.3322810962227 99.4456367420809 100.583059308575 101.633575440497 100.939983369782 99.2959728372658 94.6876754939119 92.6118393072865 90.8748436033376 90.1950283003336 92.1045360448373 95.2638473357311 96.466545111318 95.3000240434997 94.1177768760205 -9999 -9999 89.9843654607262 90.1940269496969 90.5549030353416 88.7616081298407 88.3672924121406 88.5360794030087 89.3681697819654 90.8107738421295
-9999 -9999 -9999 -9999 -9999 -9999 -9999 -9999 -9999 -9999 -9999 -9999 -9999 -9999 -9999 -9999 -9999 -9999 -9999 -9999 -9999 -9999 -9999 -9999 101.0618667627 101.311841962356 101.603397368433 102.502508160702 101.359584817508 98.4293994988779 95.3598575687872 95.3761596602368 97.1402835820224 93.601568233236 92.6847572284548 95.8730811923686 99.0615482273034 100.506645194847 102.458759305054 101.518703468785 99.3363723900675 95.1478099983592 93.1254501445525 91.9755134610798 92.3287410669195 92.9411277717208 93.6163368149591 96.0633621086345 96.5161933934788 94.6879100893491 92.639631289083 90.3189678225616 90.1425857596546 90.2018127441039 90.5867614816115 88.9728984912225 88.8512439705715 88.8100070930785 89.3900890321616 90.7826938564529
-9999 -9999 -9999 -9999 -9999 -9999 -9999 -9999 -9999 -9999 -9999 -9999 -9999 -9999 -9999 -9999 -9999 -9999 -9999 -9999 -9999 97.2604427270885 101.254579539526 101.100379946807 100.430763243943 101.278621669568 102.750249858168 105.015613550469 104.779756549867 101.187732711377 97.0597953899165 94.2391452825293 94.094732287505 92.8447113100097 92.6694011632222 95.6907443843239 98.9534893028338 99.1329822488874 101.400772092116 100.459297188244 98.5744113978442 -9999 93.7059974739569 92.8554306022763 92.8292598719984 92.0077037881723 92.2868175420392 95.0029525617763 97.7655868528228 96.4539203796704 93.1777038798231 90.4353122742538 89.9871120461976 90.7597866016798 90.6811256479823 89.4434413876546 89.4695682543177 88.9110164646976 89.5852012515386 90.1955394825221
-9999 -9999 -9999 -9999 -9999 -9999 -9999 -9999 -9999 -9999 -9999 -9999 -9999 -9999 -9999 -9999 -9999 -9999 -9999 98.0514984107496 96.5406742157879 97.642061223719 101.218544004743 100.794582371033 98.5386219043893 98.4754867499154 102.668689716546 105.463975902619 105.953901294057 102.654548659645 98.3270702476279 95.787715917899 93.5210304309404 92.2706928237744 93.5816879189534 96.5026969775586 100.030406947797 99.237340931889 100.234128949515 100.5950412727 99.618597038541 -9999 -9999 92.2743301436751 91.621437076498 91.7937812762907 93.5043449286896 95.8764076206834 96.5619258831756 96.9789409683497 93.9586887600429 91.173564916596 90.4778423293295 91.8058681427272 90.8555545951693 89.7685031834374 89.55337333958 89.3381633757184 89.3508110040892 89.0389747696228
-9999 -9999 -9999 -9999 -9999 -9999 -9999 -9999 -9999 -9999 -9999 -9999 -9999 -9999 -9999 97.1300353999715 96.7444953930909 96.4217948905632 96.8894214618881 98.3341712943942 97.6377983093766 99.0229377685388 100.16631889274 99.2529258787145 97.0711212208547 96.335176464154 98.7294979008579 103.486370071202 105.796487815569 102.885799417543 99.9131813123728 97.2111797407694 94.1147995107214 93.0192394255598 94.0672550124992 97.903581601816 100.295768741621 97.8081779556873 96.7239246367851 99.1651134334126 101.685623180275 97.1859379105119 94.3881549904792 93.6595115702742 93.0053749038948 94.2153758880414 96.6762866867468 96.4868583740436 96.0183315256247 96.0076961551945 93.7511024663431 91.1472435035279 91.2814330988237 91.7680721294703 89.8070831337695 89.7567615499766 89.5239448583502 89.1558017715222 89.1570873223901 89.336128236212
-9999 -9999 -9999 -9999 -9999 -9999 -9999 -9999 -9999 -9999 -9999 -9999 98.4654636409205 96.9370918281594 96.5550518037839 95.4446868918502 94.8788356779937 95.2268505082587 95.86711120387 97.5900039644811 98.5866565682874 99.5188980102237 98.1173095792637 96.2115821889779 95.4912986775907 95.7448558785027 97.7041568652856 102.767204269831 105.701271057967 104.243370062373 100.874034891906 97.2402572786549 94.284246449858 94.2509670248778 95.1644134453386 98.0609817396155 99.3564586690983 96.3309459813734 95.3879547048112 98.7381877763733 100.505607607129 96.2985344172637 93.5247650259026 93.0199165407205 92.9179382280717 95.0152301636374 97.2227363578661 96.5015010868168 96.0900650077499 95.5156478947785 93.3754367906559 92.2746143389523 91.3921508767975 90.1582889555779 89.1705722827772 89.0933418277187 89.1796836855137 89.2916355147117 89.373073578367 89.5595722165824
-9999 -9999 -9999 -9999 -9999 -9999 -9999 -9999 -9999 99.2723770153198 98.4179439545972 97.7668991102079 96.6038532281735 95.8161411285812 95.64582252448 96.1020526880001 96.1006717676992 95.9816551202983 96.493473051142 97.2315921765821 99.3207893332197 100.006183627699 96.845790871815 94.6731662768257 95.215436932915 97.4556541355266 99.9825801767057 102.174644463384 103.613098141956 102.608129508799 100.27931023635 97.0531349293218 94.7367267703956 94.8149986213485 95.1242027284622 97.1043167022931 98.518905642599 96.5206146286842 96.2613334644112 97.3482780485156 96.4106159238901 94.5147476304053 93.2780227648867 92.5270519253869 93.1560954997293 95.2876567693508 96.7761344942825 95.1826686924687 94.189929961518 93.3159751979976 92.8547153450312 93.3985023525165 92.922758107245 91.7523479575783 90.3060302805869 89.5353527084235 89.3851203923131 89.2740211463052 89.4292087553488 89.0783462512063
-9999 -9999 -9999 -9999 -9999 -9999 -9999 -9999 100.243839265132 98.520942690017 97.298215866155 97.1630210879933 97.3544044497618 97.2616939550103 96.8930683129077 97.9996509528775 98.4098777757357 98.6335124976069 99.437994001466 100.302196498554 100.777944562995 100.47969627611 98.8670120287646 96.2366180456006 96.6266784621293 99.0409946370588 101.103929518872 101.640815734427 101.461174012908 100.838224414173 99.1665744830931 97.3749523199752 95.6330852573124 94.3121948249941 94.3557434070915 95.8664836797551 98.0456104288665 96.9162712144998 96.2699756668498 95.241098406027 94.3389129672866 92.7726459530936 92.6773242918782 92.484466555429 92.2030563316191 93.4041995933147 94.076257708194 93.2751064283948 92.6976089481281 92.1979179454355 92.6191368041788 95.1108398374984 95.2699127248426 93.741842278544 92.1028556865006 90.6918773729417 90.2476081831574 90.8094634994118 91.654277798947 90.1670265239881
-9999 -9999 -9999 102.493734359192 104.875968932687 -9999 -9999 101.363815307786 99.9452114124556 97.7208633444843 97.0510807038216 97.4177379601182 98.0312194809904 98.4353675847846 98.2754764541451 99.7532138799026 100.539937972345 101.069044112012 101.660072327163 101.746244430435 101.296373368603 100.926870346571 100.135623935268 98.5708847085431 99.0913677145911 100.64145850857 101.264432905462 100.791669847318 100.096939088011 99.3063945792253 98.2674007434506 97.4848156010593 96.2409515407641 95.0162467958626 94.8842124951198 95.2604560856803 95.300107956003 94.5090827966843 94.2395324731718 93.687797548674 93.4650783551454 93.669082639821 94.0146923054334 93.6477241544371 93.1103248580526 93.7001972189293 93.7062320708766 93.5993747700727 93.1892967204531 93.4032077783435 93.6896896301373 96.1028747433855 97.6045207959171 96.6545677277593 94.3248176783552 92.3597621984043 90.7219429066 91.2977046905844 91.7040996527644 91.6765232072225
97.2229309081546 98.6133422850015 99.4088783264934 99.7151241300268 102.077682493863 103.082458496888 -9999 101.653686523265 100.061164858635 97.5362777709868 97.427379607084 98.4425888045935 98.674871445415 96.9982414261422 97.8640747040371 100.945161816376 101.730808256549 101.810310364201 101.777410507219 101.836851120726 101.390047073586 101.188955308443 101.012037278068 100.133579256064 99.9382305156888 99.8037643444462 99.4560508737959 99.3824348464768 98.9479160322729 98.3572177911291 97.5197677658132 96.2426071199931 95.2233257303003 94.1164112121301 94.1075534815342 93.8636398320827 94.3691120117853 94.5595035555614 94.3717117312274 94.6895484898183 94.7775878900995 95.1598358121381 96.0259036961937 97.4580535817488 96.6802558984735 95.4823551189332 95.1654376981414 95.5511512773871 94.8463707002826 95.1010379786086 96.215610493685 98.1291885303208 99.4961528775744 98.3744564167539 96.3281841375071 93.9567794908368 92.9295272875067 91.8110981051811 91.7051315244507 92.9516162817433
-9999 98.3283958432615 98.7161865235685 98.8963069914958 99.7180862423169 100.032926559466 101.316087721409 102.783977508182 101.03531074803 99.1197338106644 98.2543373103692 98.7185668949781 97.469730380801 96.7131118765176 98.2621555297236 101.143712991758 102.566663743536 101.823871613354 101.857349394886 102.097528458645 101.207502366572 100.968379974299 100.864854815311 99.8457489037868 99.0054855347036 98.7777004247647 98.3249607084498 98.320140840829 97.7285480534204 97.3948230757867 96.6635284447018 95.8718757634002 95.0272026044414 95.8370342215076 96.0102577215896 95.5461196902707 95.6385841372546 95.2371559161075 95.0709781630595 95.4584388727724 95.8979854546885 96.3240985841809 96.1564178452369 97.4933528802053 98.7634334681798 96.2396240365398 95.2204532652679 95.4240417480229 95.1087284140956 94.8125095341231 96.7945327605004 100.18129728686 101.24624633885 100.308637624011 98.2549877258785 96.7913036379552 95.4413452225342 93.5839080884593 93.3626308356067 93.9364604924543
-9999 -9999 -9999 97.672052383249 98.6768894191473 99.0598468778045 100.850355146217 104.806665418582 103.526327137032 100.331857682773 98.8379859935871 97.8381061575267 96.5288963323176 97.3197898851886 99.3041095691245 102.382595056195 104.081735612537 102.585382463886 101.901081085431 101.673643114067 100.958204270059 100.504783632543 99.571773529571 98.5975570692819 97.9714794164116 98.1112327568469 98.6031284309879 99.1211166392107 98.240135196383 97.108499525376 97.405416486602 97.2501182573656 95.9314231944055 95.4050903301116 95.8771247842085 95.6680507712063 94.5483989716612 94.5364913935305 94.4752807604005 94.6851673117931 95.4555053656022 97.2149009671753 97.4134941090651 97.6327629076489 97.4059181235455 95.7584037878983 93.6925945365276 93.355966565698 93.489601136479 93.9713325488986 96.1553630687961 99.5941104778903 101.053163529146 101.508796689698 100.859657296461 99.7457618712128 97.9633522217479 94.7333774743776 93.5088672620192 93.6489105181979
-9999 -9999 -9999 97.7194995873101 99.1304149625168 99.1941986089837 100.162611005296 103.682243346145 103.366355897476 100.80865669419 98.7226161967722 97.8598384866341 97.2379302982021 97.6194858539395 99.5640048925411 103.044698711401 105.19926643301 103.843528752663 102.239814759468 101.208322526401 100.318822863641 99.1795883188913 98.5402870196993 98.4836864463073 98.6619949335343 99.3370723696815 100.664319986256 101.578641891192 99.9793834754096 98.370048522106 98.1310501102978 97.9251461044476 97.2525348685497 96.5133152023829 96.6109600057051 96.2378349331594 95.6219196337448 95.4281291968979 94.9334068344192 94.5775222790737 94.2696666708423 95.2552852582698 97.1722488290734 97.7346248655855 96.3850021446355 94.0606994689787 92.5476398492148 91.8547038995987 92.4903678893022 92.5990467041131 93.8239192865114 95.8741722052408 97.3745441301752 100.35760496324 101.834215157941 102.256521225073 99.7849884247236 96.8924656059402 95.6204776816896 94.9756393488601
-9999 -9999 -9999 -9999 -9999 -9999 98.5937099446787 101.246026990522 102.39834594852 100.393943788811 98.8324298864023 98.9588546736724 98.4746227278348 98.5660781855518 100.471660610143 102.895917889864 104.205171584887 103.653493882398 103.017938617707 101.103904727212 99.7031135584029 98.4748287209666 97.6497135164065 98.1531391146134 99.0329799635789 100.145593641661 100.64985465766 101.239820482169 100.362541204266 99.7623519891291 99.5072822595817 98.8806934378858 98.3835525515604 98.0998592384248 97.8948364238041 97.5416107199323 97.1380329139787 95.8334579589934 94.7729701996317 94.2132835464126 92.7605533592773 93.3695144620238 94.6506099621455 96.1258163466717 94.6748714532279 93.4646434811589 92.1071395930537 92.4769000897534 94.0896434741027 95.3401374754108 95.7855644226821 95.2504844741518 94.8255271848364 96.7740821708711 98.8677940289354 100.573345173774 99.6312332216789 97.9309578046628 96.8325672259151 95.8157482164724
-9999 -9999 -9999 -9999 -9999 -9999 -9999 99.7112388588243 101.417430877988 99.8138713854777 98.9376163477805 100.293270109718 100.662874221142 101.035066604167 102.024570464092 102.955997466662 102.960393905723 103.107728957625 102.029182436839 100.595592499524 99.6872043623628 99.05247116172 98.9221858980991 99.2508068076712 99.5293655395506 99.6564578990902 100.174278257899 100.125755310529 100.156209947171 100.009845735566 99.64942932253 98.5518035926287 98.1116943369391 97.7621974950934 97.4344825757494 96.7711296117454 95.8780498510391 94.4104461700138 94.0386810304339 93.3623676317185 92.7097015374807 93.1700801840442 94.0110759664002 94.7501563995553 94.1863765799576 93.1620254581941 92.063848497262 91.8345184301887 93.4388923531836 96.5820369559342 97.0052394871807 96.6122589132359 95.7057266251754 96.1597938474338 97.0792579609099 98.3010654402814 98.7388267566159 97.7800598184927 96.5090465623763 96.0580043819132
-9999 -9999 -9999 -9999 -9999 -9999 -9999 -9999 -9999 -9999 100.235418319346 100.908849715979 100.953008651985 101.126142500964 102.010631560054 102.360477446579 102.41907691985 101.989131929582 101.162899019654 100.334329607545 99.0881233227159 99.5196704850805 100.048120498401 99.4043655415997 98.990262986618 99.1655025463059 99.6182060228776 99.8021564488079 99.2704410581065 98.7036056543951 98.4883117687395 97.8985424066241 97.2589035053551 96.6323013339247 95.5202732101808 94.3173942587516 94.6514663687965 94.5055828113186 94.3318462404918 94.2992782637632 93.3833217621673 93.2987232229081 93.1628074637643 93.1037902853196 93.0122547173365 92.9261646272589 92.6392631539406 91.8516006501104 92.4201660073494 96.1195964679225 97.6493778250117 97.1207408969322 96.5818882023894 96.7591857904429 96.7996444687089 97.2672176358126 97.6567134849206 96.9969558803677 95.9044075027677 95.9514274606993
-9999 -9999 -9999 -9999 -9999 -9999 -9999 -9999 -9999 -9999 -9999 99.2354717260314 99.9121665950056 100.303504942506 100.753829956029 101.946262359479 101.543445587276 101.349872589014 100.982835770221 100.483463288641 99.5112190270323 98.5253772749053 98.3360366824437 97.7577552784938 98.3786239615677 99.1964836104065 99.6632595049654 98.5595302614761 97.8962612166269 97.7325973509189 97.7858581535868 97.803722382844 97.239633562415 96.5127029452726 95.0873050713417 94.6035671266055 93.808681487682 94.7211494411059 95.1455936409251 95.4299583485751 93.8165645676466 93.2688674921691 93.2595844260175 92.9693908718989 93.0390472417591 93.3296699501343 93.5882778181734 93.5110034950835 94.3657150203267 97.2517909859767 97.5632801073829 97.457401277123 97.247831348553 96.7415866890954 96.5034999876761 96.344057085904 96.5227165235255 96.2765140550542 95.8997631100007 95.573713306328
-9999 -9999 -9999 -9999 -9999 -9999 -9999 -9999 -9999 -9999 -9999 99.1734123231405 99.1559677115507 99.5151920316092 99.8080558775696 100.371984479363 100.919597625 100.985374449815 101.033302307196 100.551116944204 99.3009986922823 98.2728519453301 97.7681484210826 98.3857650744436 99.2636890420378 99.8050098403808 99.647600176483 98.3033924114953 97.9959697725094 97.9685573585652 97.7140655539185 97.3554515838015 97.1086044315945 96.1549778042979 95.4445800816585 95.5383968347538 95.520175934337 -9999 95.5616493216356 95.5644302386776 95.1185531667159 95.019794464417 95.2362899758027 95.1621971188622 94.9351119973281 95.4558143594022 96.0830230681739 96.715406415829 97.7798976858401 98.4865207658434 98.0245666528024 97.9349555973754 97.7064495105764 96.7002430000515 96.3298072866821 96.077503202745 96.1145801520985 96.0888671896857 95.8730850237391 95.3902835850514
-9999 -9999 -9999 -9999 -9999 -9999 -9999 -9999 -9999 -9999 -9999 99.5073604585935 99.2534275053219 99.1646995549671 99.2403373714613 99.6351222988682 99.7363109584663 100.377611158761 100.921501159269 100.608966828668 99.5072155035941 98.4520339961972 98.979030608258 98.9450626378468 98.8338603975745 98.7629623416497 98.4260463719123 98.0945415506058 97.3339576740536 97.5185222599012 97.7620048521197 97.1183528919871 96.327583315554 95.8993949909625 95.7940902707489 95.9587039939359 96.0458164215677 96.6070175139142 96.6661243434938 96.4836998004071 96.2957878101913 96.6668014532243 97.0485229442586 97.3832340257047 97.0967826870852 97.041841506944 98.4158420474518 99.947711945416 98.8889865939228 98.0527095816375 97.7526588424904 97.9310035718613 97.569778444426 96.9851837262381 96.4463539120515 96.0889377598517 95.6618709542893 95.5093040443407 95.5599517827304 95.5980567920336
