socal_rasters/bio18_SPHAsouth_aggfac2.asc
NCOLS 210 
NROWS 130 
XLLCORNER -119.45 
YLLCORNER 32.483333333 
CELLSIZE 0.0166666666666667 
NODATA_value -9999 
[rows 60 to 89 of 130, columns 136 to 203 of 210]
11 11 14 14 14.7499999597602 17 19.9999999455842 23.4999999178027 25 25 26.4999999720275 28 27.0000000283532 24.5000000570888 24.2499999568978 31.499999913224 35.0000000291155 34.4999999999987 37.2499999557506 41 39.5000000896435 31.5000001202878 28.2500000151314 32.2499999238657 40.4999998467769 46.7499999537473 49.2499999534599 51 52.0000000314074 47.2500000789937 40.5000001271559 35.50000003198 35.2499999195726 42.9999998381851 50.7499999186155 52.99999993451 56 46.7500002815811 33.2500000832953 29 29 33.9999998644357 40.9999999318356 41.0000001713646 -9999 -9999 -9999 -9999 -9999 -9999 -9999 -9999 -9999 -9999 -9999 -9999 -9999 -9999 -9999 -9999 -9999 -9999 -9999 -9999 -9999 -9999 -9999 -9999
11.7500000390926 11 13.4999999735559 14 16.7499999865867 17 19.9999999455842 22 24.7499999862047 25 27.4999999720279 27.5000000281631 28.9999999432919 30 29.0000000000009 32.2499999566126 35.7499999854416 38 38 41 41.5000000298807 38.7500000451102 36.500000090792 32.0000000304559 32.2499999233869 36.7499999229073 42.9999999069173 49.2499999531722 52.4999999057727 54 50.5000001271593 41.7500001758945 35.5000000321718 38.7499998220012 47.999999902336 51.9999999345096 55.4999999670634 48.2500002484551 34.2500001499325 29 29 34.4999998305441 41.7499998807117 43.5000001028195 34.0000002067748 -9999 -9999 -9999 -9999 -9999 -9999 -9999 -9999 -9999 -9999 -9999 -9999 -9999 -9999 -9999 -9999 -9999 -9999 -9999 -9999 -9999 -9999 -9999
14 13.4999999999996 14 14.4999999733645 16.4999999731739 18.4999999729825 21.4999999727915 22.5000000273987 22 23.749999958329 26.4999999720283 27 28.9999999432919 30.9999999429099 33 33 35 36.7499999267298 38 40.4999999703098 40.7500000149408 41.9999999398557 44.7500000151305 42.5000000609066 36.5000001532244 32.2500000154179 36.9999998758919 44.9999998751288 49.249999952887 52.2499999842019 53.7499999841055 51.0000000959399 43.0000001608548 36.7499999838177 40.2499999186155 48.9999998690195 54.2499999505963 53.000000066254 40.0000002665448 30.5000001005276 29 31.7499999152731 37.2499999147956 40.7499999828645 36.5000001723123 -9999 -9999 -9999 -9999 -9999 -9999 -9999 -9999 -9999 -9999 -9999 -9999 -9999 -9999 -9999 -9999 -9999 -9999 -9999 -9999 -9999 -9999 -9999
14 14 14 15.4999999733653 17.2499999597615 19 20.4999999183757 -9999 -9999 22.9999999444378 25.9999999440558 27 28.2499999291146 30.4999999714545 32.2499999856326 32.7499999855371 35 35.2499999853457 38 40.2499999851547 39.0000000597623 39.9999999398553 44.4999999092105 46 41.5000001532266 33.5000000925084 36.2499999224324 41.4999999063456 45.7499999214761 48.4999999999996 49.7499999841042 51.4999999680192 50.5000000321718 47.0000000970918 43.0000000000026 46.9999999017643 52.4999999670634 52.7500000496902 42.0000002332283 30.7500000837732 29 29.4999999661084 31.4999999318344 34.4999999999979 33.5000000689232 27.5000001039604 -9999 -9999 -9999 -9999 -9999 -9999 -9999 -9999 -9999 -9999 -9999 -9999 -9999 -9999 -9999 -9999 -9999 -9999 -9999 -9999 -9999 -9999
12.7499999609087 14 15.4999999735554 16 17.4999999195217 19 19.9999999455838 22 22 23.4999999722185 26.4999999720275 27 27 29.4999999714549 31.4999999712661 32.2499999855375 33.4999999708841 35 37.7499999852506 40 38.5000000298816 38.9999999398557 44.2499999243423 46 42.2500001379038 33.7500000770901 36.4999999069186 41.7499999219545 46 46 46.499999968211 47.0000000000009 48.4999999356585 50.4999999676372 50.5000000325538 49.7499999836263 51 48.0000000993829 40.7500001166152 35.2500000502623 31.7500000168477 31.4999999999979 31.4999999999979 30.2500000171355 29 27.2500000519795 26.9999999303111 -9999 -9999 -9999 -9999 -9999 -9999 -9999 -9999 -9999 -9999 -9999 -9999 -9999 -9999 -9999 -9999 -9999 -9999 -9999 -9999 -9999
11 12.4999999737473 14.2499999603332 16 17.7499999597602 19 19.9999999455838 21.2499999863002 22.4999999724095 24 25.7499999300696 27 28.4999999716464 29.4999999714549 30.4999999712652 31.4999999710742 30.9999999999991 33.4999999120755 36.4999999115025 38 36.7500000448211 38.9999999398557 43.4999999697364 44.4999999999987 41.5000000919354 36.5000000000013 37.7499999224332 43.2499999219558 46 43.750000047397 43 43 46 48.9999999352731 50.5000000325538 50.4999999672544 51 44.5000000993816 38.7500000166602 43.9999998994745 47.2500000505531 47.0000000000034 46.2500000170447 39.0000001370957 33.5000000689266 30.7500000519817 28.2500000522673 -9999 -9999 -9999 -9999 -9999 -9999 -9999 -9999 -9999 -9999 -9999 -9999 -9999 -9999 -9999 -9999 -9999 -9999 -9999 -9999 -9999
10.7499999869696 11 13 14.9999999467298 16 18.2499999864917 19.4999999727923 21 21.2499999862052 23.4999999722193 24.9999999440558 27 29 28.5000000285455 26.5000000000004 28.4999999710751 29.4999999708837 33.4999999120755 37.2499999852506 36.7500000445359 35.7499999551776 39.4999999699274 43 41.5000000000013 41.2500000153232 41.4999999999987 40.7499999844862 43.7499999531735 44.2500000157056 42.5000000315988 40.5000000000004 41.5000000000013 44.9999999356577 48.4999999676368 51 48.2500000163724 44.2500000823429 42.7499999834375 45.7499999167034 49.2499999162268 51.9999999325996 53 54.4999999999987 50.7500000514078 45.7500001206158 39.0000001386108 33.5000000696872 29.7500000525525 -9999 -9999 -9999 -9999 -9999 -9999 -9999 -9999 -9999 -9999 -9999 -9999 -9999 -9999 -9999 -9999 -9999 -9999 -9999 -9999
10.2499999869691 11 13 14.749999933412 16 18 18.7499999863957 19.9999999452018 21 22.2499999583277 24.9999999440558 27.9999999436739 29 25.5000000856352 24 27.4999999710751 31.4999999708841 34.4999999706918 35.4999999705004 36 38.2499999551789 40 40.7500000453941 40 40.9999999387101 43 42.5000000310276 41.2500000468274 40 42.2499999526018 39.7500001112635 34.7500000159891 38.7499999195692 44.2499999190896 47.2499999837218 48.7500000491172 41.0000002305543 35.7499998840533 46.4999998667263 51 51.9999999325996 53 53.4999999659174 53.5000000342727 53 50.0000001039616 43.5000001045359 35.7500000875909 -9999 -9999 -9999 -9999 -9999 -9999 -9999 -9999 -9999 -9999 -9999 -9999 -9999 -9999 -9999 -9999 -9999 -9999 -9999 -9999
10.2500000130304 10.2499999868741 11.9999999471117 13.749999960048 16 16.4999999729833 17.0000000000009 19.249999958902 20.4999999724103 21 24 26.5000000000004 27.5000000000013 26.5000000000004 25.9999999425309 28.4999999710742 32 32.9999999413836 35 35.9999999406197 38.7499999252973 40 40 40 42.2499999540317 43 43 43.5000000312177 39.750000047113 41.4999999052048 41.0000001271572 32.5000000959412 31.0000000000009 34.2499999514571 38.7499999186168 43.4999999345113 43.2500000823407 34.0000001325084 36.7499998500709 46.4999998659658 50.4999999663002 52.4999999661092 52.5000000340826 51.2500000514112 50.9999999655392 52.0000000000009 50.7500000522673 46.7500001226221 37.5000001409032 -9999 -9999 -9999 -9999 -9999 -9999 -9999 -9999 -9999 -9999 -9999 -9999 -9999 -9999 -9999 -9999 -9999 -9999 -9999
12.5000000260617 11.2500000393791 10.7499999867777 13 13 15.2499999594737 16 17.4999999726013 18 21 24 23.250000042244 -9999 21.7499999571818 24.2499999568978 26.9999999710738 27.7499999854408 30.999999970691 33.4999999705004 35.9999999406197 37.2499999850592 40 40 43 43 43 43.9999999379457 45.4999999687819 43.0000000942286 39.499999968402 41.5000000953682 32.0000001279211 29.7500000160855 30 30.9999999999991 33.4999999345074 36.9999999670612 33.0000001325076 28.7499999500221 38.2499997821896 46.7499999157493 50.2499999491626 51 49.2500000856831 43.9999999999991 45.4999999999979 45.4999999999979 46.0000000350329 45.500000035226 -9999 -9999 -9999 -9999 -9999 -9999 -9999 -9999 -9999 -9999 -9999 -9999 -9999 -9999 -9999 -9999 -9999 -9999 -9999
13 13 11.9999999999991 11.4999999733653 12.4999999731743 13.9999999459658 16.9999999455838 18.7499999589007 19.4999999999987 21 22.0000000000009 19.5000000000013 18 20.2499999571818 21.4999999712661 22.2499999855384 24.7499999854429 27.2499999267298 31.7499999262531 34.9999999703107 36.4999999701193 38.4999999097835 40 41.7499999543194 43 43 45 45.4999999687819 45.7500000157043 42.0000000631964 40.7500000476847 33.0000001279211 29.2500000160855 29.2499999838186 29.2500000162773 28.0000000000009 28.5000000000013 28.2500000165647 28.2499999167047 37.499999832454 44.9999999326 47.5000000338916 46.0000000340839 46.7499999828645 45.7500000861551 41.7500000519787 36.5000000348449 33.5000000000013 36.4999998590968 43.7499999114575 -9999 -9999 -9999 -9999 -9999 -9999 -9999 -9999 -9999 -9999 -9999 -9999 -9999 -9999 -9999 -9999 -9999 -9999
13 14.7499999606222 14.7500000396668 12.5000000266355 12.4999999731743 13.4999999729825 16.7499999319795 19.249999931502 21.9999999448198 23 20.7500000699313 18 18.4999999716464 21 20.0000000574683 18 20.2499999563249 23.4999999413824 27.4999999409995 30.999999970309 34.4999999701188 37 40 40.9999999390917 43 43.4999999691643 45.2499999844866 46 46.4999999685913 43.2500001737914 39.7499999523157 40.0000001279237 31.2500000804295 29.5000000000004 27.5000000325547 28.0000000000009 28.2500000164692 27 27 30.4999998659615 38.9999998988973 43.9999999661071 44.2500000852057 38.7500000856819 39.9999998966096 44.4999999653461 42.2500001219571 36.7500000525559 33.7500000528411 37.4999998583294 -9999 -9999 -9999 -9999 -9999 -9999 -9999 -9999 -9999 -9999 -9999 -9999 -9999 -9999 -9999 -9999 -9999 -9999
13 15.2499999868741 15.5 16.4999999733645 14.7500000402385 13 14.4999999183757 18 21.9999999448198 23 23 21.9999999999991 21.9999999999991 20.5000000285451 18 18.7499999566113 18.7500000436739 19.2499999560384 20.9999999410025 23.7499999257756 31.4999999103574 36.2499999548924 37.7499999546059 40.4999999695463 42.4999999693549 43.4999999691643 45.2499999844866 46 46 44.0000001263932 44.2499998887365 47.7500000479699 39.000000225198 32.0000000323615 30.9999999999991 30 30 27 27 27 28.7499999494512 35.4999998644378 42.7499999147956 41.0000001370923 33.5000001033874 33.4999999306952 37.2499999128921 42.7499999124125 40.5000001409049 37.2499999114554 42 -9999 -9999 -9999 -9999 -9999 -9999 -9999 -9999 -9999 -9999 -9999 -9999 -9999 -9999 -9999 -9999 -9999
13.9999999478774 14.5000000262519 14.4999999735554 16.749999933412 18 14.0000000540342 16.4999999183757 19.749999958902 21.9999999448198 23.4999999722193 26 26 24.2500000708854 19.5000000856352 18.7499999568991 22.0000000000009 21.5000000291168 19 20.0000000000009 21 24.4999998804736 27.7499999248173 32.9999999092084 38.2499999847719 40.9999999999991 41.4999999999987 41.4999999999987 44.2499999843899 44.7499999528857 46 46 46.50000003198 45.2500000482577 41.2500001132732 35.750000048832 31.0000000654904 28.5000000988086 27 27 27 27 27.4999999661084 30.9999998977513 38.2499999485888 34.5000001723123 30.7500000173278 29.2499999825776 33.4999998948911 39.7499999119328 42 39.7500000890221 -9999 -9999 -9999 -9999 -9999 -9999 -9999 -9999 -9999 -9999 -9999 -9999 -9999 -9999 -9999 -9999 -9999
13 13 13.9999999471117 15.749999960048 16.749999986588 14.250000067543 14.999999891168 19.4999999726013 21.4999999724103 23.4999999722193 25.7499999860142 26.4999999718374 25.2500000425305 22.2500000142715 21.9999999999991 23 21 21.4999999706914 22.4999999999987 21.5000000296897 21 21.4999999699283 24.4999998789491 30.249999923867 32.2499999540342 34.9999999691656 38.4999999069186 41.2499999219549 43 45.249999952603 46 46.9999999999991 48.7499999839141 48.2500000485442 42.5000001302152 33.0000000982344 29.7500000164679 27.5000000331268 27 27 27 26.0000000677824 24.9999999659187 30.9999998286354 36 36.2499999826722 33.2500000871092 28.2500000175175 30.7499999119363 35.4999999645856 33.2500000890255 30.4999999284016 -9999 -9999 -9999 -9999 -9999 -9999 -9999 -9999 -9999 -9999 -9999 -9999 -9999 -9999 -9999 -9999
11.7500000390913 10.9999999474954 13.9999999471117 15 13.9999999999991 13.9999999999991 15.9999999455834 18 19.7499999586142 22.4999999722185 23.4999999720275 25.7499999859183 26.9999999432919 28.2499999857277 26.5000000287348 22.0000000578507 21 23.2499999853457 26 24.5000000000013 24.5000000000013 22.7500000451089 21 22.4999999999987 24.7499999540317 29.2499999229086 35.2499998914044 39.9999999375629 43 43 44.2499999841042 46.4999999680192 48.7499999839141 49.4999999676363 48.250000048832 41.5000001309834 36.0000000658754 31.7500000496923 30 28.2500000837732 27 27 24.5000000340822 26.2499998800433 33.2499998793808 36.2499999826722 38.000000034844 32.0000001051076 26.5000000352264 24.9999999999991 24.5000000356088 24 -9999 -9999 -9999 -9999 -9999 -9999 -9999 -9999 -9999 -9999 -9999 -9999 -9999 -9999 -9999 -9999
10 10.9999999474954 13.9999999471117 15 12.0000000536527 11.0000000000009 12.7499999319808 14.749999958902 18.4999999724103 20.749999958329 23 24.749999957756 26.4999999716464 28.2499999857277 30.2500000431009 26.500000057849 25.0000000291146 24.4999999999987 28.249999926251 30.7499999851526 30.9999999999974 28.0000000902148 22.2500000756577 21 23.2499999540329 24.7499999537464 30.4999998448652 37.2499999219558 40.2499999842957 41.0000000315993 40.5000000000013 43.2499999200501 46 47.7499999514558 49 48.2500000491172 44.7500000823403 38.0000000993803 34.0000000999525 28.5000001005276 27 27 24.5000000340822 24.2499999828636 26.7499999138449 28.5000000000013 29.9999999651581 32.0000000000013 29.750000088065 25.7500000531255 24 24 23.7500000179958 -9999 -9999 -9999 -9999 -9999 -9999 -9999 -9999 -9999 -9999 -9999 -9999 -9999 -9999 -9999
10 10 11.2499999867769 13.2499999600467 12.0000000268265 11.2500000135096 11.2499999319795 15.4999999726013 16 17.4999999444366 20.7499999580412 23.4999999718365 25.4999999716459 27.4999999714545 29.4999999999987 31 31 32.249999985347 33.2499999557519 34.4999999703094 33.9999999999983 32.5000000300717 28.0000000907916 24.0000000913637 23.2499999540329 24 26.4999999069178 31.4999999375621 34.9999999057714 39.4999999684012 36.2500000794733 40.499999840098 46 47.999999935274 48.2500000488307 46.0000000982344 42.7499999505955 44.5000000000013 41.7500001832512 31.5000001005276 27 27 26.4999999659182 27 26.2500000516943 24.7500000519808 24 26.2499999124103 31.2499999471597 32.5000000354191 32.0000000000026 31.2500001253037 24.2500000539875 23 -9999 -9999 -9999 -9999 -9999 -9999 -9999 -9999 -9999 -9999 -9999 -9999 -9999 -9999
10 9.00000005250456 10 10.9999999467298 13.9999999463478 14.5000000270167 12.2500000136038 15.9999999452018 17.7500000137948 14.5000000277815 15.2499999300709 20.2499999295934 23.4999999716464 25.7499999857277 28 30.2499999566126 31 33 31.0000000589992 29.0000000296919 26.250000074704 25.7499999548933 29.9999999697386 31.2500000456806 28.0000000919333 24.7500000462536 24 24.4999999687823 26.9999999057739 32.9999999684033 33.7499999841055 40.499999840098 45.499999967829 48.5000000000004 45.0000000651085 43.9999999672539 46.9999999670621 48.0000000662548 40.0000001332732 32.000000067018 29.0000000674 27 27 29 27 27 24 24 26.749999911935 31.999999893749 38.4999998931722 38.0000001432007 26.5000001079729 23.2500000180909 -9999 -9999 -9999 -9999 -9999 -9999 -9999 -9999 -9999 -9999 -9999 -9999 -9999 -9999
10 10 11.4999999735563 12 13.7499999329349 15 15 15 15.9999999999991 13.250000041671 12.4999999720279 16.2499999295921 20.7499999574683 23.9999999429099 26.2499999568978 28.4999999710742 30.2499999563249 32.4999999706914 32.0000000000009 29.7500000148462 28.0000000298829 25.0000000000009 24 25.2499999847719 29.2499999233857 30.250000046254 26.2500000465413 24.2500000156093 24 26.2499999526018 33.2499998569471 41.9999999360392 44.2499999517423 46 46.4999999674462 48.749999918138 51 46.7500001490718 39.0000000666364 33.5000001005276 31.0000000000009 29.000000033892 28.0000000000009 28.0000000685463 27 26.2500000519795 24 24 24 27.2499999468732 32.4999998575612 38.7499999820992 32.5000002159493 24.5000000361827 -9999 -9999 -9999 -9999 -9999 -9999 -9999 -9999 -9999 -9999 -9999 -9999 -9999 -9999
10 11.4999999737473 12 12 14.2499999597615 15 15 17 15.5000000275897 13.7500000138895 12.2500000139858 13.4999999718374 17.7499999291159 22.2499999571831 24.0000000000009 26.2499999566126 28 30.2499999560384 32.0000000000009 33.7499999851551 34 30.7500001052511 26.2500000756568 24 24 26.9999999074929 27.7500000465413 27 24.7499999528857 27.7499999526018 32.999999872842 39.2499999200492 42.499999967829 44.7499999190921 47.4999999023373 49.9999999345096 52 48.750000082817 39.7500001166131 34.5000000335088 34.4999999662994 31.5000001016735 29.2500000170413 28.0000000685463 27 26.2500000519795 24 24 24.4999999647731 26 26.9999999287819 32.4999998568006 35.2500000539871 29.0000001085455 27.4999999999987 -9999 -9999 -9999 -9999 -9999 -9999 -9999 -9999 -9999 -9999 -9999 -9999 -9999
10 12 12 12 12 12 15 15.4999999726005 17 17 15.5000000279734 14.5000000281644 13.4999999716455 17.2499999286363 21.9999999425309 25 26.4999999708832 28 29.4999999999987 31.4999999703094 33.2499999551776 34 32.0000000302649 28.50000006091 25.7500000459692 24 24 24 27 28.9999999368036 33.7499999205263 36.9999999360388 39.9999999356568 44.4999999029103 46.9999999348915 49.9999999345096 51.2499999835317 50.2500000828178 44.2500001166143 39.5000001005301 33.5000001011006 30.5000000338908 28.7500000511239 27 27 27 25.0000000696889 24 24.9999999295471 26 26 27.4999999641993 30.4999999999987 31.5 32.7499999818144 -9999 -9999 -9999 -9999 -9999 -9999 -9999 -9999 -9999 -9999 -9999 -9999 -9999
10 10 11.4999999735563 12 12 12 14.4999999727919 15 16.4999999724103 17 17.4999999720279 17.7500000140813 14.0000000567081 13.4999999714554 17.7499999281652 22.7499999276877 25.249999985442 25.7500000146543 26 28.2499999851551 29.5000000000013 31.2499999248207 33.2499999546059 34 31.7500000766118 25.0000000616723 23.7499999844866 24.9999999375638 27.4999999685905 29.9999999368028 33.4999999046318 36.9999999360388 40.9999999356568 44.4999999029103 46.4999999674462 48.7499999836276 50.0000000000009 49.5000000331276 47.4999999999987 46.0000001005263 38.5000000673987 37.4999999999979 32.7500001192861 30.0000000342723 27.500000034462 26.2500000519808 24 24 24.9999999295471 26 26 26.5000000000004 27.9999999280175 30.4999998914532 34.9999999272535 -9999 -9999 -9999 -9999 -9999 -9999 -9999 -9999 -9999 -9999 -9999 -9999 -9999
10 10 10.4999999735554 12 12 12 13 13.9999999726001 15.4999999724095 17 17 17.4999999999996 15.0000000567073 12.4999999714549 16.7499998994304 21.499999913224 23.4999999708832 25.4999999706918 27.0000000000009 28 28 25.0000000300713 25.7499999243411 30.2499999543169 30.7500000459662 24.7500000770901 22.7499999534587 24.9999999375638 27.9999999371818 30.4999999052048 33.9999999364208 37.4999999680196 40.7499999517423 43 45.7499999837227 46.4999999672544 48.2499999835317 49.4999999668732 51 50.2500000502644 47.5000000000013 43.7500001525097 34.0000001363283 30.2500000514091 27.500000034462 25.5000001039604 24 24 24.4999999647731 26 26 26 27.4999998920262 29.9999999276355 33.4999999636263 -9999 -9999 -9999 -9999 -9999 -9999 -9999 -9999 -9999 -9999 -9999 -9999 -9999
10 9.50000002625228 8.99999994711217 12 11.5000000268265 12 13.0000000000009 12 13.7499999586155 15 16.0000000000009 17 14.5000000283536 13.7499999286371 19.9999999425305 23 24.4999999708832 25 26.9999999410016 28 27.2500000448224 23 27.7499998940783 28.500000060907 24.7500000766131 -9999 -9999 24.4999999687823 27.249999952887 30.4999999052048 34.4999999682106 36.4999999680192 37.7499999517436 39.2499999514571 41.5000000000013 44.9999999672556 46.9999999341276 49.2499999503098 51 50.5000000335096 51 44.2500001864004 32.0000001363283 28.5000000342736 27 26.7500000173265 25.500000034844 24 24 26 26 26 26 28.7499999819091 31.2499999090679 31.750000054847 -9999 -9999 -9999 -9999 -9999 -9999 -9999 -9999 -9999 -9999 -9999 -9999
9.74999998696957 9.75000001312635 8.74999996033402 11.4999999733645 12 10 12 12 12 14.2499999583277 15 15.4999999718365 16.0000000000009 16.7499999571831 20 21.7499999566113 23.4999999708832 25 26.9999999410016 27.5000000296897 23.0000000597615 23.7499999548924 30.2499999546059 33.000000030455 30.5000001225823 23.2500000770914 -9999 22.9999999375633 26.9999999371822 31.249999952603 34.2499999841051 37.9999999360396 38.5000000000013 35.0000000323641 33.9999999674441 39.4999998690174 42.9999999670621 45.4999999337443 46.7499999833398 47.4999999664904 48.999999966299 46.5000001355639 34.5000001704109 29 27.5000000344629 27 26 24 25.499999964774 26 26 26 26 26 26.9999999999991 26.9999999999991 -9999 -9999 -9999 -9999 -9999 -9999 -9999 -9999 -9999 -9999 -9999 -9999
10 10 10 10.9999999467298 11.5000000268265 10 12 12 12 12 15 15.4999999718365 16.0000000000009 17.9999999429103 20 19.5000000289258 19.9999999417682 23.9999999413836 25.9999999410021 25.0000000593808 20.5000000298812 24.4999999097835 31 32.7499999543194 34 28.7500000770893 24.5000000620525 23.2499999531722 26.4999998429544 34.9999999368028 35.7500000158936 33.7500000159908 39.7499999195726 41.0000000647265 33.2500000813854 34.9999998690195 40.9999999999991 38.5 40.4999999333653 43.2499999497377 45.9999999663007 42.7500001864017 33.5000001022465 29.2500000171364 28.500000034462 27 26.250000017422 26 26 26 26 26 26 26 26 26 -9999 -9999 -9999 -9999 -9999 -9999 -9999 -9999 -9999 -9999 -9999 -9999
9 8.50000002625185 9.74999998677772 10 10 9.74999998649123 11.4999999727915 12 12 12 15 16.4999999718365 15 16.7499999571818 18.9999999999991 17.5000000289253 18.7499999272094 23 23.9999999999991 21.750000014844 19.749999955178 24.4999999097835 29.9999999394737 31 32.2499999233869 34 32.7500000155146 29.0000000936556 25.4999999685913 32.7499998262077 40.499999968211 38.5000000639629 36.2499999517436 37.0000000970884 30.5000000976627 30.7499999181355 39.2499998517851 42.0000000662548 35.2500001166131 35.9999998994703 42.7499999157485 43.750000084729 38.7500000852078 39.0000000000034 36.7500000516977 32.5000000693095 28.2500000174233 26.2500000175179 26 26 26 26 26 24.9999999999991 26 26 -9999 -9999 -9999 -9999 -9999 -9999 -9999 -9999 -9999 -9999 -9999 -9999
9 7 9.49999997355587 10 9.00000005365266 7.49999997298332 10.9999999455838 12 12 11 13.4999999160838 15 15 17 17 17.4999999710747 19.4999999708832 21.249999985347 17.750000073749 16.000000029691 20.4999998505942 26.9999999398557 29.5000000000013 29.000000030455 30.4999999693553 33.2499999537464 34 33.5000000312177 31.0000000314066 31.2499999526018 38.9999998728428 42.2499999840096 43.0000000321697 40.5000000647248 34.500000162769 28.0000000654904 28.7499999505972 35.2499998840575 34.7500000832953 32 35.4999998652009 40.2499999830568 43.4999999318374 47.7499999143181 49.500000034462 45.2500001559382 35.5000001393761 29.2500000875875 27.0000000352256 26 26 26 26 25.5000000361818 25 24.0000000731289 -9999 -9999 -9999 -9999 -9999 -9999 -9999 -9999 -9999 -9999 -9999 -9999
7.50000002606086 7 8.49999997355545 9.49999999999957 8.75000004023939 7.74999995947498 10 10.9999999999991 10.5000000275897 11.4999999722193 15 15 15.9999999432919 17 16.4999999712652 18.499999913224 19.5000000291159 17.5000000586151 14.5000000294988 13.4999999703094 18.4999998804745 26.4999999097835 28 26 28.9999999387093 31.7499999537452 34 34.9999999375638 36.250000047113 32.500000031598 35.999999872842 41.7499999520288 45 45.4999999676372 41.7500001464955 32.5000001309826 28.2500000164692 27.4999999668724 31.7499999167034 34.9999999664917 32.7500000505509 29.999999966108 31.2499999488748 34.7499999143139 39.9999999310717 41.2500000173231 37.2500000522648 37.2499999824833 34.7500001232944 29.0000001062536 26.2500000178049 26 26 26 25.5000000363737 24.7500000182832 -9999 -9999 -9999 -9999 -9999 -9999 -9999 -9999 -9999 -9999 -9999 -9999
