socal_rasters/bio19_SPHAsouth_aggfac2.asc
NCOLS 210 
NROWS 130 
XLLCORNER -119.45 
YLLCORNER 32.483333333 
CELLSIZE 0.0166666666666667 
NODATA_value -9999 
[rows 26 to 51 of 130, columns 120 to 179 of 210]
291.499999792938 295.750000197185 279.250000081857 274.000000023578 279.499999833606 296.249999844253 303.749999987929 316.499999756562 329.249999963199 321.500000197809 315.999999875418 314.50000017576 307.750000012656 302.750000063726 295.500000154086 289.249999935325 299.499999869695 308.999999737474 341.499999576894 353.00000010655 -9999 -9999 -9999 -9999 -9999 -9999 -9999 -9999 -9999 -9999 -9999 -9999 -9999 -9999 -9999 -9999 -9999 -9999 -9999 -9999 -9999 -9999 -9999 -9999 -9999 -9999 -9999 -9999 -9999 -9999 -9999 -9999 -9999 -9999 -9999 -9999 -9999 -9999 -9999 -9999
294.250000126541 290.000000023199 291.999999906443 287.750000200431 278.500000000001 279.25000001198 280.499999951691 288.249999817412 300.499999877315 305.749999987631 302.500000074747 299.500000025106 301.499999898806 307.749999936277 301.000000205448 281.000000258702 283.749999596046 309.499999763727 318.000000026436 310.250000093216 320.999999597605 -9999 -9999 -9999 -9999 -9999 -9999 -9999 -9999 -9999 -9999 -9999 -9999 -9999 -9999 -9999 -9999 -9999 -9999 -9999 -9999 -9999 -9999 -9999 -9999 -9999 -9999 -9999 -9999 -9999 -9999 -9999 -9999 -9999 -9999 -9999 -9999 -9999 -9999 -9999
300.25000003451 299.250000034795 291.000000116944 285.000000047161 281.500000023771 280.5 279.000000024151 276.000000048685 270.500000049071 271.499999901101 281.249999912795 293.749999786585 304.499999924106 304.500000076472 306.999999871592 291.000000620882 286.999999400585 310.750000223139 287.500000158669 290.249999826875 306.249999798807 305.250000256668 -9999 -9999 -9999 -9999 -9999 -9999 -9999 -9999 -9999 -9999 -9999 -9999 -9999 -9999 -9999 -9999 -9999 -9999 -9999 -9999 -9999 -9999 -9999 -9999 -9999 -9999 -9999 -9999 -9999 -9999 -9999 -9999 -9999 -9999 -9999 -9999 -9999 -9999
303.74999996549 304.000000023199 298.750000105252 290.000000094322 282.500000047543 279.999999999999 281.49999992754 287.999999926966 280.750000257619 264.250000061816 266.749999937707 272.74999988701 285.499999848202 293.999999898037 306.24999985875 295.750000297505 305.499999374528 325.500000288772 281.750000515661 282.249999613791 304.999999839044 299.000000351223 268.250000367307 263.499999780805 -9999 -9999 -9999 -9999 -9999 -9999 -9999 -9999 -9999 -9999 -9999 -9999 -9999 -9999 -9999 -9999 -9999 -9999 -9999 -9999 -9999 -9999 -9999 -9999 -9999 -9999 -9999 -9999 -9999 -9999 -9999 -9999 -9999 -9999 -9999 -9999
303.499999976993 304.000000000001 301.500000070167 297.50000002358 291.25000015451 280.25000013179 276.250000012077 275.250000036518 269.500000098143 266.249999987638 266.750000012459 263.500000025109 268.249999911457 274.499999949025 279.999999948644 278.250000038809 288.249999778484 294.750000065636 279.000000264442 281.249999667061 299.49999994635 286.500000270176 264.750000204061 274.499999616404 290.749999875835 323.499998972094 -9999 -9999 -9999 -9999 -9999 -9999 -9999 -9999 -9999 -9999 -9999 -9999 -9999 -9999 -9999 -9999 -9999 -9999 -9999 -9999 -9999 -9999 -9999 -9999 -9999 -9999 -9999 -9999 -9999 -9999 -9999 -9999 -9999 -9999
301.249999965489 301.999999999999 300.000000046778 297.50000002358 296 289.500000143774 277.000000120767 272.000000048688 267.250000061338 263.750000061814 260.000000049832 256.999999999998 256.4999999747 257.499999974508 261.499999948635 262.499999999997 268.249999882721 274.499999921239 275.249999986776 284.749999746967 293.250000147543 273.500000216136 275.749999768738 302.249999630115 326.999999724101 341.499999833311 343.500000307688 -9999 -9999 -9999 -9999 -9999 -9999 -9999 -9999 -9999 -9999 -9999 -9999 -9999 -9999 -9999 -9999 -9999 -9999 -9999 -9999 -9999 -9999 -9999 -9999 -9999 -9999 -9999 -9999 -9999 -9999 -9999 -9999 -9999
297.000000000001 298.500000023199 297.000000000001 295.250000035371 293.000000023772 290.250000059905 281.000000144918 272.000000097377 266.500000073606 259.000000098905 255.249999987541 255.999999974892 255.500000050598 253.5 252.750000038523 249.500000000001 252.24999996091 254.499999973751 259.249999907448 270.499999786924 278.250000013418 289.99999959474 318.249999795935 324.499999945199 327.750000041386 314.250000208363 308.499999972032 304.250000070411 -9999 -9999 -9999 -9999 -9999 -9999 -9999 -9999 -9999 -9999 -9999 -9999 -9999 -9999 -9999 -9999 -9999 -9999 -9999 -9999 -9999 -9999 -9999 -9999 -9999 -9999 -9999 -9999 -9999 -9999 -9999 -9999
293.999999999999 293.999999999999 292.750000058472 290.000000023578 288.499999999998 288.500000047923 280.000000120764 271.000000097376 263.500000122674 255.250000086541 254.749999962624 256.249999987445 255.000000025299 255.249999961766 256.000000025684 254.500000051744 253.000000026064 253.249999960623 257.499999947113 260.49999994673 267.499999839044 283.999999729826 296.249999931972 299.499999972591 303.749999875838 318.999999666629 336.749999930078 334.750000098586 331.749999957483 340.249999728827 -9999 -9999 -9999 -9999 -9999 -9999 -9999 -9999 -9999 -9999 -9999 -9999 -9999 -9999 -9999 -9999 -9999 -9999 -9999 -9999 -9999 -9999 -9999 -9999 -9999 -9999 -9999 -9999 -9999 -9999
286.500000000003 286.000000023201 283.250000035086 281.250000058953 277.749999988117 279.000000023965 271.500000096614 263.50000004869 258.25000011041 253.249999987638 255.249999962625 256.499999999999 255.5 257.749999987256 259.000000000001 261.500000025871 261.5 260.500000052504 261.999999973556 265.749999933412 274.249999825629 285.499999864909 291.749999931971 289.750000123288 287.499999834459 302.749999763867 320.749999678331 343.499999774707 354.999999773177 365.249999957186 358.500000172404 -9999 -9999 -9999 -9999 -9999 -9999 -9999 -9999 -9999 -9999 -9999 -9999 -9999 -9999 -9999 -9999 -9999 -9999 -9999 -9999 -9999 -9999 -9999 -9999 -9999 -9999 -9999 -9999 -9999
278.249999988498 276.750000034799 269.000000070166 266.499999999997 264.750000035654 264.249999988016 260.500000096611 253.500000024342 254.249999963199 259.499999925826 264.999999925254 264.250000087882 257.250000088548 251.250000012744 252.249999961477 254.249999961193 256.999999947877 260.999999973748 263.499999973558 267.24999990678 283.249999637851 311.749999716322 324.999999918375 310.000000520578 283.000000027588 292.749999819424 303.2499999021 309.499999859185 321.499999801522 333.749999871542 339.499999971258 337.500000028916 335.500000058224 -9999 -9999 -9999 -9999 -9999 -9999 -9999 -9999 -9999 -9999 -9999 -9999 -9999 -9999 -9999 -9999 -9999 -9999 -9999 -9999 -9999 -9999 -9999 -9999 -9999 -9999 -9999
332.999999976979 318.500000301568 287.50000030405 263.500000235798 253.500000047544 255.49999976038 273.750000036224 262.749999939135 285.4999996565 296.250000111258 293.749999912787 294.250000087872 279.000000252982 259.75000019117 251.749999961477 258.499999896517 267.49999986969 273.749999986869 279.749999854553 291.249999880137 295.499999973173 295.500000054041 292.750000068028 282.250000150698 284.999999806867 305.499999722187 322.499999888108 326.249999845101 338.999999858228 335.750000214087 320.000000172409 315.25000004339 307.25000024749 289.750000131889 284.500000117995 -9999 -9999 -9999 -9999 -9999 -9999 -9999 -9999 -9999 -9999 -9999 -9999 -9999 -9999 -9999 -9999 -9999 -9999 -9999 -9999 -9999 -9999 -9999 -9999 -9999
313.500000184038 285.250000150774 298.249999847967 268.750000554128 245.750000106967 245.999999784338 264.74999993961 267.249999841761 300.749999423423 321.500000247259 293.250000161959 299.999999824239 305.000000075898 285.75000036961 256.250000321014 247.499999870643 264.749999622105 289.24999982936 296.749999933891 295.250000119855 279.000000295082 269.499999918947 279.249999877565 285.249999931504 290.749999875844 303.499999749967 313.999999972022 313.24999995775 322.249999929109 314.250000156992 304.250000100567 301.999999999997 295.750000247486 282.25000007327 288.749999808256 296.499999940622 296.500000149406 -9999 -9999 -9999 -9999 -9999 -9999 -9999 -9999 -9999 -9999 -9999 -9999 -9999 -9999 -9999 -9999 -9999 -9999 -9999 -9999 -9999 -9999 -9999
261.500000023006 248.750000057998 257.499999953233 241.000000259386 232.250000011888 234.749999916133 247.749999818852 269.999999707867 288.49999982825 294.249999987638 299.499999950161 296.000000100426 290.500000050601 292.249999961766 276.500000436571 249.75000021989 237.250000039093 248.249999750615 265.24999980168 270.249999986687 270.25000001341 275.999999837894 285.999999891166 289 291.249999958614 296.749999902766 306.749999790207 311.750000042241 306.25000009924 298.000000114183 296.499999913798 296.500000115702 283.250000160141 282.750000043964 273.250000132752 276.499999851559 278.000000089651 271.500000090219 268.250000075656 -9999 -9999 -9999 -9999 -9999 -9999 -9999 -9999 -9999 -9999 -9999 -9999 -9999 -9999 -9999 -9999 -9999 -9999 -9999 -9999 -9999
277.500000115033 239.250000498756 223.749999941525 233.749999893892 236.250000083199 238.999999928115 248.499999806775 275.749999647005 302.999999681039 313.500000098908 304.750000037371 312.499999874454 303.750000341539 294.499999821572 304.500000051367 286.250000349256 259.750000377897 234.500000210024 233.999999814889 252.749999720324 269.249999879275 276.749999905435 279.999999918372 283.499999972598 287.499999917227 296.999999805531 308.249999874122 307.750000211216 289.250000212649 283.749999985724 289.499999913794 287.750000188012 272.500000232929 265.499999999995 255.000000294988 247.499999910927 251.999999910353 262.249999804528 267.500000121048 247.250000258859 254.749999555647 -9999 -9999 -9999 -9999 -9999 -9999 -9999 -9999 -9999 -9999 -9999 -9999 -9999 -9999 -9999 -9999 -9999 -9999 -9999
236.000000092037 219.750000197187 218.499999883055 231.999999882102 234.49999997623 238.24999998802 238.749999987927 245.999999878283 273.999999386628 316.249999814557 289.500000772428 256.749999912134 270.999999873518 290.499999617655 304.750000064207 293.500000181099 276.750000247585 265.250000039374 262.250000092543 256.750000013306 251.500000080472 251.499999972983 258.749999877567 268.249999876706 274.999999889641 283.74999987499 286.500000055948 278.250000126737 272.000000028356 272.999999914366 279.749999870697 283.000000057851 268.50000032028 249.50000017585 244.250000073749 240.249999955465 241.500000119526 239.749999834607 248.250000105924 245.249999862956 255.249999923389 253.000000123353 238.250000263737 -9999 -9999 -9999 -9999 -9999 -9999 -9999 -9999 -9999 -9999 -9999 -9999 -9999 -9999 -9999 -9999 -9999
222.249999942482 219.250000081194 220.499999929833 225.499999905678 234.74999989303 237.000000023964 231.250000060383 235.499999853934 251.499999779179 273.999999653822 277.750000386206 234.750000414281 231.249999784953 252.249999706855 263.50000002567 252.250000219889 242.000000052115 249.249999750594 269.249999748771 281.999999920089 280.750000067064 277.249999986495 271.000000217672 267.249999876706 275 275.499999972218 275.500000027972 272.250000042244 269.750000014176 267.250000042817 266.999999971262 271.499999942145 268.000000174697 247.250000278427 239.500000058997 230.000000118757 224.750000044816 225.749999804527 237.249999924339 239.999999969542 233.500000183865 222.000000092504 217.500000124104 211.500000031214 212.750000141336 199.000000126392 -9999 -9999 -9999 -9999 -9999 -9999 -9999 -9999 -9999 -9999 -9999 -9999 -9999 -9999
211.249999965492 213.749999965205 217.499999929833 221.99999995284 233.49999978606 245.749999988018 242.500000096609 235.749999963482 235.750000085876 227.250000037095 231.000000000009 222.00000017576 215.000000000003 219.999999898045 224.999999974324 225.000000051744 221.000000026063 219.000000026256 223.499999841342 236.249999826881 245.499999892704 255.999999756854 268.999999945591 267.000000027402 270.999999944821 274.499999944437 275.000000027971 273.250000014081 269.750000042531 262.250000156999 252.750000129307 252.499999913228 256.00000011647 239.000000351703 224.500000147499 211.750000222679 202.000000089646 204.499999819571 216.499999788163 215.250000167504 205.500000091941 200.000000061678 194.500000093086 189.25000007805 184.000000062824 182.499999936808 193.749999793373 -9999 -9999 -9999 -9999 -9999 -9999 -9999 -9999 -9999 -9999 -9999 -9999 -9999
208.24999996549 212.999999930406 216.499999929833 220.999999952839 229.49999980983 241.999999880189 246.749999939616 244.250000158236 227.500000269885 209.250000135992 204.99999997508 207.499999999997 204.500000050596 203.499999999998 205.749999935794 208.499999974125 209.250000065148 203.250000065628 199.750000092553 199.749999853501 214.249999798798 226.749999824383 237.749999877559 246.499999835602 264.749999682712 275.499999972217 280.99999986014 279.500000140818 271.25000009924 258.250000242633 244.000000172405 235.250000101236 229.00000011646 217.500000175845 208.250000103244 200.250000103914 195.000000089644 190.250000015035 192.249999954601 191.500000091358 184.500000091934 180.000000092505 175.50000009308 173.250000046826 168.500000094226 165.250000015798 165.249999952311 168.250000015984 163.000000096511 158.500000161815 -9999 -9999 -9999 -9999 -9999 -9999 -9999 -9999 -9999 -9999
209.499999907972 213.749999988401 213.499999976611 215.000000000001 218.249999916804 230.999999856231 233.00000004831 232.749999963487 232.000000122674 210.500000346163 193.500000049837 191.999999974895 192.999999974704 193.000000025493 191.000000025684 189.249999961197 197.999999765446 228.749999514322 231.250000542095 188.000000292986 187.999999865873 199.999999729834 220.99999975513 236.499999780809 254.999999834461 258.499999916661 275.249999678325 280.2500001549 273.250000070887 261.750000214088 254.999999942527 242.000000462799 218.500000203813 216.499999824143 236.249999749239 233.000000237504 228.999999999986 214.500000300709 195.000000332887 184.250000015225 184.499999999995 178.000000092505 182.749999798317 196.499999812678 196.500000125622 175.00000047397 157.750000015894 156.499999968018 156.500000032171 149.500000161817 141.000000130217 -9999 -9999 -9999 -9999 -9999 -9999 -9999 -9999 -9999
211.99999993098 216.249999988402 211.750000035083 218.4999998821 221.000000071315 221.249999940095 224 226.249999890451 230.500000098138 209.250000358526 187.75000016196 180.250000012552 181.499999999998 183.749999987253 192.999999717514 214.749999805985 221.999999869697 239.249999829351 225.250000515652 186.250000359575 177.499999919521 -9999 201.74999971431 224.74999957531 249.499999889638 242.000000083341 252.749999734261 261.249999957752 259.500000113414 249.000000085631 252.749999727018 264.250000043387 264.499999854433 289.249999457817 317.249999837766 308.000000296913 292.750000164359 274.250000405983 247.000000453958 236.999999665021 254.000000091955 230.750000323797 242.999999472553 265.49999984392 251.500000659597 199.250000868961 175.499999841061 189.999999840111 190.250000337811 157.250000501634 144.000000065112 136.500000163727 -9999 -9999 -9999 -9999 -9999 -9999 -9999 -9999
217.499999976992 221.249999965203 218.750000128637 208.500000070742 212.249999845493 220.499999928116 221.250000084539 216.749999987832 216.250000061341 207.500000148356 188.750000261627 175.500000075325 173.999999974703 176.749999936276 206.749999319455 237.000000051746 207.750000430018 -9999 208.749999907444 193.000000319621 183.499999999998 181.749999986491 -9999 -9999 222.499999724108 229.000000027785 242.749999678321 254.999999971837 251.500000170126 233.500000228363 230.499999827598 261.249999291328 304.999999534137 325.249999780191 336.249999926255 339.250000044534 327.00000032869 297.750000496187 275.750000166444 278.999999695457 301.499999724192 301.000000246676 298.749999829339 302.750000171694 268.500000753817 224.750000647765 212.249999570837 241.249999856081 224.25000069168 185.750000275079 185.500000065097 157.25000060578 -9999 -9999 -9999 -9999 -9999 -9999 -9999 -9999
217.250000011503 215.999999953601 221.500000023386 208.250000318329 191.749999988112 197.999999976033 200.749999963768 203.999999951311 201.000000098137 201.24999988873 196.250000236712 175.500000175756 168.999999999999 170.49999997451 182.999999743184 -9999 -9999 -9999 218.250000568547 181.75000009322 184.000000026824 182.249999986492 183.5 184.4999999726 191.749999793071 205.499999805527 231.249999566427 245.749999985916 243.250000070888 241.49999988583 245.500000057482 258.749999435957 298.24999966516 309.749999868114 318.750000014747 313.750000014836 321.749999775888 320.750000315764 295.750000348033 286.499999908641 307.999999479035 334.749999830402 328.250000294757 304.000000499486 265.500000659591 237.750000173797 240.749999761585 262.499999712179 249.250000595176 217.750000242727 201.500000390646 173.250000507548 144.250000345831 -9999 -9999 -9999 -9999 -9999 -9999 -9999
-9999 -9999 197.500000000006 192.250000082533 186.00000002377 187.749999940096 190.500000000003 189.500000000004 186.750000036804 188.249999888734 191.50000009967 176.25000018831 168.250000012649 167.250000012745 169.999999897277 182.749999754232 -9999 220.500000210027 188.250000489224 176.249999906776 181.999999973171 189.499999810876 204.999999863949 196.500000301383 182.250000041386 186.499999888878 199.749999734271 229.999999436745 272.749999503802 299.999999714543 305.500000201133 290.750000072304 305.749999665158 313.250000014656 303.500000324496 295.749999777321 318.499999611544 334.249999924822 329.750000166442 321.750000015218 326.999999877415 329.750000077093 317.000000217192 298.750000327789 272.750000329792 267.749999889402 259.750000206629 259.749999856091 249.250000498661 207.750000631088 179.000000260433 170.250000081859 152.750000444636 -9999 -9999 -9999 -9999 -9999 -9999 -9999
202.750000080525 193.500000069597 193.249999918143 199.499999929265 203.500000023777 198.750000035948 198.749999963777 198.749999987834 196.500000049074 192.750000061817 192.749999987544 188.00000017576 170.250000215043 164.49999997451 167.999999897276 184.999999637816 204.499999999997 180.250000380653 173.249999907447 188.999999760287 201.749999879287 219.999999567733 252.499999700717 237.750000671286 189.500000386265 180.999999944437 184.999999944055 195.999999690201 229.749999418728 267.999999486172 296.749999755746 302.000000115694 292.50000014557 273.750000337031 267.249999867245 293.749999628869 289.750000343623 289.499999729337 313.249999591437 334.499999847725 331.000000183867 315.250000323774 291.250000387831 286.249999828295 287.250000141343 277.500000157993 259.000000381472 242.500000127918 228.500000386054 207.250000242726 198.75000008139 189.250000278335 162.250000576385 129.250000414091 -9999 -9999 -9999 -9999 -9999 -9999
196.749999850457 206.249999942002 209.999999929831 217.249999964628 215.250000083199 208.000000023963 212.499999903389 217.499999975654 212.500000122673 202.000000098903 199.499999875417 202.500000150648 177.500000379484 162.50000002549 164.749999935799 175.499999767171 185.25000009122 174.500000026251 190.749999642999 210.999999813547 219.24999993293 227.999999783865 248.999999700717 254.500000301391 203.250000813907 179.499999916657 184.74999993007 188.499999971837 192.999999886585 205.249999728829 229.499999597731 246.499999971086 238.500000174705 227.250000073276 237.749999601766 268.249999747641 255.750000463163 254.249999594028 284.499999576317 311.24999971069 309.750000260488 287.750000385457 268.500000124109 279.249999672207 285.750000172751 271.250000268589 249.500000445055 226.000000159906 214.750000241289 199.000000161821 187.500000292994 171.500000196477 153.25000037877 127.750000447218 -9999 -9999 -9999 -9999 -9999 -9999
180.499999769927 199.24999984921 207.49999995322 210.749999988208 210.500000023771 207.000000023964 212.999999903389 217.250000060859 201.750000282148 186.500000123624 178.250000012453 187.249999887009 178.750000290938 163.50000007647 162.499999974319 164.999999948259 168.499999973938 182.749999619344 220.249999510789 242.749999853512 245.500000080483 231.250000229649 234.499999646296 244.000000301387 202.500000634572 179.499999972219 186.74999993007 190.749999957756 192.499999943292 195.5 198.99999988506 210.999999739667 219.250000043672 215.750000014655 225.999999764008 234.499999970304 235.499999970115 255.999999428632 291.749999621715 305.000000030456 288.250000352415 278.749999984584 282.749999891409 286.750000046827 276.750000298383 255.750000363376 228.000000445047 204.75000023985 190.75000024128 182.250000048543 178.000000130219 162.250000343825 140.250000312892 123.75000028158 114 -9999 -9999 -9999 -9999 -9999
