socal_rasters/bio19_SPHAsouth_aggfac2.asc
NCOLS 210 
NROWS 130 
XLLCORNER -119.45 
YLLCORNER 32.483333333 
CELLSIZE 0.0166666666666667 
NODATA_value -9999 
[rows 0 to 25 of 130, columns 0 to 59 of 210]
-9999.000000000000000 -9999 -9999 -9999 -9999 -9999 -9999 -9999 -9999 -9999 -9999 -9999 -9999 -9999 -9999 -9999 -9999 -9999 -9999 -9999 -9999 -9999 -9999 -9999 -9999 -9999 -9999 -9999 -9999 -9999 -9999 -9999 -9999 -9999 -9999 -9999 -9999 -9999 -9999 -9999 -9999 -9999 -9999 -9999 -9999 -9999 -9999 -9999 -9999 160.500000047257 -9999 -9999 -9999 -9999 -9999 -9999 -9999 -9999 -9999 -9999
-9999 -9999 -9999 -9999 -9999 -9999 -9999 -9999 -9999 -9999 -9999 -9999 -9999 -9999 -9999 -9999 -9999 -9999 -9999 -9999 -9999 -9999 -9999 -9999 -9999 -9999 -9999 -9999 -9999 -9999 -9999 -9999 -9999 -9999 -9999 -9999 -9999 -9999 -9999 -9999 -9999 -9999 -9999 -9999 -9999 -9999 185.500000195315 155.000000018138 158.000000009261 159.749999966924 168.74999994697 175.999999980332 -9999 -9999 -9999 -9999 -9999 -9999 -9999 -9999
-9999 -9999 -9999 -9999 -9999 -9999 -9999 -9999 -9999 -9999 -9999 -9999 -9999 -9999 -9999 -9999 -9999 -9999 -9999 -9999 -9999 -9999 -9999 -9999 -9999 -9999 -9999 -9999 -9999 -9999 -9999 -9999 -9999 -9999 -9999 -9999 -9999 -9999 -9999 -9999 -9999 -9999 -9999 189.750000078899 209.999999779062 230.750000073838 184.500000266335 155.749999950121 183.249999847207 198.750000023615 194.999999980706 200.999999999988 182.500000190441 152.000000061286 159.999999916753 -9999 -9999 -9999 -9999 -9999
-9999 -9999 -9999 -9999 -9999 -9999 -9999 -9999 -9999 -9999 -9999 -9999 -9999 -9999 -9999 -9999 -9999 -9999 -9999 -9999 -9999 -9999 -9999 -9999 -9999 -9999 -9999 -9999 -9999 -9999 -9999 -9999 -9999 -9999 -9999 -9999 -9999 -9999 -9999 209.000000301673 166.750000019333 201.749999750371 253.749999857977 254.000000149526 229.250000021248 227.250000013029 201.750000226392 163.250000058951 173.249999893506 189.249999976361 190.499999951783 218.749999818088 215.750000245583 166.500000091933 182.499999823105 195.250000047694 179.000000086315 -9999 -9999 -9999
-9999 -9999 -9999 -9999 -9999 -9999 -9999 -9999 -9999 -9999 -9999 -9999 -9999 -9999 -9999 -9999 -9999 -9999 -9999 -9999 -9999 -9999 -9999 -9999 -9999 -9999 -9999 -9999 -9999 -9999 -9999 -9999 -9999 -9999 -9999 201.500000020333 204.249999871085 233.249999953475 228.250000047789 204.000000158381 167.000000046397 189.499999801886 251.749999760591 257.000000166138 221.250000080736 216.999999930509 228.500000008876 201.500000217641 -9999 159.99999997165 168.999999951793 186.999999891846 190.250000125308 161.500000051075 174.249999880336 183.0000000318 168.500000086316 156.250000038433 152.250000027928 -9999
-9999 -9999 -9999 -9999 -9999 -9999 -9999 -9999 -9999 -9999 -9999 -9999 -9999 -9999 -9999 -9999 -9999 -9999 -9999 -9999 -9999 -9999 -9999 -9999 -9999 -9999 -9999 -9999 -9999 -9999 -9999 -9999 -9999 248.999999974423 256.999999986846 243.250000125404 200.500000118476 192.99999994988 198.500000007346 197.750000041478 172.25000006573 181.999999889052 212.499999878252 209.0000001412 191.499999940516 218.49999993051 212.50000006214 208.250000013597 188.000000166679 -9999 162.999999961432 165.500000019663 160.250000075178 159.749999954034 164.999999999999 158.000000063579 151.000000010789 155.499999956088 174.24999984921 199.249999914803
-9999 -9999 -9999 -9999 -9999 -9999 -9999 -9999 -9999 -9999 -9999 -9999 -9999 -9999 -9999 -9999 -9999 -9999 -9999 -9999 -9999 -9999 -9999 -9999 -9999 -9999 -9999 -9999 -9999 -9999 207.499999912657 240.499999987968 220.750000065155 235.499999840115 295.999999848507 295.000000115215 264.250000094063 243.500000078737 226.250000018359 223.000000067861 190.000000146912 167.250000011887 171.999999991888 172.500000008309 186.999999838547 227.749999891417 215.500000142041 191.500000054413 185.500000009262 -9999 162.249999995179 158.250000044247 -9999 170.999999999997 166.500000031217 159.999999978806 175.99999987053 199.749999851768 222.249999916217 224.000000113619
-9999 -9999 -9999 -9999 -9999 -9999 -9999 -9999 -9999 -9999 -9999 -9999 -9999 -9999 -9999 -9999 -9999 -9999 -9999 -9999 -9999 -9999 -9999 -9999 -9999 -9999 -9999 -9999 282.500000081619 230.00000017463 225.249999828232 271.500000036088 221.000000161328 213.749999881677 278.749999746405 312.750000016942 305.750000024391 298.000000035801 285.250000047784 267.750000094272 226.000000208783 174.250000122831 169.249999971598 183.499999925246 192.999999949015 208.749999926157 219.249999995557 203.250000149639 179.000000046299 174.250000042527 -9999 -9999 178.249999984966 175.75000005618 163.50000007284 165.249999878139 186.749999897507 199.999999956076 202.250000005577 193.000000159055
-9999 -9999 -9999 -9999 -9999 -9999 -9999 -9999 -9999 -9999 -9999 -9999 -9999 -9999 -9999 -9999 -9999 -9999 -9999 -9999 -9999 -9999 -9999 -9999 312.750000030407 294.500000043815 291.749999992393 281.750000065628 245.750000117006 207.750000064783 212.749999915578 241.999999951906 220.250000133408 203.249999952034 246.749999772764 285.75000001695 266.50000006273 272.249999910515 275.500000073513 247.250000094276 221.250000143054 179.250000083203 186.249999931014 192.750000004153 191.500000008498 187.499999982629 210.749999835759 227.250000068009 196.25000015278 170.750000089781 162.749999966254 173.49999999017 173.000000010026 176.249999984676 166.000000062434 169.999999915226 176.250000005397 175.750000005492 178.249999983247 170.000000124981
-9999 -9999 -9999 -9999 -9999 -9999 -9999 -9999 -9999 -9999 -9999 -9999 -9999 -9999 -9999 -9999 -9999 -9999 -9999 -9999 -9999 347.99999996716 324.750000092352 286.500000040371 317.749999857298 352.249999982963 354.500000015187 338.7500000709 302.75000011158 247.500000197182 198.750000032027 204.999999975945 202.750000027922 202.49999997442 240.749999766176 288.750000010174 246.500000188158 235.749999896182 248.500000029399 229.500000098039 210.000000054122 -9999 177.499999975649 185.499999950157 184.75000005523 188.249999891417 220.749999862392 234.000000009063 223.50000011112 187.250000203198 163.750000004822 168.749999965587 180.499999929837 184.750000056182 166.500000052029 171.749999952315 170.000000021577 170.749999972551 169.500000055852 159.500000034083
-9999 -9999 -9999 -9999 -9999 -9999 -9999 -9999 -9999 -9999 -9999 -9999 -9999 -9999 -9999 -9999 -9999 -9999 -9999 251.50000000745 265.499999933476 293.249999977439 280.500000073038 248.750000047116 265.999999869012 335.499999844187 361.00000000506 354.000000042008 320.750000133342 259.250000211259 206.500000046582 208.000000006016 205.999999993797 227.249999881674 274.999999795808 305.25000007117 254.500000229967 233.999999906925 260.249999944862 256.000000090485 219.250000150775 -9999 -9999 180.749999987535 185.999999949008 207.249999900094 210.500000062144 202.74999999547 215.499999935187 200.250000212645 169.250000033746 177.249999906588 188.749999984965 177.750000127688 165.499999979188 174.999999968209 172.250000037759 169.500000010981 164.750000050268 162.749999971594
-9999 -9999 -9999 -9999 -9999 -9999 -9999 -9999 -9999 -9999 -9999 -9999 -9999 -9999 -9999 225 228.9999999874 235.499999993317 238.999999996467 239.499999999999 241.99999999217 243.750000006152 239.250000019324 227.500000017944 238.249999936837 277.499999873381 338.749999865887 350.500000068262 307.250000160551 250.250000138024 211.500000075701 192.750000027061 203.249999910033 230.249999945634 245.249999917655 265.249999989822 244.250000156791 214.749999974936 263.999999742718 294.500000045248 259.750000220381 194.000000190188 202.49999983769 222.000000000004 231.249999927776 235.000000069495 215.250000093216 195.750000058948 194.749999986109 185.750000118132 170 179.249999955752 181.500000020045 171.250000056181 169.749999953175 175.499999989403 169.500000032365 169.499999978043 180.749999927397 193.499999909115
-9999 -9999 -9999 -9999 -9999 -9999 -9999 -9999 -9999 -9999 -9999 -9999 238.750000001191 252.749999975493 257.000000008295 248.250000010345 241.250000011017 237.000000006678 236.50000000353 235.25000000186 235.250000005871 228.000000020525 225.499999987112 239.499999946154 259.499999962561 276.249999958603 299.74999993675 308.500000005262 304.500000048984 265.750000132388 220.250000125192 191.000000024055 208.749999903827 218.500000031982 216.999999967069 223.24999998984 217.500000076661 203.249999960622 231.74999987872 246.000000007555 229.250000150798 184.50000010302 188.749999922903 200.749999954316 216.249999910777 223.250000065153 205.750000066586 195.250000031742 193.00000003704 177.75000006143 170.999999990357 173.000000000001 172.000000000001 171 174.999999979188 174.000000010597 176.999999967632 182.999999978039 186.499999977662 194.249999914794
-9999 -9999 -9999 -9999 -9999 -9999 -9999 -9999 -9999 253.249999990024 258.00000000201 261.749999987932 276.749999977336 299.249999970356 313.499999983395 318.500000002979 308.750000026793 298.000000003361 294.250000012379 279.000000044685 253.000000050883 229.750000043101 225.749999976373 239.499999959616 255.749999978937 257.000000014599 253.999999994929 254.249999992112 260.000000005429 238.750000092945 207.750000084428 192.499999993987 206.749999953464 208.000000019186 211.499999940719 223.749999989837 207.250000108017 196.499999964198 200.500000022045 196.500000022617 188.500000038658 186.24999996434 197.999999983768 202.749999937697 227.749999910772 226.250000099896 199.000000124288 181.250000031738 181.74999996759 187.999999943302 199.999999990369 192.250000063923 181.250000055136 176.250000015324 175.249999994798 176.749999984107 178.250000005394 177.250000016469 173.000000022341 175.249999960233
-9999 -9999 -9999 -9999 -9999 -9999 -9999 -9999 257.750000015425 258.999999989114 285.749999950859 333.999999956062 357.74999998925 350.000000023203 342.749999990314 344.75000001333 325.000000034665 303.750000028414 286.500000031803 263.000000044685 242.000000023488 230.750000030785 223.499999995705 227.249999988784 232.499999990645 234.000000000002 229.000000015183 228.500000000002 223.000000021774 212.750000036621 199.000000034938 192.499999993987 195.749999990696 198.249999996804 202.749999970363 212.249999976286 202.000000097568 186.000000014321 182.250000011027 180.000000007541 179.749999996133 181.5 181.250000004058 178.500000000001 185.999999957518 188.250000021722 186.000000017755 189.749999950115 206.249999912025 226.999999886585 247.749999946963 243.250000073736 219.750000125287 198.750000097034 185.999999999997 193.249999931117 205.749999929865 213.750000016457 198.75000011728 187.999999999991
-9999 -9999 -9999 320.999999985971 339.500000006008 -9999 -9999 289.000000002869 261.750000018674 274.999999961904 315.749999974934 311.250000025244 294.25000001311 281.250000009006 278.250000004145 269.750000019225 256.000000012595 249.00000001336 243.50000000353 243.250000005585 235.500000015656 232.500000012314 222.000000021479 221.999999982052 225.999999999998 224.000000004867 223.499999999998 217.750000013127 209.750000019047 204.250000019717 199.750000008735 196.000000006015 193.000000006206 191.499999993606 190.500000000001 192.249999989835 194.749999996522 195.749999989269 204.249999944882 215.249999958537 224.499999961356 235.999999968324 237.750000036541 217.000000074775 219.49999994903 224.750000013046 228.749999968943 232.749999968271 239.999999972232 246.999999933851 265.749999908405 267.750000073746 245.750000125298 218.25000015833 195.500000072842 195.249999941717 207.999999902897 229.749999895687 237.249999983245 238.749999994328
313.749999997783 351.249999998717 325.000000006191 342.249999985635 361.250000005568 338.500000014676 -9999 294.50000000716 273.750000004058 291.999999985484 291.750000011037 269.750000031852 250.500000011939 254.499999974215 275.499999986147 266.750000028103 251.500000015748 245.500000010022 245.24999999117 245.000000014891 237.500000003914 236.000000020522 225.250000019329 218.500000004487 215.750000011698 211.250000007307 210.000000005063 209.000000005253 207.000000005442 207.999999999997 210.749999991262 215.249999984958 221.499999968964 234.749999964806 235.750000023035 241.99999991865 265.499999958169 265.749999989244 282.249999930153 293.49999996982 303.749999957459 311.249999988106 307.50000004057 285.750000137046 271.749999961753 281.749999986962 284.999999991114 279.250000022665 284.499999962956 286.500000009444 285.2500000241 275.000000068825 258.250000115268 233.000000122572 222.000000031208 212.250000058274 207.499999989206 218.749999895688 246.249999804506 274.499999909098
-9999 295.250000002136 294.99999999713 328.499999981292 382.249999985821 405.24999998898 400.750000019245 346.500000052993 286.750000018677 275.250000015415 267.499999997989 256.000000015372 260.499999968969 296.999999945867 331.999999972322 310.500000082853 260.500000050399 244.750000008353 248.499999978811 248.500000029784 236.750000001956 235.250000018469 223.000000021476 215.50000001346 217.499999985969 225.749999982968 230.499999994954 230.750000002639 240.499999956475 256.249999963401 264.749999973816 269.25000000302 279.249999922448 303.999999942445 307.750000029648 300.249999996614 304.999999999996 299.750000025057 300.749999974267 306.999999977367 304.750000065718 289.750000011873 299.24999992289 308.500000016608 299.000000042488 294.000000008682 302.499999946728 305.50000001814 304.249999986114 306.999999971651 306.25000003375 296.250000063916 279.750000085206 261.750000076618 258.74999995318 259.000000052993 246.000000053952 253.249999862761 283.999999821274 304.249999971595
-9999 -9999 -9999 280.999999994664 300.749999990138 341.49999996853 385.499999988855 382.500000022918 310.000000077926 255.250000009979 261.749999984953 270.999999999989 282.24999997254 320.499999935543 351.750000001394 329.250000057697 285.750000070862 256.000000030063 249.000000000002 244.750000027925 230.00000001957 223.750000006158 226.749999976368 244.499999946145 275.999999915767 306.999999941547 317.750000007575 306.500000041999 298.499999972784 312.999999977465 314.000000017471 301.000000072167 279.500000037234 280.249999971232 276.250000062589 264.749999989844 272.999999958194 276.250000010746 274.000000007357 273.749999981153 277.75000000387 262.750000091129 248.000000032465 248.999999983401 249.250000021259 243.50000003476 248.249999933429 266.749999913862 276.999999972236 295.749999853524 315.749999975897 307.500000058992 299.750000005007 293.000000071497 284.249999994791 281.750000090071 251.000000151048 250.499999901194 255.750000050283 246.250000062506
-9999 -9999 -9999 268.250000001 267.749999999567 278.749999987922 303.499999991307 308.250000002136 288.750000030028 259.250000004536 288.749999954879 305.750000012079 291.250000015515 294.249999980656 300.250000006916 303.49999998224 298.500000037794 267.500000056793 243.750000022956 234.250000016752 227.000000007828 236.249999940489 282.499999879736 321.249999948411 332.999999995319 326.750000026769 318.250000017696 305.500000057755 282.750000046254 274.500000033791 262.250000014544 257.000000024043 243.750000052731 233.750000015983 227.750000023049 225.999999993216 229.249999996504 226.750000025048 224.000000007341 223.499999999991 232.749999941993 249.24999994848 245.000000097382 220.000000083062 213.249999987252 215.249999986968 219.999999982242 232.499999900246 242.250000023152 242.749999910211 273.749999831252 295.24999992624 307.999999939852 306.750000066394 298.750000015605 279.750000238426 223.250000264319 203.250000005485 202.250000016751 199.25000001704
-9999 -9999 -9999 -9999 -9999 -9999 287.49999997519 307.750000005005 277.250000036527 258.499999987297 292.249999966907 290.250000027458 277.00000000239 274.750000003871 274.250000001388 273.250000004442 272.000000006306 259.50000003007 244.00000002119 234.750000009306 237.999999980425 269.249999895324 299.25000000645 283.250000047126 267.500000032764 257.250000017053 254.999999989886 255.00000001051 249.250000019055 241.250000036622 231.500000029117 225.750000009023 222.000000006206 221.000000000001 216.500000032935 208.250000030502 202.500000006971 202.000000000001 204.500000000001 204.499999992459 206.249999980669 211.499999984154 212.500000008121 206.250000029076 204.500000000002 203.499999991316 209.749999951175 243.499999782352 258.250000134265 222.000000094509 216.749999985544 222.999999941014 242.249999874719 250.750000076627 246.74999990116 248.750000153665 211.250000167226 196.250000027448 194.999999999999 195.499999988638
-9999 -9999 -9999 -9999 -9999 -9999 -9999 286.500000018605 263.000000017853 264.49999998004 282.249999994977 269.500000021958 261.250000003576 256.500000002575 256.499999997227 257.250000004435 253.250000007873 246.000000013362 239.25000001236 244.749999949746 281.249999935429 289.25000003078 262.500000073018 240.000000017943 235.499999999997 232.999999999997 232.999999999997 231.000000010499 226.250000013602 222.500000011264 218.750000014555 215.499999999998 212.750000015509 210.000000006392 206.750000009878 204.999999986446 206.750000010459 201.750000003581 200.499999992648 202.499999999999 202.999999992266 202.000000015847 200.000000008113 195.750000020764 192.250000004247 192.999999982625 197.999999973364 212.499999854892 253.999999879617 231.250000231545 204.750000043387 200.249999995083 203.749999974938 205.250000005104 205.999999979186 208.250000015892 203.750000037759 199.750000016469 198.99999997766 200.000000000001
-9999 -9999 -9999 -9999 -9999 -9999 -9999 -9999 -9999 -9999 247.750000005017 246.500000000002 244.750000003583 245.000000000001 246.249999993078 249.499999997042 248.250000007875 242.250000015034 237.500000010595 237.249999990696 247.999999980442 242.750000026689 232.250000015038 227.500000004487 227.000000004678 226.499999999999 222.750000017712 217.75000001313 214.249999997279 216.249999991549 217.000000005818 214.250000003002 211.499999999995 209.500000006391 210.499999980236 218.499999945777 230.750000003486 220.750000017894 214.500000066148 198.750000033936 196.250000003866 194.750000003962 194.5 195.499999999998 196.499999999996 195.750000013025 191.250000013315 197.249999913846 225.749999884257 220.250000155941 198.500000038569 195.499999990168 197.249999994989 198.249999984678 199.749999984392 201.749999994702 200.500000032366 198.500000010979 199 201
-9999 -9999 -9999 -9999 -9999 -9999 -9999 -9999 -9999 -9999 -9999 245.250000001098 243.250000001195 244 244.49999999723 244.250000004437 240.750000004723 239.74999999499 240.500000000001 235.000000014891 229.500000003914 229.749999993844 233.249999976378 244.749999970845 258.249999978955 251.500000058438 224.500000055665 219.499999973745 233.249999959188 248.249999957754 255.500000000004 250.000000018044 247.749999996902 238.000000057563 226.500000032934 217.750000023725 221.499999944255 246.499999914087 244.250000106585 217.000000060339 213.500000007741 213.499999992085 215.499999991894 224.499999975091 228.249999961769 237.499999965263 240.000000017772 235.500000000015 238.250000004636 218.000000170114 195.750000014463 195.000000000001 196 197.499999969356 199 202.249999984106 203.999999989213 203.500000000001 203.500000000001 203.999999977278
-9999 -9999 -9999 -9999 -9999 -9999 -9999 -9999 -9999 -9999 -9999 251.750000009883 245.75000000358 243.250000001288 242.000000002769 241.99999999704 243.749999995274 244.999999996658 243.750000001766 236.500000011168 230.999999999999 235.749999985632 242.499999987115 240.500000022442 233.000000009368 225.25000003166 215.500000005062 218.749999986874 221.250000008172 218.000000000009 218.000000000009 216.250000009028 218.749999984493 226.999999968017 243.749999944003 261.999999938988 273.499999979081 -9999 261.250000011015 262.499999999988 267.499999969057 275.749999964327 278.750000028391 276.249999987529 279.99999999149 285.999999956556 288.250000066581 253.750000213126 219.000000083348 205.500000056709 200.75000000482 200.000000009832 198.499999999999 198.499999989785 199.249999994797 202.999999978806 206.499999989212 207 208.499999999999 208.999999988638
-9999 -9999 -9999 -9999 -9999 -9999 -9999 -9999 -9999 -9999 -9999 255.750000001099 253.00000000239 251.250000003869 250.000000002771 249.249999998523 249.750000004725 248.500000003341 244.000000014127 237.000000014891 231.999999999999 232.250000006153 225.000000021475 217.25000000673 215.500000000001 214.00000000487 212.25000000759 210 224.999999902043 256.499999949318 254.250000061156 239.249999984973 252.999999950371 262.99999998721 264.999999999995 272.499999952548 288.749999933789 296.999999999997 299.4999999706 303.499999992463 306.999999976808 315.24999995642 318.000000040581 308.250000029072 297.50000007647 288.500000026048 266.000000168669 229.5000001451 205.75000007871 197.749999995275 201.999999999999 203 202.500000010024 200.5 200 201.749999984105 206.249999973029 209.499999989021 210.49999998883 212
