socal_rasters/bio18_SPHAsouth_aggfac2.asc
NCOLS 210 
NROWS 130 
XLLCORNER -119.45 
YLLCORNER 32.483333333 
CELLSIZE 0.0166666666666667 
NODATA_value -9999 
[rows 90 to 119 of 130, columns 136 to 203 of 210]
7 7 7 7.49999997336531 8.00000000000085 7.49999997298332 8.24999998639701 9.74999998630067 10 12 12.7499999580425 15 15.4999999716464 15 15.9999999425313 17.4999999710747 17.0000000582331 15 15.7500000442481 13 17.4999998505942 25.9999999398561 27.5000000302636 26 28.4999999693549 31 34 34 34 29.500000031598 34.499999841053 40.2499999520301 42.7499999517436 45.4999999676372 45.5000000325547 43.2500000491163 33.2500001811481 27.5000000331268 27.4999999666822 32.4999998659649 36 34.0000000338895 29.7500000511226 29 28.5000000344629 28.0000000000009 28.0000000000009 31.2499999474488 32.7500000880684 29.2500000885446 27.5000000000013 27.2500000179012 26 26 26.9999999999991 26 23 -9999 -9999 -9999 -9999 -9999 -9999 -9999 -9999 -9999 -9999 -9999
7 7 7 7 7 7 7 9.4999999726009 10 10 10.4999999720275 13.4999999155108 15 14.5000000285446 15.9999999425313 17.2499999855371 16.0000000582327 14.4999999706914 16.2500000737477 13 17.4999998505942 23.9999999398557 25.7499999848682 26.4999999695454 27.7499999540317 30.4999999691634 32.7499999534587 32.2500000156084 34 31.2500000473982 34.9999998728428 39.4999999680196 41.499999967829 42.9999999676359 44.4999999674453 45 36.5000002305539 28.0000000662544 26.2499999833407 27.4999999664904 32.9999998314978 39.2499999491626 39.5000000000021 35.2500001542308 28.5000000344629 27.499999965347 28.999999930312 29.9999999299291 30.0000000704529 26 26 26.4999999642002 30.2499999460146 32.4999999276376 32.7500000545614 27.0000000731285 24.5000000367557 -9999 -9999 -9999 -9999 -9999 -9999 -9999 -9999 -9999 -9999 -9999
7 7 7 6.49999997336531 7 7 7 8.00000000000085 9.2499999586155 7.75000004167227 8.49999991608377 11.4999999718374 13.5000000000013 12 15.9999999425313 17 16.0000000582327 13.9999999413836 15 14.9999999406188 20.249999925296 23.9999999398557 25.4999999697368 25.5000000304541 24.2499999233874 27.4999999691643 29.7499999844875 31.7499999531735 34 34 35.2499999205267 39.24999998401 41.499999967829 42 42.4999999674458 45 40.0000002634889 28.5000000993812 26 26.4999999664908 29.2499999157506 33.4999999322193 38.4999999318378 36.5000001370935 33.4999999655358 36.2499998787101 39.4999999999979 34.5000001401401 29.500000035226 27.2500000177076 26.9999999999991 26.4999999642002 30.9999998920275 38.9999998552714 39.2500001273057 29.5000001828204 27.9999999264887 -9999 -9999 -9999 -9999 -9999 -9999 -9999 -9999 -9999 -9999 -9999
7 7 7 7 7 7 7 7 7 7 7.74999995804124 10 10.9999999999991 11.4999999714554 14.4999999712661 15.9999999999991 15.5000000291159 15.4999999706922 18.7499999852515 19.4999999703103 21.4999999103565 23.9999999398557 25.2499999848682 26 27.0000000000009 28 28 29.4999999063456 33.7499999842952 34 32.7499999841042 37.9999999360392 40.2499999517423 42 42 41.2500000491172 36.0000000988065 29.7500000496902 26.2500000166593 26.2499999832456 28.4999999663002 29 29.4999999659174 29.4999999657264 33.9999998966113 42.4999998613853 47 43.750000157661 32.500000176133 30.0000000000009 30.0000000000009 29.250000053701 28 31.7499998733606 38.999999963625 35.0000002193859 29.4999998897343 -9999 -9999 -9999 -9999 -9999 -9999 -9999 -9999 -9999 -9999 -9999
7 7 7 6.00000005327024 5.99999994634777 7 6.50000002720853 7 7 8.49999991665675 10 10.9999999999991 10.4999999716455 13.2499999286371 15 15 15 16.4999999706922 18.5000000000013 18.749999985156 20 23 24.4999999697373 25.4999999695459 28 28 28 30.4999999687815 32.2499999842965 31.2500000789971 30.2499999205263 37.9999999360392 39.2499999839145 41.4999999676372 42 41.2500000491172 34.5000001317431 27.7500000828182 26 26.9999999329812 31.2499999157485 30.2500000169445 29.5000000340818 29 29.499999965538 32.7499999133687 39.7499998780472 44.2500000175188 38.500000140904 37.7499999114541 36.750000124631 31.5000000357998 29.9999999999991 29.0000000361818 29.9999999636285 29.7500000548479 29.4999998897343 -9999 -9999 -9999 -9999 -9999 -9999 -9999 -9999 -9999 -9999 -9999
7 7 7 6.00000005327024 5.49999997317431 7 5.50000002720768 7 7 9.74999998610967 12 12 12 12.4999999714545 14.2499999568978 15 15 15 15 15.4999999703094 18.9999999402377 22.4999999699278 23 24.4999999695454 26.2499999540317 28 28.4999999689729 29.750000015608 28.500000062817 26.499999968402 33.7499999205276 37.9999999360392 39 41.4999999676372 42 44.2499999836276 40.750000148214 30.2500001490735 26.9999999666827 28.4999999664912 36.2499998483498 40.7499999830576 38.7500001533726 30.2500000856831 29 29 31.9999998606209 39.9999998598578 44.749999947161 46.7499999114575 45.5000000712207 38.2500001253037 34.2500000539875 29.7500000904559 28 28 29.4999998897343 36.2499998706875 -9999 -9999 -9999 -9999 -9999 -9999 -9999 -9999 -9999 -9999
6.00000000000085 6.00000000000085 7 7 7 6.50000002701668 5.9999999455838 7 7.49999997240948 10 10.9999999440558 12 12 12 12 12.7499999566126 13.7499999854429 15 15 15.9999999406197 18.9999999402377 20.4999999699283 23 23.9999999390917 25.4999999693549 28 28 25.7500000780464 23.7499999528857 29.9999998420067 35.4999999682102 37.49999996802 39 39.999999935274 42 42 43 38.5000001325071 29.7500000499767 29 32.9999998315012 41.9999998983294 40.2500001533713 30.5000001028195 29 29 29.499999965156 36.4999998248228 45.4999998943207 50.4999999645821 51.5000000356088 48.0000001073987 40.5000001439625 34.250000126636 29.2500000545592 28 28 33.9999998522155 -9999 -9999 -9999 -9999 -9999 -9999 -9999 -9999 -9999 -9999
5 5.49999997374815 7 7 7 7 7 7 7.99999994481982 9.74999998610967 10.9999999440558 12 12 12 10.9999999999991 12 12 12.7499999560371 15 15.9999999406197 18.7499999252969 19.5000000300717 19.9999999394728 22.2499999543181 25.4999999693549 26.9999999999991 25.7500000775668 21.5000000312177 25.2499998586596 32.4999999052048 34.9999999364212 36.2499999840096 37 39 42 43.0000000000009 41.2500000494037 40.4999999999987 33.500000166591 29 29 28.4999999322159 31.0000000340805 29.7500000514091 29.749999948307 30.5000000000013 30.0000000000009 36.4999998248228 44.9999998590938 49.7499999822911 50.9999999999991 52 51.2500000539875 47.2500001266407 36.2500002000552 28.750000054847 28 28.9999999261071 -9999 -9999 -9999 -9999 -9999 -9999 -9999 -9999 -9999 -9999
5 7 7 7 7 7 7 7 7.99999994481982 10 10 12 12 12 10 10 12 12 13.2499999557519 14.4999999703103 16.2499999850605 15.5000000300726 16.4999999092105 20.7499999543194 23.4999999693553 25.000000030837 23.0000000620551 20.9999999375633 28.9999998743631 31.499999968402 33.7499999841055 36 37.9999999356572 39 41.7499999837231 44 40.0000001317453 35.7499999503098 35.0000001332724 29.5000000335088 27.7500000842507 26 26 27.7499999143173 33.2499998793812 37.9999999999991 36.4999999999979 38.2499999474462 40.9999999647753 41.4999999645864 42.4999999643937 45.4999999284016 48.7499999460146 48.5000000361835 41.5000001818663 32.0000001462566 28.2500000183774 28 -9999 -9999 -9999 -9999 -9999 -9999 -9999 -9999 -9999 -9999
5 6.49999997374729 7 7 7 7 7 7 7 7.74999995832773 10 11.4999999718365 12 12 11.0000000574687 10 12 11.0000000586164 11.4999999705004 12.4999999703098 15.4999999701193 18.2499999548924 19.4999999697373 20 21.4999999999987 20.2500000770893 16.7499999844854 21.9999998751279 29.4999999057727 31 33.4999999682106 34.9999999360392 36.9999999356568 39 41.4999999674458 41.2500000491172 36.5000000658711 36.4999999006192 40.5000000000013 32.7500001843016 28.5000000337006 26.7500000508374 26 26 28.9999998966113 34.9999998960375 37.9999998954645 38.0000000350342 32.500000140904 29.9999999999991 32.2499999465854 35.999999964198 38.7499999460103 42.2499999457251 41.0000000727469 37.2500000548479 31.2500000918892 28 -9999 -9999 -9999 -9999 -9999 -9999 -9999 -9999 -9999 -9999
5 5 7 7 7 7 7 6.00000000000085 7 7 10 10.4999999718374 12 12 11.0000000574687 10 10.4999999708841 10.5000000293086 10.9999999410016 13.9999999406197 16.4999999701184 18.9999999398557 20 19.5000000304546 16.5000000000013 15 15.9999999379453 23.2499998907359 28.4999999685913 31 31.9999999364212 33.74999998401 35.499999967829 39 41.4999999674458 38.2500001146089 34 36.249999917183 39.9999999666835 39.2500000837719 31.7500001179492 28.2500000508361 26 26 26 26.7499999480205 27.5000000000013 28.9999999649663 28.5000000000004 29 30.4999999643903 30.0000000716005 28.9999999640096 33.249999873364 36.9999999636285 35.7500000548479 32.750000128644 29.5000001108387 28 -9999 -9999 -9999 -9999 -9999 -9999 -9999 -9999 -9999
5 5 5.49999997355545 7 7 7 7 5 6.49999997241034 7 8.49999991608377 10 11.4999999716455 12 11.5000000287348 10 10 11.7499999560384 13.7499999852515 13.9999999406197 15.9999999402377 18.9999999398557 20 19.0000000609083 14.0000000612903 13.9999999383277 19.7499998914057 25.4999999063465 28 31 31 31.9999999360392 34.9999999356572 39 41.2499999837227 37.0000001309805 32.4999999999987 32.0000000331264 33.2499998833865 42 39.7500000505522 32.0000001355664 26.7500000511239 26 26 26 26 26 26.9999999295471 29.9999999291651 35.7499999465876 34.5000001432028 29.000000071983 26.9999999999991 29.4999999999987 29.4999999999987 31 29.5000001108387 28 -9999 -9999 -9999 -9999 -9999 -9999 -9999 -9999 -9999
5 5 5 5 7 7 7 7 7 7 9.24999995804124 10 10 11.0000000000009 11.0000000000009 10.5000000289258 10 13.4999999120755 15 14.4999999703094 15.9999999402377 18.9999999398557 20 17.7500000761364 13.5000000306456 15.2499999229086 21.4999999069186 25.9999999375642 28 28 28.9999999682115 31.9999999360392 34.9999999356572 37.4999999029103 40.4999999674462 37.0000001309805 30.0000000658724 29.4999999668724 35.4999998334081 42 44.9999999325992 42.5000002033454 31.0000001022453 29.2500000171359 27.2500000861559 26 26 26.500000035035 26.499999964774 31.4999998229129 41.4999998931722 40.7500001253016 31.0000001799559 27.5000000361818 26.5000000363728 26.4999999634362 28 28 28 28 -9999 -9999 -9999 -9999 -9999 -9999 -9999 -9999
5 5 5 5 7 7 7 7 7 7 8.49999999999872 7.75000004224397 10 10 8.75000001436611 -9999 -9999 13.7499999267298 15 15.4999999703103 17.2499999850596 20 19.2500000453941 15.0000000609074 13.9999999387097 19.9999999383286 23 23.9999999999991 22.2500000471122 22.9999999368023 28.2499999205276 31.4999999680192 34.2499999517423 36 38.249999951168 38.5000000327456 33.7500000823416 34.4999998674929 41.7499999167056 42.5000000335096 45.4999998988994 46.5000000338916 42.5000000681661 35.7500002227775 28.0000000689253 26 28.2499999825776 27.500000035035 27.2499999119341 34.4999998583311 35.5000001424354 32.5000000715984 29.2500000539863 28.9999999638186 27.7500000545605 26 26.4999999632443 26.9999999999991 28 28.4999999626731 -9999 -9999 -9999 -9999 -9999 -9999 -9999 -9999
5 5 5 5 6.49999997317431 7 7 7 7 7 7 7 8.4999999149378 8.50000008563518 7 8.74999992768686 12 15 15 14.0000000000009 15.4999999701201 18.2499999548924 17.5000000302632 14.0000000609083 13.9999999387097 19.4999999691643 19.7500000465413 18 18.4999999685905 23.7499998894049 29.4999999046318 31 31.9999999356572 34.4999999676372 36 37.7499999836285 37.2499999835313 40.2499999171818 42.4999999666822 40.5000000000013 43.2499999157497 47 47 42.5000002056373 32.0000000344608 30.7500000519787 28.250000017422 26 28.4999998943198 36.9999998583299 33.0000001424367 30.5000000357998 28.2500000179954 29.2499999457273 29.2500000545601 27.0000000731285 26 26 26.4999999628632 27.4999999626739 28 -9999 -9999 -9999 -9999 -9999 -9999 -9999
5 5 5 5 5 7 7 7 7 7 5.99999999999915 7 8.74999992911505 8.75000007136244 7 8.49999991322397 11.4999999708832 12.2499999853457 10.9999999999991 10 11.9999999402381 15 15.9999999999991 13.5000000304537 15.7499999540329 19.0000000000009 20.499999937947 21.5000000000013 21.4999999057727 25.9999999368028 28.7499999523153 31 31.9999999356572 34.4999999676363 35.5000000325538 35.4999999672544 37.7499999176593 40.9999999337452 40.5000000999546 35.4999999999987 40.9999998651988 45.7499999152718 47.9999999318356 47.5000000342744 46.2499999483091 44.0000001732694 30.7500001219562 28.0000000350363 29.9999999295471 36.7499999468732 33.0000001424367 29.2500000536998 28 28 29 28.2500000182823 26.5000000367557 26 26 26 27.4999999624821 28 -9999 -9999 -9999 -9999 -9999 -9999
5 5 5 5 5 5.99999994596578 7 7 6.50000002759052 5.50000002778151 5 7 7.24999998582318 7.25000001427274 7 7.24999998553754 9.49999997088409 10 10.9999999999991 12.2499999257735 15 15.9999999999991 15.5000000302627 13.9999999390917 19.4999999693544 21.9999999383273 23 23.5000000312177 20.2499999842957 24.4999999052048 28 31 31.499999967829 32.2499999838194 32.9999999674466 34 36.999999934128 39.4999999668732 39.7500000499779 33.2500000502644 35.9999998652005 43.4999998983264 47.9999999318356 49.2499999828632 50 49.0000000693065 37.0000002439094 31.4999999999979 30 30.0000000000009 29.5000000356097 28.5000000358003 29.2499999460125 29.5000000361818 29 28.2500000182823 27.0000000735105 26 26 26 28 28 -9999 -9999 -9999 -9999 -9999 -9999
5 5 5 5 5 5 7 6.00000005479819 5 5 5 5.99999999999915 5.99999999999915 7 7 7.50000000000043 9.49999997088409 11.4999999706922 12.4999999705008 14.4999999703103 15 15.4999999699274 15 16.2499999238648 20 21.4999999074916 23 24.0000000624362 19.5000000314087 21.4999999052048 26.7499999205263 29.4999999040588 31 29.5000000970897 28.4999999023365 33.99999993451 36 36.9999999668719 36.5000000666351 31.7500000502632 37.9999998315003 44.4999998983273 47 49.4999999657268 50 49.5000000346535 41.7500001916447 38.0000000000009 31.5000001761322 29 28.7499999821956 29 31.4999999640083 30.5000001085463 28 28 27.0000000735105 26 26 26 28 28.4999999622919 28 -9999 -9999 -9999 -9999 -9999
5 5 5 5 5 5 6.49999997279232 5.50000002739952 5 5 5 5 5.99999994329187 7.24999998572726 9.49999997126523 10 10 10.9999999413836 12.4999999705008 15 15 15 14.4999999697373 16.9999999390913 19.4999999693553 20 22.2499999534599 23 20.99999996859 22.2499999526018 25.7499999841051 28.7499999520301 31 30.5000000323628 30.9999999348907 34.9999999345096 36 33.7500000828191 29.2500000499779 31.499999832454 40.4999998988994 44.4999999661088 47 48.2499999143173 50 50 47.0000001045321 39.2500001576584 32.7500000880659 31.5000000708336 29.5000000356088 29.4999999641993 31 29 28.2500000181864 28 26 26 26.4999999628623 27.4999999626731 30.2499999437231 31 32.7499999431493 30.7500000571351 -9999 -9999 -9999 -9999
5 5 5 5 5 5 5 5 7 6.00000000000085 5 5 5.49999997164551 7.24999998572726 9.49999997126523 10 10 12 12.4999999705008 13.9999999999991 13.0000000298803 12.7499999849637 15.4999999697373 17.7499999847731 18.4999999693544 20 20 22.4999999687815 23 23.499999968402 26 28 29.9999999356572 31 32.749999951168 34.4999999672544 34.5000000329358 31 32.0000000333199 32.2499998827185 38.7499998820487 42.9999999322176 47 46.5000000342727 46.9999999310742 49.2499999480192 49.250000052266 40.2500002277297 35.249999911935 36.7500001239621 30.0000000712186 31 31 29 28.5000000363733 28 28 26 28.999999925726 31.0000000746539 29.9999999999991 31 33.9999999620997 33.7500000571351 -9999 -9999 -9999 -9999
5 5 5 5 5 5 5 5.49999997260048 7 7 6.50000002797165 6.50000002816265 5 5.99999994290988 7.24999998563304 9.00000000000085 10 12 12.4999999705008 11.7500000445359 10 11.4999999097835 15 17.4999999695459 18 18 18.4999999689733 20.4999999687819 23 25.4999999684016 26 27.49999996802 28.2499999839145 30.0000000000009 30.0000000000009 33.2499999508828 34 34.4999999668724 36.7499999500221 37.7499999832443 37.2500001179513 38.499999864437 45.7499999147948 44.5000001028204 43.749999948307 47.2499999133674 48.0000001393782 37.250000227731 40.7499998062535 40.2500002302126 30.0000000712186 30.4999999641993 31 29 29 28.4999999999996 27.0000000735105 26 29.4999998885883 34.2499999813361 31.7500000562756 29 29.2500000568499 28 29.9999999617202 -9999 -9999 -9999
5 5 5 5 5 5 5 5.49999997260048 6.50000002758966 7 7 7 5 5.49999997145537 7 7.49999997107466 10 10.4999999706914 11.4999999705004 10.5000000296897 10 11.9999999398561 15 15.4999999695454 -9999 18 18 19.4999999687815 21.2499999528857 23.9999999368032 26 26 26 25.4999999676363 28.7499999186155 33.2499999508828 34 34.9999999999991 36.9999999333632 39 36.5000001685009 34.9999998305428 43.7499999488761 43.2500000856827 40.7499999138436 45.9999999306931 43.5000001742214 37 45.9999998238691 42.5000003187573 31.7500000178049 31.2500000179003 31 30.0000000000009 29 29 28.7500000183778 26 28.9999998514507 36.4999998880205 34.2500001313119 29.5000000377089 28.75000001895 28 26.999999923437 28 -9999 -9999
5 5 5 5 5 5 5 5 5 5.99999994443783 7 7 7 7 7 7.24999998553754 9.49999997088409 8.50000002930861 10 10 10 13.9999999398557 15 15 18 18.4999999691634 20 20 20 22.499999968402 25.2499999523165 25.2500000479712 22.499999967829 26.749999886728 31 34 34 34 34.4999999666822 36.7499999162281 33.5000001348016 28.4999999322189 38.499999863673 42.5000000342736 41.4999999655371 42.0000001039616 35.500000069691 37.9999997897869 48.4999998943207 43.2500002656305 33.7500000534133 32.5000000357998 31.7500000179954 31.4999999999996 30.7500000545592 29 29 27.2500000923654 30.2499999071567 35.74999994401 35.250000093794 30.000000075417 29 28 28 28 -9999 -9999
5 5 5 5 5 5 5 5 5 5.49999997221849 5.99999999999915 7 7 7 5.99999999999915 6.49999997107423 7.24999998544162 8.49999997069224 10.9999999410016 12 11.4999999701193 13.9999999398557 15 15 16.4999999080646 18 19.4999999689724 21 21 21.4999999684012 21.0000000317877 19.2500000159891 21.4999999034858 27.4999999029103 31 33.2499999508815 34 32.4999999999987 30.4999999666814 34 30.0000001684997 24.9999999999991 32.2499997784652 40.7499999143169 40.2500000516922 34.7500001212856 30.7499999477331 38.7499997722703 47.9999999295467 47.0000000708353 39.2500001602432 33.0000000716005 32.9999999280175 36.7499999457281 34.2500000909342 30.750000054847 29 27.7500000923658 30.2499999071567 36.7499999066835 35.250000093794 30.000000075417 29 28.5000000380905 28 28 28 -9999
5 5 5 5 5 5 5 5 5 5 5 6.4999999718365 7 6.50000002854549 5 6.49999997107423 7.74999998544162 9.49999997069139 10.9999999410016 12.4999999703098 13 13.4999999699283 15 15 16.7499999233869 18 18.9999999379457 20.4999999687819 20.2500000471143 18.0000000631977 17.0000000000009 17.4999999680192 22.999999871314 28.4999999676368 30.4999999674462 32.4999999017643 32.5000000988086 28.0000000662548 28.4999999000462 34 29.0000001685005 24 29.7499997784665 37.0000000000009 33.7500000516952 32.9999999999991 34.999999895465 42.9999998598578 47.7499999823866 48.4999999645821 44.7500001958508 34.5000001074 32.4999999640092 39.4999998190887 40.2500001273057 34.2500000914095 30.2500000918879 29 29 32.9999998133687 38.5000000375171 31.0000001508336 29 29 28.4999999999996 28 28 -9999
5 5 5 5 5 5 5 5 5 5 5 6.50000002816265 5.50000002835364 5.49999997145537 6.74999995689912 7.74999998553754 9.49999997088409 10 10 11.4999999703094 13 13 14.4999999697364 15 16.9999999387097 18 18.9999999379457 19.5000000312177 16.250000047113 13.9999999999991 14.7499999523153 19.4999999040588 24.7499999195717 26.4999999676363 28.7499999837227 31.2499999836272 32.2500000494041 28.7500000828191 25 29.4999998659615 29.75000011795 26.2499999152731 30.9999999318361 32.5000000342727 34.2499999138449 37.2499999133674 42.2499999128899 45 48 48.9999999999991 45.2500001958512 35.5000001074008 32 35.4999998190879 40.5000000363728 36.5000000365647 33.5000000735122 29.75000005542 29 31.4999998133674 39.5000000000004 32.5000001131255 29 29 29 29 28.5000000000004 28.2500000194279
-9999 5 5 5 5 5 5 5 5 5 5 5 -9999 7.24999998572726 8 8 8.49999997088409 9.49999997069224 9.5000000294996 9.49999997031026 11.9999999402381 13 13 14.4999999695463 16.9999999387097 18 18 16.2500000468278 13.5000000314095 13 13.499999968211 19.4999999040588 24.7499999195717 26 29 30.4999999672552 31.4999999670638 31.000000066254 25.0000000666364 -9999 27.2499999494495 31.4999999322164 32.9999999999991 34.749999914316 38.9999999655367 40.9999999306931 43.5000000000013 43.7499999824833 46.9999999295476 48 45.7500000534146 39.5000001431994 32.7500000539863 32.4999999638182 36.0000000000009 38.4999998903073 41.9999999632431 37.2500002032019 29.7500000557052 32.4999998133679 42.7499999437231 37.0000001885404 29.7500000568486 29 29 29 29 29
5 -9999 -9999 5 5 5 5 5 5 5 5 -9999 6.49999997164636 7.74999998572768 8 7.75000001446246 7.24999998544205 8.99999994138363 8 8 10 10.7499999548911 13 15 16.4999999693544 16.5000000308357 18 17.5000000312185 15.5000000628195 13.5000000315988 13 16.7499999200488 20.7499999195705 24.4999999999987 25.4999999348898 28.7499999181359 30.4999999670634 30 -9999 -9999 29.74999988205 34.2499999830546 35.5000000000013 35.9999999999991 37.500000034462 35.0000000346517 37.7499999477314 41.9999998598587 45.4999999647731 46.4999999999987 45 44.750000053701 37.0000001439655 32 32.4999999636263 35.4999999268707 42.7499999081108 40.7500002401499 30.5000001114117 31.4999998133674 43.7499997936526 46.5000001131268 35.5000001515997 29.7500000571364 29 29 29 29
-9999 -9999 -9999 -9999 5 5 5 5 5 5 5 5 7 7.50000000000043 7.50000000000043 7 7.74999998544162 10 8 7.7499999851547 8 9.49999996992827 12.2499999546059 13.9999999390917 15.2499999846776 16.4999999691634 18 18 17.5000000314095 14.5000000947952 13.4999999682102 18.249999920048 21.9999999999991 21.5000000323628 21.4999999674453 25.4999999672544 25.0000000000009 29.2499998840554 32.4999999666814 32.9999999999991 32.5000000336998 32.4999999661092 33.2500000170422 31.4999999657273 37 31.0000001386134 31.4999998257778 41.4999998948937 45 45 45 46.4999999641993 41.5000001799555 34.2500000542727 32 32.7499999451543 36.7499999448678 35.00000011084 30.5000000371377 33.4999998880205 41.9999998499304 47.4999999622919 44.5000001515963 35.5000001523603 29.7500000574216 29 29 29
-9999 -9999 -9999 -9999 5 5 5 5 5 5 5 5 7 7 7 7.49999997107466 8.49999997088324 9.00000005861637 7.50000002949918 8 8.49999997011926 10 10.2499999848682 13 14.4999999693544 16.9999999383277 18 18 17.0000000628182 13.500000031598 14.4999999046318 19.4999999040588 23 23.2499999838186 24.9999999348915 25.5000000327448 24.7499999176593 29.9999999337456 31.7499999833411 32.9999999999991 32.0000000336993 29.5000000338908 29 30.4999998971805 35.9999999999991 30.7500000866338 32.9999998606226 41.2499999124112 43 45 46.2499999465867 48 44.5000001079738 36.2500000904559 32.7500000545605 32 33.7499999081117 33.5000001108387 30.5000000371377 30.999999925347 38.7499997936526 46.999999924583 50.75000001895 42.0000002666343 34.2500000957048 31.5000000769462 30.5000000000013 29.5000000388557
