socal_rasters/bio11_SPHAsouth_aggfac2.asc
NCOLS 210 
NROWS 130 
XLLCORNER -119.45 
YLLCORNER 32.483333333 
CELLSIZE 0.0166666666666667 
NODATA_value -9999 
[rows 26 to 51 of 130, columns 120 to 179 of 210]
88.4619026880854 89.352378743803 96.9119052576225 98.8714274982826 99.6452331645964 97.1119022879409 93.9785728602922 87.1404783535971 75.0738087334795 73.9666670596682 75.5452387066628 71.0404736906131 68.9023791558133 69.7714272094017 67.9928569278831 66.6714268102733 58.7857133774817 56.5238096735036 38.978571099925 28.4309525666071 -9999 -9999 -9999 -9999 -9999 -9999 -9999 -9999 -9999 -9999 -9999 -9999 -9999 -9999 -9999 -9999 -9999 -9999 -9999 -9999 -9999 -9999 -9999 -9999 -9999 -9999 -9999 -9999 -9999 -9999 -9999 -9999 -9999 -9999 -9999 -9999 -9999 -9999 -9999 -9999
94.3142890318847 97.150003383629 98.5499992739281 100.002378397609 102.757144917565 103.609525674837 104.173810953458 103.626190218355 98.995239328384 93.6142827618097 92.9476184572105 91.1738109470309 87.2571411877325 78.7285710920203 75.780950443544 79.5666674643704 79.2095281371487 61.5738089609468 53.035713296672 50.6857155683118 41.2738098114889 -9999 -9999 -9999 -9999 -9999 -9999 -9999 -9999 -9999 -9999 -9999 -9999 -9999 -9999 -9999 -9999 -9999 -9999 -9999 -9999 -9999 -9999 -9999 -9999 -9999 -9999 -9999 -9999 -9999 -9999 -9999 -9999 -9999 -9999 -9999 -9999 -9999 -9999 -9999
99.2404785069688 100.264287929276 102.490472759943 104.395236958663 105.388095848355 106.150003421702 106.749999993904 107.804763775165 108.873807905351 109.233329777893 106.566667577644 101.452383151616 94.6023827607436 89.4952354933631 85.8380950030893 82.228570655756 85.0023787254755 70.7142868012021 72.6666680316655 70.3071423592819 59.1309539697668 51.3333338638725 -9999 -9999 -9999 -9999 -9999 -9999 -9999 -9999 -9999 -9999 -9999 -9999 -9999 -9999 -9999 -9999 -9999 -9999 -9999 -9999 -9999 -9999 -9999 -9999 -9999 -9999 -9999 -9999 -9999 -9999 -9999 -9999 -9999 -9999 -9999 -9999 -9999 -9999
102.916667942068 103.185712803727 104.497613885142 106.095237709926 107.799999219855 108.423810958178 108.995237343564 107.952379247784 108.166665985786 111.330951683728 111.049997335526 110.67380906909 107.045234746557 102.333332128286 89.2428571652567 89.1285741680753 83.6523803641622 62.9309520355179 78.7904775454141 77.876192252453 66.4452392623967 60.6428575703577 69.4333323442531 71.9642849189034 -9999 -9999 -9999 -9999 -9999 -9999 -9999 -9999 -9999 -9999 -9999 -9999 -9999 -9999 -9999 -9999 -9999 -9999 -9999 -9999 -9999 -9999 -9999 -9999 -9999 -9999 -9999 -9999 -9999 -9999 -9999 -9999 -9999 -9999 -9999 -9999
105.985715868499 105.957141880639 106.747619617768 107.607145298781 108.511905653979 110.47856902015 111.045240395205 111.807144153099 112.807142247526 112.933330539892 112.759525297767 112.7476158111 111.904762293365 110.161907212552 106.947618548086 104.597620010004 97.100000539323 88.5214271989144 88.297620737171 88.7404786971229 74.304762081274 75.0380955087192 79.7928597941542 77.8095246212044 73.464286800917 59.8023828598347 -9999 -9999 -9999 -9999 -9999 -9999 -9999 -9999 -9999 -9999 -9999 -9999 -9999 -9999 -9999 -9999 -9999 -9999 -9999 -9999 -9999 -9999 -9999 -9999 -9999 -9999 -9999 -9999 -9999 -9999 -9999 -9999 -9999 -9999
108.528572085588 108.521429058687 108.919046395518 109.542858115246 109.971427912727 110.830953580108 112.557144146637 113.228569024502 113.947620381331 114.388092039485 114.583335874448 114.659524917962 114.264284142224 113.514284147021 111.828571344773 110.521430975768 107.307142308946 102.709526159522 98.40952872248 92.6928540091677 82.2285709600821 88.1333312666681 86.3761902793511 77.0666676989803 65.011905801154 55.5095235658171 43.3595228566848 -9999 -9999 -9999 -9999 -9999 -9999 -9999 -9999 -9999 -9999 -9999 -9999 -9999 -9999 -9999 -9999 -9999 -9999 -9999 -9999 -9999 -9999 -9999 -9999 -9999 -9999 -9999 -9999 -9999 -9999 -9999 -9999 -9999
110.645235064603 110.554761883393 110.890476223465 111.245237343614 111.640476222618 112.290472024249 113.240478496647 114.407144543147 115.033330910348 115.576189033602 115.89523697113 115.423807152535 114.823812490765 114.154760369822 113.373809824848 112.604764949934 110.976192494221 109.347618129779 107.238098181049 101.709522369326 94.7047615150861 89.038091893952 74.1833324983032 71.45000084631 65.1023837020092 65.6595267605227 62.054762097181 56.8571424497623 -9999 -9999 -9999 -9999 -9999 -9999 -9999 -9999 -9999 -9999 -9999 -9999 -9999 -9999 -9999 -9999 -9999 -9999 -9999 -9999 -9999 -9999 -9999 -9999 -9999 -9999 -9999 -9999 -9999 -9999 -9999 -9999
112.461906435954 112.43333434904 112.614288326737 112.971429822359 113.404764171793 113.590473171169 114.371425619461 115.288095466013 115.878572454059 116.638093945303 116.34285736962 115.728572852394 115.121429449504 114.30237962187 113.259519593046 112.219049469257 111.057144178194 109.495237379466 107.380950957704 105.033330945769 101.669048380735 94.8214264985132 86.7119046217643 78.5214291230864 75.6047649804011 65.4714281677716 55.4047593580231 53.8261899651665 51.9309511512725 40.721428278912 -9999 -9999 -9999 -9999 -9999 -9999 -9999 -9999 -9999 -9999 -9999 -9999 -9999 -9999 -9999 -9999 -9999 -9999 -9999 -9999 -9999 -9999 -9999 -9999 -9999 -9999 -9999 -9999 -9999 -9999
114.104763034073 114.088094708984 114.242855070016 114.602382653287 115.049999233325 115.123813624586 115.849998464344 116.464290615766 116.976192465018 117.097620014497 116.561903007946 115.82142640296 114.928573620205 113.85476304982 112.669050235141 111.128574391295 109.785711308556 108.345241566008 106.58333590505 104.028568304858 100.897615475789 96.6595249874612 91.795240469336 86.7833328832912 83.8095246212677 76.5714265024583 67.2142850787983 49.254762003906 43.5285728466733 22.2714294204654 6.88333340269704 -9999 -9999 -9999 -9999 -9999 -9999 -9999 -9999 -9999 -9999 -9999 -9999 -9999 -9999 -9999 -9999 -9999 -9999 -9999 -9999 -9999 -9999 -9999 -9999 -9999 -9999 -9999 -9999 -9999
115.497619632522 115.430952069824 115.676191327952 116.040475838712 116.602380745432 116.995237353203 117.366668689901 117.83095169079 117.835714344299 117.021427163136 116.254762665554 115.211902627614 114.478570945941 113.726192485168 112.730951327425 111.111906072455 109.638095878051 107.869047188294 105.945240045811 103.697616614311 99.7142868811005 89.8214246534317 80.833332185889 79.5190466558476 85.5047645710745 82.2547665260135 76.878570632965 70.8499985745699 61.1833307074996 48.3333312720284 27.550001547107 9.25714273007623 -4.35952355606744 -9999 -9999 -9999 -9999 -9999 -9999 -9999 -9999 -9999 -9999 -9999 -9999 -9999 -9999 -9999 -9999 -9999 -9999 -9999 -9999 -9999 -9999 -9999 -9999 -9999 -9999 -9999
109.983333576804 111.026191709329 115.178573622989 117.209527960377 117.990480414597 118.94047546033 116.373813620065 117.819046037897 115.864286456495 114.076190934594 112.242855113313 110.771429058783 111.240478506591 112.116661061703 111.23571399286 109.669050239466 107.442857778548 105.311906835703 102.895242736122 99.169048356129 95.8428573991634 92.8000011634479 90.3809509764467 90.1452369800832 87.3357143868504 82.6619034657494 73.7714311114986 67.9047624332912 53.8880960578378 46.7142849411656 47.0952377680555 39.3880955547656 26.5738091902704 31.619048181946 21.5476197160682 -9999 -9999 -9999 -9999 -9999 -9999 -9999 -9999 -9999 -9999 -9999 -9999 -9999 -9999 -9999 -9999 -9999 -9999 -9999 -9999 -9999 -9999 -9999 -9999 -9999
109.938098852695 116.590476982235 113.395238927798 117.497621487411 118.857145293148 119.652381904504 117.345239630657 117.154762291831 113.469047644176 103.738094207614 110.619045296249 106.878572527477 103.080953607418 105.07381054037 108.873809762724 108.280952473325 105.199998903991 101.040475877214 98.8452377685766 96.7523822817392 97.2571468082455 97.490474723571 94.2928581791023 91.3428593013285 88.6523838463639 84.3071423491044 75.8833332888972 73.5333329437978 62.1547633890325 59.192856837436 54.9690494872604 52.8595229163523 48.3952379215635 51.6404762570934 45.8785726096587 35.7380954568407 20.0357139383001 -9999 -9999 -9999 -9999 -9999 -9999 -9999 -9999 -9999 -9999 -9999 -9999 -9999 -9999 -9999 -9999 -9999 -9999 -9999 -9999 -9999 -9999 -9999
118.316669482626 119.057144156422 117.430950163122 120.028570163717 120.266668314721 119.985713971064 118.585720080428 116.492855102973 113.199996994275 110.757143047475 104.7928620124 105.059524519037 103.466665303121 99.9119053478087 102.161907105551 105.542858110969 106.535715092602 103.630950977362 100.904764233338 99.9095230158333 98.48333359314 96.5428562467933 94.2404766441651 91.8428592966315 89.5476189030164 86.5309544071315 81.2809544808424 75.4166660133168 70.980951402907 68.1333351393501 64.4642869162625 58.890478248203 60.9928569049141 55.566667505401 58.8880948353115 55.0619040214096 49.8142862228808 48.4738100780638 45.1595231726648 -9999 -9999 -9999 -9999 -9999 -9999 -9999 -9999 -9999 -9999 -9999 -9999 -9999 -9999 -9999 -9999 -9999 -9999 -9999 -9999 -9999
115.111902249319 120.045236544111 121.385715485065 120.159524941968 119.776187890163 119.257143032497 117.942857763932 112.926189527983 106.083336000895 99.7238101777881 99.842857410437 91.5500012636143 92.2023790379018 98.2000027292781 91.8904762456376 95.5333327512822 99.9404773388233 103.357141466747 102.628566771663 99.7952366372447 97.1428565999453 95.6738090732561 94.6119079759576 92.7738113704716 90.4881000790762 87.0761891051667 81.5500050532797 74.3142853201655 76.559522658896 75.7523823037266 71.073808708769 67.4309520541012 68.0928554600095 68.840477061623 68.6904752806945 71.3523788893282 70.9547615340143 64.6261892609451 55.6285724792692 64.119046954932 60.5785704474842 -9999 -9999 -9999 -9999 -9999 -9999 -9999 -9999 -9999 -9999 -9999 -9999 -9999 -9999 -9999 -9999 -9999 -9999 -9999
120.342857349007 121.67619132156 121.404762276085 120.059526446962 119.559524549377 118.419052137944 117.209527985002 115.038095515512 109.178571905626 90.4761906977128 96.8952386537514 102.257144948064 98.3666686659918 94.0071451038595 90.1047649131636 90.8904762332106 94.1619033063898 98.0214309526132 98.3095187848745 99.1952400374957 99.309522637983 98.730951314736 96.7666664418928 95.0523815306371 93.3142891250743 89.8023853898623 86.1738109882981 85.3547630517919 83.8499985009892 81.9666653016533 78.5428582316003 73.3476181468282 73.9500006787787 77.0119056278777 77.2904777785318 79.8738079606876 78.1571444932923 81.0238094994268 75.9166660229552 75.7238065001404 68.7500000891594 65.1571435696264 67.5238094604594 -9999 -9999 -9999 -9999 -9999 -9999 -9999 -9999 -9999 -9999 -9999 -9999 -9999 -9999 -9999 -9999 -9999
120.769046800429 121.064287181582 120.6761894333 119.947616587254 118.416666034619 117.457141891054 116.797618885404 114.102380811569 109.159523064348 99.8357164165245 93.290473805337 103.378566699738 103.411909127609 99.7023773927731 95.3738117216827 96.7976226100757 99.4238090368706 99.0738106062713 96.4642849390373 94.3666668027024 94.3452358114272 94.5547599647095 94.8761920244851 95.1452389270966 92.9928569926394 91.5404758737795 89.6142902584726 88.3500003976975 87.1499996370283 85.8166694851804 84.4571380815016 81.2190495278409 78.7928543205915 81.7952422515127 82.3404732704302 85.9380970071931 87.7047614869171 88.8833332386858 84.6047591851845 81.500005871129 81.8785725557819 85.8904762041964 83.9309539045883 89.6642874760149 82.2547587569209 94.0309484699419 -9999 -9999 -9999 -9999 -9999 -9999 -9999 -9999 -9999 -9999 -9999 -9999 -9999 -9999
121.480953226413 121.133331301921 120.285713208053 119.238094343084 117.621427572573 113.573806768059 112.411905306065 111.785715144883 107.264284132859 107.147619267453 105.104764959236 105.130949009744 105.488096236821 104.585714364 103.114286433001 102.685710898604 102.823808671532 103.026189798451 102.759523413004 100.978576685648 99.3428573600723 97.6738090791729 94.5809516984462 94.5095214757637 94.1642837664993 92.7428589115893 90.902383825234 89.7666645318271 88.2904777615967 87.8809509280058 88.1952400111734 87.8571434335031 84.8857136063854 86.809522555372 89.971427877304 93.2785701312008 96.038097350287 96.5357189171295 94.6714306505989 94.5238055733279 96.859523784428 97.9619064698128 101.140476176422 101.976192368816 105.214284880396 106.452381137041 99.923812981255 -9999 -9999 -9999 -9999 -9999 -9999 -9999 -9999 -9999 -9999 -9999 -9999 -9999
121.200002677519 120.480951319367 119.409524931413 118.014282245875 115.423809098602 111.94762233023 108.488092482177 106.361909873752 107.490478510951 107.68809700283 107.102378856487 106.533332828533 106.511903762215 106.585714340696 106.076189049699 105.626190193062 104.664287545919 105.509525290072 105.859527582476 106.057142264033 104.807146101387 102.911905316358 100.840475114141 99.4476223036313 95.3785706742272 92.6095199743712 90.7476177569889 89.795232775241 89.0761890489691 89.3047618798005 89.93333433964 90.8357181470565 91.4047603390893 92.8333320355306 94.3976192287546 96.1380939161299 98.5238113050442 100.578573203588 100.790479682805 101.157140705709 103.652379944387 106.140476200523 108.409526785651 110.116666779702 111.454763378824 113.047616953202 114.126192083965 113.185712858802 112.609519899057 112.130950919567 -9999 -9999 -9999 -9999 -9999 -9999 -9999 -9999 -9999 -9999
120.364288346841 119.152381906473 118.226192489179 116.647619266525 114.309522669761 109.759523458932 107.802383435388 106.41666605117 104.764280328912 106.526193591341 107.46190261651 107.480953215835 107.388097766073 107.383331294337 107.630952831781 107.735713957631 107.297616974627 104.066667653273 100.126192025026 108.095237724323 108.319049829328 108.188097025723 105.376190234521 102.997623492269 97.7142869150847 96.0833359184002 91.6380940634489 88.9404792333689 88.9857139787229 89.1452369362352 89.9809513518958 91.3952331082923 93.478570914401 95.0095252814873 93.823812542618 94.5428580383877 94.0119057260892 98.7523822377748 103.119048984935 105.609525658788 107.161907171528 108.790475820374 110.261899925662 108.164291488128 109.904766143191 111.495239015861 116.585712414393 117.435714720004 117.221429824062 118.021429035228 120.100000343024 -9999 -9999 -9999 -9999 -9999 -9999 -9999 -9999 -9999
118.633335129739 116.719047575328 116.161901492264 112.45238499297 110.840475088395 108.930950199368 106.809528362791 105.123807937245 103.752382278676 105.602380718536 107.416669828851 108.057142256017 108.107139587282 108.090476987804 108.185712822158 105.661905332797 104.147617374587 99.3238087415528 102.904766026603 108.857143366079 109.888092040888 -9999 108.6333332409 105.911905349888 98.2095241756841 100.052375790812 96.330947951769 93.3571433980769 91.028570137366 91.9904785284032 92.0190411202401 89.4166660059542 90.7761897857735 86.9642869115188 75.8714276273153 75.4476202532877 78.1095199419832 81.1928595346638 88.5952394225382 96.0928573635883 86.7499980752758 100.347617977328 93.7238086517324 86.4142840640221 83.5309540479141 105.542855890213 114.516668331659 112.135713561886 108.295238609765 117.823814235205 121.478572824221 123.126188248416 -9999 -9999 -9999 -9999 -9999 -9999 -9999 -9999
114.154764189768 113.040477797867 111.890480016335 112.485715886974 109.545236613219 106.221431764927 104.502378471911 104.964288721865 104.247617710108 105.066667542634 106.990478493081 108.299999226061 108.766670226087 108.850002287483 106.438095212374 97.909521074816 105.102384528168 -9999 105.128568700165 107.188098805115 109.445238106889 110.061902999621 -9999 -9999 104.814283468191 102.566667478975 100.185716708415 95.6071434462213 93.0190467910082 95.7119045063183 96.2142868203443 92.1309548334786 84.4047642938236 73.7904741250001 66.676186573381 61.7428589429895 63.2357158138682 68.7619055086372 74.8142890546877 76.5714264655637 69.9380933144242 64.9809512554679 69.0809548013994 49.2047615741121 64.5880935238635 82.5452379891493 102.040475897263 82.2952402005991 89.154758037751 110.533334638976 104.964284930187 118.899999372476 -9999 -9999 -9999 -9999 -9999 -9999 -9999 -9999
112.052383420879 110.754760764833 108.116664918217 108.354764896921 110.138093982776 107.859525693665 106.647617361941 105.009523420705 104.807142231636 104.854761137904 105.461902578778 108.138093934017 108.94999885282 109.109525679328 108.626190213796 -9999 -9999 -9999 102.545238333816 109.707141889538 108.978570891485 110.066665649414 110.05952453393 110.195238113403 109.738096253999 108.145235090618 102.657142798736 98.8095225424194 98.9761886710113 98.0880928649864 95.9547653350104 93.8714314843155 83.3928566720779 78.7880975151523 69.2404747867559 66.3190460779116 63.5047608025209 61.7571429725127 65.6142882606149 68.9714279224085 64.557144296665 44.545237035528 26.1071434129277 21.7547626728454 49.8047614495588 71.973810006477 76.5190466938249 56.8619046669337 59.5285726522757 75.0619056426697 80.2809520183168 97.6952358343188 119.259525172502 -9999 -9999 -9999 -9999 -9999 -9999 -9999
-9999 -9999 109.607143414016 109.600000377876 109.197622310401 107.523811366804 105.859527589385 105.690477372142 105.752384175977 105.528570180587 105.135715462194 107.783334711371 108.85475920896 109.326187130755 109.407140736581 108.823810592175 -9999 102.004758866839 109.292859989446 109.947618490839 109.842855449148 109.930952077933 109.164283759827 109.499998065513 110.071426392127 109.928571704489 109.383329408396 103.178571902613 91.3428536906147 84.3380967594785 78.7928542591424 84.9595240903421 78.3261930273449 72.0738125284241 68.9785689808931 70.8500004805792 63.4428559425349 51.380951032271 52.1738090023756 54.4238099558859 48.7619049076647 28.5666671452218 5.2142857626895 3.57142825434643 22.3476185781015 26.795238910741 38.9142858426603 38.7238096671358 28.0119032433299 62.1690468980925 90.5714299300549 99.3238125109441 109.283332429947 -9999 -9999 -9999 -9999 -9999 -9999 -9999
109.778568281078 109.983333589082 108.902383827598 106.738094357679 104.269046805291 104.776191690428 103.41190721617 103.366668714386 103.485715855807 104.395240766971 104.947616570504 106.192855807341 108.688096981931 109.428569788846 109.726190567384 108.566667592981 105.738096271187 109.697622279818 110.061904913523 109.033330934861 108.311903000005 106.750000046699 98.4880944823279 99.8476216729566 109.45713995731 109.973810192615 109.971427920411 109.688093193606 104.549997500245 88.5476229726479 74.8214265263815 73.0523815290015 73.5452366916527 76.0380954253984 76.3880977261193 68.1428567791519 67.1547622326378 64.3238087456571 54.3047620033285 40.7761910356105 25.2214291377673 8.66428564118986 11.3833332238035 8.68809520784761 -4.82142889619253 -17.2952385492436 -16.6071423704777 2.63333315317128 12.9785719377368 47.7214289042976 58.3857123408292 67.1023804941831 95.6023840303939 121.680953648218 -9999 -9999 -9999 -9999 -9999 -9999
109.011905691749 104.669046438324 102.595237794974 98.5238094365779 98.511907578534 100.130952836795 98.2880993191891 96.926191347693 97.6547641089374 100.861907908356 103.042860038959 102.478576639472 107.804763740938 109.740476604756 109.923809047601 109.547620787113 107.930950169634 110.152379989874 109.021430997068 107.316669488084 105.699998876031 103.249996278576 98.0714226048886 94.5309544258062 105.935714554432 109.542858116371 109.714286803667 109.521429069802 109.126192098971 108.547622698335 101.035713438669 89.3761883357679 88.992856960095 91.4142856148469 87.6952382690438 73.000000301424 73.3666666170959 73.9357148638765 64.2500020660143 48.2880948533886 34.2571431461286 27.3047619497327 28.3476200848397 17.2285725458491 -8.71666664631184 -36.6785713172044 -43.7928585102488 -26.6023813818405 -15.4857151630437 18.2404755672378 50.1999993494729 68.5428617139317 84.9380947009854 120.538093203759 -9999 -9999 -9999 -9999 -9999 -9999
110.011905733382 103.909524993384 98.8380947284566 98.1738128589128 97.6380977655516 97.9238090499153 96.8500004022865 95.173807146368 98.2666663324403 101.864288309003 104.86666868646 104.81904603916 107.233331618376 109.638097751166 110.178571698237 110.264284133788 110.295232770842 109.680948278198 104.852382779287 98.9833336440854 96.1523819368261 99.2380942585584 99.5428543818953 95.3690471504344 104.988098014594 109.185710908835 109.121425628795 109.161909104198 108.919048317428 108.407140738744 108.130952839598 106.085714415417 101.207141933484 101.933336245933 97.8857137157757 92.0047589241956 87.0166683599741 79.6690485371592 64.0690490531658 52.5261909849949 45.6380948340389 42.0261899595782 31.3476192951639 10.1761906261941 -13.4595233623858 -32.7285708047888 -25.919047577871 -14.0380953786663 -4.90952398171987 21.0928563765127 49.6261897559798 64.9428592729318 88.4357161000134 113.840476530541 130.73333355528 -9999 -9999 -9999 -9999 -9999
