socal_rasters/bio10_SPHAsouth_aggfac2.asc
NCOLS 210 
NROWS 130 
XLLCORNER -119.45 
YLLCORNER 32.483333333 
CELLSIZE 0.0166666666666667 
NODATA_value -9999 
[rows 26 to 51 of 130, columns 120 to 179 of 210]
258.304767679635 259.814277530943 268.592857321301 271.254760694915 272.578575142087 270.259521535605 267.250000008621 260.178577659231 247.245243137814 246.509521351324 248.702388992541 244.13570757485 242.238098270779 243.664287624548 242.066665589489 241.004753148516 232.63571568082 230.564281726021 211.421432670784 200.047618882198 -9999 -9999 -9999 -9999 -9999 -9999 -9999 -9999 -9999 -9999 -9999 -9999 -9999 -9999 -9999 -9999 -9999 -9999 -9999 -9999 -9999 -9999 -9999 -9999 -9999 -9999 -9999 -9999 -9999 -9999 -9999 -9999 -9999 -9999 -9999 -9999 -9999 -9999 -9999 -9999
263.878570484662 267.473815859312 269.497619663992 271.602378767177 275.080955487034 276.533332812157 277.626182541777 277.533340485171 272.852386544947 267.385704205608 267.150009118851 265.623809794851 261.771431046822 252.726188825594 249.911914705232 254.554756054295 254.638088408006 235.445240340407 226.335716352208 224.119045133531 214.090477407469 -9999 -9999 -9999 -9999 -9999 -9999 -9999 -9999 -9999 -9999 -9999 -9999 -9999 -9999 -9999 -9999 -9999 -9999 -9999 -9999 -9999 -9999 -9999 -9999 -9999 -9999 -9999 -9999 -9999 -9999 -9999 -9999 -9999 -9999 -9999 -9999 -9999 -9999 -9999
268.373802171582 269.954757663586 272.916664079541 275.49047849923 277.111892686725 278.385711654175 279.585708607123 281.269042941971 282.959518425257 283.790481565262 281.371437087702 276.180954094748 269.071441756402 263.907135059892 260.288093882772 256.776183763213 260.292858410579 244.845233908114 247.483333686242 245.295234787475 233.254764755011 224.964282866117 -9999 -9999 -9999 -9999 -9999 -9999 -9999 -9999 -9999 -9999 -9999 -9999 -9999 -9999 -9999 -9999 -9999 -9999 -9999 -9999 -9999 -9999 -9999 -9999 -9999 -9999 -9999 -9999 -9999 -9999 -9999 -9999 -9999 -9999 -9999 -9999 -9999 -9999
271.423812865554 272.278564436224 274.188095062591 276.447616549526 278.814285252739 280.078575126176 281.142845140007 280.519050613912 281.235710085977 285.214302049095 285.473808287506 285.511917130638 281.990478583573 277.233322211044 263.264282427002 263.550002823241 257.976200515528 235.435718490501 253.526187659613 252.919052294997 240.673813075837 234.63095475877 244.930965304776 248.185718554646 -9999 -9999 -9999 -9999 -9999 -9999 -9999 -9999 -9999 -9999 -9999 -9999 -9999 -9999 -9999 -9999 -9999 -9999 -9999 -9999 -9999 -9999 -9999 -9999 -9999 -9999 -9999 -9999 -9999 -9999 -9999 -9999 -9999 -9999 -9999 -9999
273.904762265217 274.340469358473 275.738098126933 277.197616561989 278.688095068209 281.354766827104 282.471427903449 283.840469340992 285.450012186351 286.083335874934 286.38809203354 286.895233145927 286.416679400516 285.085723887634 281.983337469479 279.971420282909 272.104767013733 263.028564495874 263.230956987046 264.197616773613 248.604763241524 249.899997743084 255.642860140771 253.916664213957 249.528572075428 234.614284952737 -9999 -9999 -9999 -9999 -9999 -9999 -9999 -9999 -9999 -9999 -9999 -9999 -9999 -9999 -9999 -9999 -9999 -9999 -9999 -9999 -9999 -9999 -9999 -9999 -9999 -9999 -9999 -9999 -9999 -9999 -9999 -9999 -9999 -9999
275.742851255134 276.219039907713 277.126190175189 278.36428831447 279.319038378662 280.84046933559 283.214286777746 284.45951841859 285.788101178881 286.797622672304 287.478561392943 288.100006097777 288.157142640846 287.871429453313 286.526191731604 285.607139587279 282.5285797623 277.961906538617 273.654762250817 267.773819053565 256.635719320138 263.673805193979 262.216667274669 252.304760131904 239.350006242124 229.178573796911 215.907135048264 -9999 -9999 -9999 -9999 -9999 -9999 -9999 -9999 -9999 -9999 -9999 -9999 -9999 -9999 -9999 -9999 -9999 -9999 -9999 -9999 -9999 -9999 -9999 -9999 -9999 -9999 -9999 -9999 -9999 -9999 -9999 -9999 -9999
277.071434019243 277.507148733286 278.349990835037 279.304756150852 280.269042958675 281.452377303361 283.030952426815 284.826187123008 286.023811326779 287.190467820579 288.035720821754 288.050010682468 287.902381895888 287.719047551971 287.304756171155 286.995231631621 285.70236970744 284.461914084752 282.633331328798 277.0000001281 269.728584294144 263.926201122076 247.838092857855 245.280952539724 238.707145785385 239.735713882406 236.149994126515 230.816661832164 -9999 -9999 -9999 -9999 -9999 -9999 -9999 -9999 -9999 -9999 -9999 -9999 -9999 -9999 -9999 -9999 -9999 -9999 -9999 -9999 -9999 -9999 -9999 -9999 -9999 -9999 -9999 -9999 -9999 -9999 -9999 -9999
278.078567501925 278.56665801074 279.302383414498 280.138092032257 281.192855823528 281.914291372022 283.330955486624 284.890464767413 286.038085919274 287.359519945662 287.635704041595 287.43569946301 287.295234681862 286.947616587344 286.338088997328 285.73571015476 284.921424875775 283.738090542889 281.916671776981 279.864280727191 276.554771496281 269.476188774428 260.964271645823 252.361896578307 249.545246162767 238.790474209975 227.980941713317 226.666667899332 225.01190188449 212.811905311883 -9999 -9999 -9999 -9999 -9999 -9999 -9999 -9999 -9999 -9999 -9999 -9999 -9999 -9999 -9999 -9999 -9999 -9999 -9999 -9999 -9999 -9999 -9999 -9999 -9999 -9999 -9999 -9999 -9999 -9999
278.828582760604 279.335716239052 280.08333586722 281.004775988176 282.011909473204 282.630966174086 283.985717756645 285.233337391679 286.230949385382 286.957138060346 286.911903382653 286.64524842014 286.211906440455 285.590484632493 284.740470899316 283.669044510028 282.657142651323 281.585708631666 280.145233180112 277.852386511391 274.91427616648 270.74761206847 265.866668769582 260.697616634428 257.97380837752 250.35714733321 240.416664321067 220.904766419372 214.902386026935 191.583332455005 174.816661913396 -9999 -9999 -9999 -9999 -9999 -9999 -9999 -9999 -9999 -9999 -9999 -9999 -9999 -9999 -9999 -9999 -9999 -9999 -9999 -9999 -9999 -9999 -9999 -9999 -9999 -9999 -9999 -9999 -9999
279.380958554938 279.821426382875 280.614280693778 281.609519944124 282.733329760046 283.728569027339 284.716659528531 285.688087457467 286.304756161045 285.9238052387 285.659523018915 285.095230103735 284.749992372653 284.48332977574 283.947608955824 282.72618867482 281.538101215152 280.173805256443 278.588096639429 276.623809848951 272.783340532152 262.328575313105 252.86428846262 251.854762883183 258.992866525704 255.902381959546 250.421428759408 244.200004678487 233.857143587077 219.988094508858 197.266659227664 177.214283158381 162.359527788803 -9999 -9999 -9999 -9999 -9999 -9999 -9999 -9999 -9999 -9999 -9999 -9999 -9999 -9999 -9999 -9999 -9999 -9999 -9999 -9999 -9999 -9999 -9999 -9999 -9999 -9999 -9999
272.366661053376 274.064285268712 279.107131967476 281.850006087684 283.314270003231 284.835716235349 282.659515365564 284.771430982454 283.161911040887 281.761901833335 280.311904947451 279.29523467157 280.311897258197 281.721427901581 281.435714750908 280.235717791301 278.290466340861 276.485710161546 274.342865032798 270.728569074647 267.609527622382 264.719047562081 262.619041490029 262.852378850171 260.252372786895 255.554756251996 246.157146604643 240.152378257961 225.016670443758 217.488098185449 218.347618136139 210.142860603501 196.323814433121 202.416675633632 191.514289999792 -9999 -9999 -9999 -9999 -9999 -9999 -9999 -9999 -9999 -9999 -9999 -9999 -9999 -9999 -9999 -9999 -9999 -9999 -9999 -9999 -9999 -9999 -9999 -9999 -9999
271.321418697243 279.076187115011 276.130958608473 281.12857049713 283.214286777938 284.647628787146 282.733329757538 283.107147234997 279.609527687198 269.530959944657 277.53571323104 273.992858948771 270.430961613583 273.16189570607 277.902374202397 277.790481583891 274.942871139668 270.914291409587 269.035713228666 267.259521479681 268.357139550612 269.114288346289 266.073806814131 263.397605928223 260.902374307387 256.604766942012 247.750003899283 245.633335240663 233.492870509714 230.664291429549 226.419044526102 224.497627359817 219.971435536065 224.064285302467 218.142860569926 207.152382085291 190.016662888932 -9999 -9999 -9999 -9999 -9999 -9999 -9999 -9999 -9999 -9999 -9999 -9999 -9999 -9999 -9999 -9999 -9999 -9999 -9999 -9999 -9999 -9999 -9999
279.245246899368 280.707145671586 279.530952445035 282.869056679315 283.740470876382 284.019042972173 283.002388014865 281.311904930991 278.354774519612 276.207145714349 270.280952530029 271.15952298479 269.954765352231 266.595230163472 269.62618244964 273.878570533852 275.521430950004 272.892852831081 270.449997002513 269.888092042156 268.869049070095 267.24522402617 265.254760772375 263.152381921502 261.08809665163 258.288093612535 252.978569155571 246.966670962365 242.52618418127 239.87380602191 236.240482448132 230.530952572482 233.335712343986 227.776187833364 231.902389447278 228.114284584369 222.728580456632 221.659526688476 218.390472586193 -9999 -9999 -9999 -9999 -9999 -9999 -9999 -9999 -9999 -9999 -9999 -9999 -9999 -9999 -9999 -9999 -9999 -9999 -9999 -9999 -9999
274.888092046384 280.719047493141 282.659515375179 281.992858903448 282.011909466638 282.190475469572 281.330955520668 276.511909593021 269.652374395397 263.319045993189 263.971435591488 255.449997072708 256.799987581176 263.802383479293 257.535720839746 262.007137211484 267.404769856753 271.690475424362 271.426193263877 268.873802234398 266.485710138423 265.461914077424 264.759521495388 263.285713221896 261.323814415213 258.059532229424 252.452373600011 244.909523050222 247.973800684971 247.583332081479 242.861907995657 239.307147950399 240.511901858382 241.833339764296 242.164287356293 245.619052927966 245.673809074994 239.080955530578 229.42380143077 239.407142395385 235.954753958187 -9999 -9999 -9999 -9999 -9999 -9999 -9999 -9999 -9999 -9999 -9999 -9999 -9999 -9999 -9999 -9999 -9999 -9999 -9999
279.41428373272 281.435714703674 281.7881088278 280.859519956138 280.949996957185 280.264289864744 279.564277659392 277.776207006848 272.069046234899 252.288089885131 259.819049587697 266.204757706211 262.5428542633 258.354767032509 254.600002255067 256.002380370969 260.17619314944 264.91666409916 265.792854269166 267.383331310373 268.045234683882 267.959518430945 266.369049095457 264.983329782213 263.647613553506 260.276199400351 256.799991634572 256.385707870243 255.233329793741 253.68809130893 250.430950277953 245.0928612192 246.319045919848 250.247611943407 251.033332842406 254.395237020457 253.004764488301 256.733333656094 251.488098127956 251.700000889105 244.411903475177 240.873805968765 243.949989340856 -9999 -9999 -9999 -9999 -9999 -9999 -9999 -9999 -9999 -9999 -9999 -9999 -9999 -9999 -9999 -9999 -9999
278.816665659165 279.699996936753 279.911903383909 279.711898806967 278.669052122326 278.22857666974 278.099998487462 275.809524591313 271.014289906429 261.478580653004 254.992858736863 266.459526007611 267.054763813582 263.583335948688 259.471427909168 261.607139503016 265.052375772361 265.178573632526 262.916664162196 261.157142643473 261.702384927141 262.478569008504 263.369048991546 264.249992420315 262.400001534024 261.269050620766 259.788108842334 258.921432502762 258.092849742922 257.185722364667 256.199996965758 253.128578260416 250.969047551241 254.797614978837 255.90237818159 260.416664124809 262.907142610279 264.699989347204 260.464282949011 257.476196447716 258.385707950082 263.388099637962 261.671436214965 268.590476877365 260.814277553509 274.447616382144 -9999 -9999 -9999 -9999 -9999 -9999 -9999 -9999 -9999 -9999 -9999 -9999 -9999 -9999
278.478569032844 278.754760737658 278.385719308004 277.916656500541 276.778572112743 273.021430966615 272.352378856489 272.247619669945 268.00237273504 268.435714735691 266.800010694441 267.473815897762 268.373802176023 268.002395648696 267.004760741698 267.123809795973 267.745239251979 268.623817432346 268.907127397119 267.56190492828 266.319046013353 265.047615075456 262.233329772948 262.69286344622 262.785697944632 261.883338948199 260.376190202597 259.676193258762 258.607147219632 258.659523001146 259.557144145883 259.716667200774 257.009529137616 259.64048758339 263.616668649336 267.852378786965 271.45237727494 272.540473929824 270.985710207449 271.349998417997 274.521423341739 276.226196324154 280.273803646369 281.740486017914 285.880958528709 287.82856749826 280.911903502295 -9999 -9999 -9999 -9999 -9999 -9999 -9999 -9999 -9999 -9999 -9999 -9999 -9999
277.102371215929 276.954757693854 276.397628792087 275.483329785861 273.345237774607 270.245246912195 267.050003108689 265.421432497551 267.216659533396 267.940467831293 267.990478519659 267.947601316686 268.585708607321 269.214279164609 269.214286807379 269.369041442502 268.86666866841 270.433334336085 271.383338914497 272.214294433594 271.445236233265 269.902374290351 268.223808312415 267.28094482161 263.361908080118 260.91429139189 259.419044525531 258.899986261725 258.628570558531 259.476188644987 260.697624188071 262.242858868813 263.395233121576 265.533340418374 267.821418732848 270.271430925693 273.485717723921 276.266662561857 277.07141878123 278.014289819123 281.36667627132 284.66904445513 287.730956977027 290.152374244388 292.173805190002 294.473800645488 296.240478499126 295.671424905625 295.550002974396 295.404769884825 -9999 -9999 -9999 -9999 -9999 -9999 -9999 -9999 -9999 -9999
275.09048462922 274.466667178608 274.07619477009 273.002380385129 271.149993931009 266.847625798147 265.364280707009 264.452377335102 263.288101198509 265.769042932603 267.39047240238 267.992851249075 268.566665645559 269.126190174015 269.995239248517 270.721420280324 270.816658027094 267.949997045128 264.238090431779 273.466667162356 274.342857346277 274.802391072702 272.342857406704 270.300003098205 265.083335989321 263.840484656049 259.504768491994 257.133335054248 257.764282241009 258.483337359798 259.966674842453 262.092864931145 264.940475429067 267.173805208485 266.409515437052 267.778571980869 267.735710197689 273.461906382414 278.899993790996 282.214286770845 284.540466271673 286.869041406308 289.083328214418 287.233329880579 289.680961670212 292.007140834765 298.280960054852 299.742858875754 300.066658010827 301.419052087961 304.321433971855 -9999 -9999 -9999 -9999 -9999 -9999 -9999 -9999 -9999
272.133331309345 270.728569051749 270.828567516911 267.43809513342 266.35952758438 264.904769926899 263.252372746989 262.090469386086 261.195236195539 263.788101149545 266.338096594447 267.685714712354 268.383338919669 268.983322133965 269.609527590581 267.540473978516 266.492851286238 261.807144234923 266.350006034636 273.449996901187 275.06666563664 -9999 274.980949431396 272.664283812329 264.783340469999 267.342849717688 263.852394180462 261.157142627627 259.171417185561 260.81427765246 261.426185665791 259.066673241895 261.161903357221 257.521423448837 245.700004671751 245.792857961045 249.250003786374 253.209525927971 262.0071332327 270.883331292874 261.019050572158 276.69286331707 269.840469760298 262.147621496988 259.478580119926 284.633330924761 295.230949405638 293.071433994494 289.290481690853 300.545234493239 305.209526030387 307.514274558498 -9999 -9999 -9999 -9999 -9999 -9999 -9999 -9999
266.283325201777 265.761909524412 265.123817411996 266.40000917077 263.85714723536 260.945228603248 259.757141113281 260.840484622502 260.709510783595 262.173812843016 264.89762112358 266.942863447139 268.021415699486 268.757148734907 266.752388121801 258.226188621107 266.509529061398 -9999 267.826187178492 270.690482973529 273.783332808228 274.978569027546 -9999 -9999 271.147613622085 269.304763700547 267.261917192846 262.833335914552 260.576187134329 264.107139559265 265.249984750104 261.295242403785 253.326191070362 242.095241746203 234.816661838506 229.866668755746 232.069045953204 238.714286617181 245.97381205471 248.430946423335 241.56190504469 236.516670158191 241.611900601604 219.900001597541 237.619044988954 258.17620029161 280.51666264928 258.926196816725 267.145240311391 291.626190074437 285.919052153486 302.173812580395 -9999 -9999 -9999 -9999 -9999 -9999 -9999 -9999
263.104759202285 262.20715333876 260.040473963271 260.96427912349 263.426185636775 261.661918646298 261.011917128865 259.852371238309 260.28571316075 261.007141122583 262.283332772618 265.749999976207 267.316665637728 268.128570545958 268.216667196938 -9999 -9999 -9999 264.135711487458 272.521430973424 272.369049015165 274.126190176155 274.809524525509 275.566673269675 275.664299023186 274.561904931833 269.138099836113 265.516670124726 266.295227052403 265.885719358309 264.142860420805 262.433326861135 251.459529951163 246.897609849278 236.899993981609 234.216667231424 231.592853603203 230.223812043984 234.973808203979 239.252380371672 234.857147355427 213.038097874087 192.983333860237 188.607143156664 220.400001029911 245.692851801626 251.235702408222 229.776184656455 233.173812427907 251.109523519823 257.480960351434 277.604766417832 302.223808147104 -9999 -9999 -9999 -9999 -9999 -9999 -9999
-9999 -9999 260.559524537581 261.161903368547 261.39523316041 260.207138079894 259.128578180514 259.571441642507 260.271438579239 260.654769896165 260.919044464016 264.383331268818 266.169052106797 267.380958545234 268.078575130732 268.133331303756 -9999 261.976192502115 270.49048609339 271.826187131126 272.357147203767 273.057144160665 272.902381896585 273.876182517533 275.176193230998 275.642860407306 275.666671763852 269.480964874949 257.109535366348 250.019035486163 244.499999938978 251.854755321589 245.057144346393 238.747615853844 235.909522947602 238.538097482823 230.769054522835 218.049995530194 219.402381833424 222.421432434359 216.592861380282 194.657147051203 169.085724172158 167.726188471625 189.076190141429 194.471432323532 208.573802612404 208.778568736721 197.238089927477 236.014285517587 268.373809497439 278.650001547249 290.407149816078 -9999 -9999 -9999 -9999 -9999 -9999 -9999
258.288101202314 259.178573602322 258.661903398275 257.014282248344 255.049995438774 256.235698669482 255.478565231358 256.059524540652 256.830947859502 258.414283725125 259.673820479824 261.6714248277 264.997619600354 266.440483078817 267.392860402692 266.826179535315 264.414291409387 269.278579681787 270.352378842192 269.957130442529 269.773811332028 268.711906471571 260.383331452358 262.495246610343 273.559524513141 274.764289843124 275.392852776143 275.730949399576 270.733329951719 253.802379919033 239.321434161796 237.947620399835 239.01428996272 242.345241487319 243.288089700927 234.807144355763 234.216667127343 231.630947189653 221.059528471165 206.590473474951 189.738090805535 171.890480282027 175.299995236798 172.7857210137 158.147621015683 144.671435001017 145.911909183762 167.754764490324 179.77857119259 219.19048640154 231.564288766068 241.880950629591 274.430960997677 304.273803330288 -9999 -9999 -9999 -9999 -9999 -9999
256.342853561918 252.38332751407 250.840473232855 247.185714716741 247.866661065665 250.178573601667 248.94524004502 248.133331309958 249.540481486418 253.6690482461 256.590476988797 256.654762236383 263.071426326065 265.80477140926 266.66428374058 266.873809819751 265.838088985782 268.911903371972 268.302383445393 267.107131977414 265.985717787747 264.023819060812 259.069053672315 255.771434843431 268.878562734248 273.445243820237 274.254768361326 274.695228573978 274.959533691002 274.892860423337 267.314277903151 255.09524541504 255.276187863727 258.564285221515 254.978573011916 239.402386035856 240.326190747427 241.583332208833 231.397613693856 214.200008754013 199.161907326797 191.899997775198 193.57380683642 181.683323360939 153.211903010427 122.464289135117 114.942853488009 134.478572666217 147.259521196213 185.533332185145 221.778567743387 242.828563434454 261.747619183792 302.285712779977 -9999 -9999 -9999 -9999 -9999 -9999
256.221427976314 250.483337476247 245.809528361523 245.759525283914 245.814285274245 246.778568257209 246.311904920682 245.180957787234 249.166664032172 253.671428649336 257.542854286064 258.142852791572 261.430953903234 264.709541297738 265.947624194559 266.697616568155 267.269050594297 267.388092053391 262.869049192521 257.197605183661 254.761913334048 258.757133400003 259.745239328681 255.842864965445 266.995239106985 272.145233154429 272.790473930528 273.495231620371 273.790473936908 273.945236202927 274.283340450407 272.616668775964 267.866661127793 269.278572060331 265.471420429962 259.607132048071 254.685714756118 247.161899812097 230.509533110046 218.20475793261 211.111904060673 207.604767014273 196.259514112502 173.202381602748 147.342857706941 126.34285941084 134.292857868711 148.021426987181 158.609523617551 188.08095493115 220.564288603922 238.183330106614 264.985709544922 294.128577661995 313.573806715891 -9999 -9999 -9999 -9999 -9999
