socal_rasters/bio11_SPHAsouth_aggfac2.asc
NCOLS 210 
NROWS 130 
XLLCORNER -119.45 
YLLCORNER 32.483333333 
CELLSIZE 0.0166666666666667 
NODATA_value -9999 
[rows 104 to 129 of 130, columns 120 to 179 of 210]
-9999 -9999 -9999 -9999 -9999 -9999 -9999 -9999 -9999 -9999 -9999 -9999 136.054763723712 138.945240064812 137.676193225076 135.742858908894 134.600002304207 133.511909496239 132.900001528901 132.152378096988 130.066669513675 127.661909114457 126.642852814298 125.002378453437 124.076192890782 124.276191672003 125.949995083651 126.161901443958 124.895240861462 124.69047723855 128.071430196719 126.771429232411 117.090478944237 113.316669459226 108.145242734445 109.27142525652 106.938097047354 89.5595228262528 96.2380923201633 109.785712790905 117.416664618381 101.180952038369 102.423805137525 108.776191676933 109.161907167027 103.880953086668 83.7190458240227 85.1357134732568 82.5261880629456 78.0380936408666 71.3309499208292 64.7214297850656 64.8976192984096 59.5428591777827 51.9999991805503 52.7404765886484 52.9285699387714 45.7785739199865 43.9666672454055 42.9571437094742
-9999 -9999 -9999 -9999 -9999 -9999 -9999 -9999 -9999 -9999 -9999 -9999 134.859519959339 137.050003029544 136.938095096442 136.164283760942 135.400001547224 134.180950180546 133.202381142218 132.17618562034 131.135711692277 128.461908390629 127.41190527898 126.500000037053 124.454757688984 125.600000325643 128.130951009653 129.171424841315 123.576185337697 123.595237676476 127.866668625915 131.304763858408 117.780950648313 118.38809777744 119.892854506397 127.485713826974 126.952379271932 122.309526441768 115.216665493195 119.435714602041 119.090475188924 114.192857760075 110.835712606462 103.778573778027 107.028572241361 101.561903153055 92.216663560569 86.8857098286654 79.3476182439682 71.2071438342698 67.3452376610893 68.9904766375913 66.830951759527 56.0880957938572 52.1880950726237 60.9119053386418 55.6571416845229 49.1833334816406 43.8714278158095 40.1047620841868
-9999 -9999 -9999 -9999 -9999 -9999 -9999 -9999 -9999 -9999 -9999 -9999 134.678569797194 135.238094341972 134.63333510472 134.640476228654 134.400001531339 133.611904153413 132.919052131831 132.319049837488 131.74047471383 130.166667970396 127.397619302501 126.542856179898 127.19762032103 127.404758445167 130.895236904525 128.288095544383 128.664283763106 127.373805922956 130.890480023715 132.138091986471 130.649997721302 127.96666721018 129.090477008853 126.159526927738 115.430952138592 114.811906788084 115.252382223972 122.997621727248 106.288093603231 97.6357137407025 94.6666642183929 88.9547633014333 97.6428604284554 94.0880967987663 84.1404783096083 80.3642846486358 78.6166649258473 74.9190483167225 71.2142887233274 72.5476207736266 67.3119029711762 62.7095242354271 55.6928578332174 64.1952378935191 64.5523805862188 59.2452384366335 46.3095238444046 41.9309501780146
-9999 -9999 -9999 -9999 -9999 -9999 -9999 -9999 -9999 -9999 -9999 -9999 136.016666430304 136.26904297834 135.654766090467 135.14761734674 134.438095097241 133.547618867217 133.416664127187 133.088096632478 132.419048319035 130.9714317664 127.273805665317 127.259525207872 130.207141794633 129.659523058011 132.76428600836 131.214286818953 133.273807514429 133.095241557506 133.392860405619 133.226192484145 131.914287591541 128.345237794597 125.283330949245 123.459526102023 119.614282671494 116.380950959524 116.733331540512 116.911909282201 110.499998145769 102.426191488689 89.5690482379812 74.3500002885601 91.7952382866765 94.8809490989321 88.5523777335075 78.0190450399574 71.7547607181337 75.4785708365514 77.2357159307329 73.949997098091 70.9833317180957 67.6785736896386 64.9023818930075 70.0547579855743 66.8642845922477 54.723807669614 45.9166670265939 40.6309538620365
-9999 -9999 -9999 -9999 -9999 -9999 -9999 -9999 -9999 -9999 140.504760821448 134.166664193361 134.361900254658 136.642856613437 136.157142653346 135.380950928474 135.100002295024 134.183326726567 133.616668710616 133.840480781233 133.735713973686 132.485717809974 128.266674095128 126.895237002916 133.373809779112 134.433334352967 134.607143390777 134.623813628882 134.43333054372 132.083335958703 128.966667140813 129.788097397984 130.033332842731 128.259517700521 125.79999734994 118.128570730542 107.85714544747 112.10000591936 116.059520670852 111.709522338966 106.966663448444 102.688091354871 98.4095249979751 92.3309534682393 96.8023776818103 95.2309513517884 92.4738083734983 82.8476202138274 77.6476231031856 76.6904773967957 75.2999992717871 68.8047621694522 61.0000018709605 65.5523833802593 70.9166659545681 72.319048072424 62.792855491436 53.5333330019088 48.2619037702836 42.0404760263314
-9999 -9999 -9999 -9999 -9999 -9999 -9999 -9999 -9999 -9999 -9999 133.435710934123 133.392856551037 137.602382688679 135.695240027601 135.390472423443 134.633331306274 133.880954749932 133.626194007674 134.28333659311 134.857147251543 133.51905061487 130.204757714529 133.785713216677 125.542858212592 127.883331185188 130.726192473698 131.904766076593 134.059524532217 132.423801478123 128.271427178625 127.885711733283 126.628572480904 121.788097470211 116.214284967646 114.357147217078 116.807142167621 117.416667957567 111.904760477445 108.871425648383 107.338096652799 104.178569802365 103.988098182208 99.7785702481618 97.5499973370424 97.2476177053095 93.8190480462328 86.8952408838938 80.9309541000568 78.3523826784055 73.1047612312414 69.726190651375 66.8476180951858 72.4571437397151 69.7428588546696 72.7119045795308 67.3333340991025 60.3285724033331 44.3261920139835 42.2595252483159
-9999 -9999 -9999 -9999 -9999 -9999 -9999 -9999 -9999 -9999 -9999 139.216663363584 138.285713198932 139.754760697154 138.007144982642 136.347614296953 135.614288332063 134.247619648658 133.892860417257 134.471427890591 135.702384996123 138.307144149729 136.583335894992 132.514289913104 128.411907306799 124.999999905542 127.504764548893 128.130949003354 133.064281439725 133.095233927567 132.119045271525 130.688091304935 128.302379671516 119.735714146172 113.523809475969 114.395234932704 123.607143443221 121.928569782243 118.07142844104 111.049999273747 109.164285734942 106.452377339598 107.649999706441 104.195238168111 96.7357122965333 88.7857112562507 85.838094747027 84.8047638579056 83.2547626380451 78.9309521897298 79.0761928319587 73.3023797233843 74.6904773034585 71.1666661514024 69.4214268773099 65.7928563116944 65.8714283779937 66.8738090985005 48.0476190568263 47.4500004827154
-9999 -9999 -9999 -9999 -9999 -9999 -9999 -9999 -9999 -9999 -9999 -9999 141.309528355408 -9999 140.897617389861 137.571430201125 136.064285313937 135.411903371223 134.945236197618 136.669048291444 138.366664887497 138.0000000669 134.823814424221 129.63333135467 130.07143400234 129.33333206362 129.173809054844 128.354764959678 131.778575832812 132.747619636246 132.073806770494 131.485713973892 129.299999277546 127.023801770096 119.678569938251 120.235711868869 128.278572164907 125.409526919464 114.823810715163 111.835714272487 -9999 112.702379317283 112.519046781969 110.049997382485 107.430950227166 98.2119066670841 91.1309471643536 87.9095230790885 87.9261951821874 89.3119048962883 85.7880937921354 76.7214279428923 70.4642850322006 70.3952350023312 66.4166642284087 62.197618470297 60.6047639506597 67.1666682852146 54.6190454705015 51.1714293533829
-9999 -9999 -9999 -9999 -9999 -9999 -9999 -9999 -9999 -9999 -9999 -9999 -9999 -9999 141.697620408355 139.095237756325 137.388095876437 139.380954715178 139.702381150529 138.314289138933 137.126190193341 136.588092838049 134.509521515471 133.226192482585 132.254764564636 131.350002291332 130.192855856939 126.88094717446 127.383333138535 129.004760761763 128.730951311531 129.623806029508 126.41428570804 128.176187361462 130.088098646106 128.019050562519 128.461908417292 122.399997789367 119.669046380791 116.383333367293 109.245237372209 103.847620152811 96.1357116174743 101.488094344554 102.516666375412 99.004760856243 91.5071412003222 88.9238090180097 94.4904765534308 90.2452375441828 74.9785730055954 66.8714274904783 68.8857135960911 67.2761917136349 68.6095257027537 65.997619675659 65.6380958127044 77.0976200279655 64.5380955781093 58.6714305900521
-9999 -9999 -9999 -9999 -9999 -9999 -9999 -9999 -9999 -9999 -9999 -9999 142.235717776931 142.109523771251 141.85475921961 140.247615861514 139.392852784815 137.933334384338 135.55000307455 134.464286808892 134.602382655441 134.845233929716 133.819049856195 133.338096622567 132.742855086211 130.342861222896 131.30237960962 129.600000427873 127.657142643212 128.107143392993 130.302387207584 131.809520710417 131.111900289798 130.454765366856 121.797619063891 113.669048141502 122.452383086911 114.792860283587 102.452379345139 108.740474600137 107.497619692678 103.8404770128 99.7785740760061 91.5761872542016 90.7904700446167 92.557136499831 93.4952373701433 97.5904692756825 97.7619038795531 88.4071447069371 79.6642877158058 69.111904376781 67.08571618545 67.8928584912105 69.6904753734326 68.9690495311265 70.5738103638007 82.3619002763328 76.3166659520966 68.7404785621399
-9999 -9999 -9999 -9999 -9999 -9999 -9999 -9999 -9999 -9999 -9999 -9999 139.859519968978 140.302383430499 141.78809355601 141.390476249474 138.947620433047 136.804759978247 136.452381140833 135.683334344878 135.892856611569 136.028568251097 135.145237011361 133.350002281642 132.995239270425 132.699996953005 133.871429434301 131.666664169402 130.445243853947 130.392852764309 133.592857295572 133.497615816275 132.704761555597 130.207141936373 122.6523801787 113.873811759831 110.030954401515 111.885717432064 105.39761746532 102.740472797206 102.030950565091 100.838098470791 99.6666717629776 92.021431317248 84.7904794814514 92.1595229366709 97.1785735770602 99.5571420929149 94.0738051468832 85.4499951128636 77.2595254437055 73.2690449330162 66.5785711365511 75.5428580319669 77.6928540499357 70.1119060798788 73.8738058188991 84.1952399713674 81.4880944793075 71.7619075752286
-9999 -9999 -9999 -9999 -9999 -9999 -9999 -9999 -9999 -9999 -9999 -9999 138.311904865423 141.880954735391 -9999 -9999 141.721424119785 138.747623460856 138.138095868306 137.533332802639 138.333332068411 137.654762276172 136.10952762676 134.35714723141 133.988094331805 133.849994643152 134.200000818883 128.361909872771 132.052383382347 131.176189408743 132.645233236531 129.038093577912 127.888093969299 125.164283815105 122.438093192729 120.390472422289 116.511903890737 106.592859247709 108.319049919367 97.1523800885285 97.1214256390242 94.8547630752053 86.5595264852943 84.4666672115648 94.9976193984247 103.871427414734 107.057140394848 102.452381212919 90.7738094781772 90.640476237133 86.6190510561954 76.4690497046302 70.1499995882636 74.7857149879926 83.9238051844588 80.697618671034 77.7619055173936 84.7000007784325 80.46190456698 80.9119072056753
-9999 -9999 -9999 -9999 -9999 -9999 -9999 -9999 -9999 -9999 -9999 -9999 139.340473055179 -9999 142.138099674079 -9999 -9999 141.257144920478 140.185714745353 140.221424081855 139.540473941437 139.283336648282 137.664291408915 135.759521501728 134.845233934448 134.15476223883 136.145240799809 135.45476149775 -9999 133.704757724955 119.371429605097 117.661907117536 121.669046389082 122.223812074242 122.504760719712 123.280952518648 117.319048066731 111.08571419357 113.802385323713 110.369047342275 98.4238074237682 92.1476229461361 95.2119026102832 96.0166663099252 102.4380969032 101.985713963856 110.142852732643 102.138094239234 94.8261852841953 90.8476162850621 85.3261929514823 80.819044160562 77.226186817722 72.9285697233454 81.3404748937523 -9999 85.2690448489766 83.7523803236466 82.183336124689 80.1690502860378
-9999 -9999 -9999 -9999 -9999 -9999 -9999 -9999 -9999 -9999 -9999 -9999 -9999 -9999 -9999 -9999 141.697616576032 -9999 -9999 141.361904140229 140.885715494072 139.947620409343 138.116668732915 136.102378870918 134.271427172672 134.897617313498 136.735713964202 -9999 131.688097153098 123.788093568659 111.000002041992 114.247617561508 124.873806013205 120.276186038783 122.064287012747 126.138093984841 123.523809424447 122.007144971655 117.602382771021 109.895240909858 96.3095227484474 95.7047633155653 94.2785722614447 90.0166663453069 96.4119069876933 102.826190878515 110.26666442326 108.159519283124 103.69285786962 96.8047620031078 93.8595200467069 86.7571412876126 80.8666686403201 81.9476185289842 -9999 -9999 85.6000023507623 82.4904785201436 80.9500026074786 80.0214290591161
-9999 -9999 -9999 -9999 -9999 -9999 -9999 -9999 -9999 -9999 -9999 -9999 -9999 -9999 -9999 -9999 -9999 -9999 -9999 -9999 141.507141126183 140.49285508167 139.140476255958 137.242858906028 137.033336638353 138.909526795846 138.471427955843 136.485717828691 130.571430327007 124.883331233445 124.84761995619 128.552381468946 125.245233645716 116.135715539465 122.061906644321 126.302381547031 124.807146005369 125.628572526424 121.140474418172 113.583332051468 111.240472882156 101.664289523385 98.909519348033 93.5714321754892 92.6976145900788 98.1761893299178 106.090472970688 101.309522728993 96.540475901872 98.7166651589933 102.299997331578 100.585714404769 100.652378104545 97.5333329259793 81.8166675286793 81.8333321013412 83.6714305800666 85.0071410488874 82.502378477214 85.6880969865752
-9999 -9999 -9999 -9999 -9999 -9999 -9999 -9999 -9999 -9999 -9999 -9999 -9999 -9999 -9999 -9999 -9999 -9999 -9999 -9999 141.785717009476 141.240470890733 140.714290628743 139.950000769333 139.54523468819 137.799999268016 135.72618868431 133.871433285682 131.185714764885 129.438095104192 129.676185570693 128.192857849332 118.204763556393 115.307142341567 125.954763260344 127.107145327122 126.30476192473 122.971429833706 124.276187950626 120.64999964246 115.97142794229 101.933332640003 94.1309509769343 90.7642899149742 95.9904726942668 103.138095698625 114.014286286192 103.347620165102 98.166666006374 97.9452380953735 93.930954214348 90.2666663718133 95.664289477468 89.0976162090859 91.3404789140684 88.8238086974903 85.9785709357049 88.0428561354153 87.7071456748512 89.1666679780548
-9999 -9999 -9999 -9999 -9999 -9999 -9999 -9999 -9999 -9999 -9999 -9999 -9999 -9999 -9999 -9999 -9999 -9999 -9999 -9999 142.095237730911 141.119045268375 140.204761518083 139.29761507071 136.89285662352 135.111904175375 133.583339709677 132.738094343245 131.559520728862 129.861904144287 131.409526842739 131.621433293731 129.123809826375 125.800003163404 127.671424822176 123.549999359924 120.39286046596 120.052383463807 121.454761405549 119.683332515024 119.109523832149 111.326191193559 98.7857171021002 92.4809533131766 97.5857141466697 111.483333147523 117.421427010887 100.01428426762 95.3309574766032 91.3833389178976 92.3642863810279 96.5238093472209 96.8666668581277 88.9047643899527 79.9928570785322 80.6333312104281 86.8333319417314 91.8404788636872 92.1523799639803 92.1428566462085
-9999 -9999 -9999 -9999 -9999 -9999 -9999 -9999 -9999 -9999 -9999 -9999 -9999 -9999 -9999 -9999 -9999 -9999 -9999 -9999 -9999 141.492858896111 140.307140368351 138.783336665629 136.750000031137 135.247615846488 134.0476188665 133.26428987594 131.433326749005 130.621433224754 132.690475497801 -9999 131.216667177095 129.066665702446 123.62380995099 115.523807790018 101.969051226331 115.838096603758 115.616664888347 117.326189159327 113.866672448157 114.528570222453 107.67619148598 105.542859972859 106.611904038249 118.692859515291 113.435714924371 99.8523807702293 93.5190450568703 94.7809503835231 98.9404773688913 97.2738056755118 92.954765440746 84.7714350025739 76.0928573882879 79.9666689313719 88.9404771775206 93.1928558125286 94.9500007312919 94.2785740305058
-9999 -9999 -9999 -9999 -9999 -9999 -9999 -9999 -9999 -9999 -9999 -9999 -9999 -9999 -9999 -9999 -9999 -9999 -9999 -9999 -9999 141.840473199879 140.664291402177 139.471427949054 137.695240035729 135.916671792749 134.559520739151 134.369045257165 132.590473196651 133.019046755173 134.842857376985 132.521431040449 123.514284180223 120.509525359367 112.485716174567 105.866665081867 89.7880936097268 100.404762244015 103.209524060421 107.973808191558 112.652381836265 115.552381387167 115.090477095535 119.42619300198 123.914283776373 122.361904212601 115.464285091674 105.252382332655 101.559524582549 99.7690429673629 98.5571461263353 95.3119049597761 91.7380962729412 88.2452411287192 85.3523847018011 88.4595221597096 93.780952244348 96.857141477643 95.0880966129723 91.4476185892751
-9999 -9999 -9999 -9999 -9999 -9999 -9999 -9999 -9999 -9999 -9999 -9999 -9999 -9999 -9999 -9999 -9999 -9999 -9999 142.488094325902 -9999 142.026199349698 141.221435555556 140.376190202247 139.371429451505 138.680950171939 138.126186380307 137.169048344866 136.121429410551 136.157138833977 134.142852814946 131.314289192741 123.702381237885 117.730949647069 105.745239420339 94.7571451485329 90.7261884993108 90.3404751807807 95.8952408324053 102.792857721351 116.988092455612 120.209524062742 120.383333456614 116.961906473537 104.197620437159 100.592855330553 106.038095364338 108.045240477602 105.776191681399 104.852378867717 102.380951013308 97.6857148217887 96.2357100130842 100.869047223759 97.2928580211286 99.4119034086335 98.0619030977674 93.7999993254985 90.6714267685261 90.7952385327361
-9999 -9999 -9999 -9999 -9999 -9999 -9999 -9999 -9999 -9999 -9999 -9999 -9999 -9999 -9999 -9999 -9999 -9999 -9999 142.300003058353 141.942852025884 141.733329772177 141.088096637698 139.426189455617 137.357147244912 133.871433277107 133.588100445738 133.116664894656 132.892856604787 132.642856603338 131.990482334701 130.885711696643 126.642858631418 120.350002365717 110.547619032007 101.788095522452 100.378576115192 105.919046707564 109.461904297194 112.721431313502 127.561902983531 127.366668705868 124.145235329808 108.366665128785 95.9880907668593 83.3476218783004 101.228570670774 107.164285634052 109.13571546026 110.142858518502 109.038095523538 106.950000831079 105.509527242493 101.04523856539 101.547624467434 99.70714774395 92.8595258029854 95.1976184533482 93.8928585615649 91.1857128012737
-9999 -9999 -9999 -9999 -9999 -9999 -9999 -9999 -9999 -9999 -9999 -9999 -9999 -9999 -9999 -9999 -9999 -9999 -9999 142.592857365786 142.266666417974 142.061908722181 141.8023834292 141.171428698686 139.169044546263 134.364284570017 133.94999691481 133.471427938134 133.157142637 133.223815924765 132.176185629256 131.842857344863 131.814285295791 129.392850967828 121.50000020706 118.835714155143 122.52381131871 126.892856685395 127.023807393053 128.050003145875 127.578569395741 126.638094005924 127.166665963215 121.723810351422 108.411907440891 101.683332374176 110.559522598661 111.007139175628 111.18333248843 108.376192146525 105.692857681075 106.914287586472 105.321428391012 101.27380369437 104.28809357086 104.792856179888 101.676193360873 96.3095245880998 93.7761879113339 93.9452381419642
-9999 -9999 -9999 -9999 -9999 -9999 -9999 -9999 -9999 -9999 -9999 -9999 -9999 -9999 -9999 -9999 -9999 -9999 -9999 -9999 141.333328290759 139.223812076513 138.926189391903 140.926189406299 141.300003054648 139.678569837488 136.616672570348 134.123809820085 133.795234679096 133.533329006476 133.359523772782 133.607139581204 134.233337380436 135.583335854552 134.307140374079 133.402378094575 122.592855612718 117.92619139855 119.500001743644 128.821426340701 127.761903777412 127.064285317526 125.009521494126 123.390476289245 115.892858547281 112.026189806633 109.809526528255 107.290473930071 106.347616208855 105.080953665522 98.3857156259971 94.826186974586 97.0047607813991 92.9404755198678 91.8309517298645 94.7476156377283 -9999 -9999 -9999 -9999
-9999 -9999 -9999 -9999 -9999 -9999 -9999 -9999 -9999 -9999 -9999 -9999 -9999 -9999 -9999 -9999 -9999 -9999 -9999 -9999 138.252380488362 135.573810564398 134.490478557862 134.971431686511 138.528572040213 140.5023803617 139.902378123435 136.878574390249 135.411903407678 135.514282215418 136.397617302461 137.647613521811 137.442855851321 135.016666463851 133.264286032971 132.37143330754 124.28095249175 113.038097676587 105.826188981046 119.00476048492 127.054765622347 127.961904548076 123.635717505881 -9999 -9999 -9999 -9999 -9999 -9999 -9999 -9999 -9999 -9999 -9999 -9999 -9999 -9999 -9999 -9999 -9999
-9999 -9999 -9999 -9999 -9999 -9999 -9999 -9999 -9999 -9999 -9999 -9999 -9999 -9999 -9999 -9999 -9999 -9999 -9999 -9999 135.516666528474 131.714286801884 132.478569018972 131.647617374011 131.173809041924 135.440471549556 137.490474658039 139.223812095762 139.723808284254 139.588096634013 138.759521512426 136.235713968521 134.328571354796 132.204761549508 129.914279934654 130.485710131036 124.714292703542 111.830953960751 -9999 -9999 -9999 -9999 -9999 -9999 -9999 -9999 -9999 -9999 -9999 -9999 -9999 -9999 -9999 -9999 -9999 -9999 -9999 -9999 -9999 -9999
-9999 -9999 -9999 -9999 -9999 -9999 -9999 -9999 -9999 -9999 -9999 -9999 -9999 -9999 -9999 -9999 -9999 -9999 -9999 -9999 133.233333701338 130.680950159135 130.207138082124 -9999 128.221429812347 -9999 -9999 -9999 -9999 -9999 -9999 -9999 -9999 -9999 -9999 -9999 -9999 -9999 -9999 -9999 -9999 -9999 -9999 -9999 -9999 -9999 -9999 -9999 -9999 -9999 -9999 -9999 -9999 -9999 -9999 -9999 -9999 -9999 -9999 -9999
