socal_rasters/bio15_SPHAsouth_aggfac2.asc
NCOLS 210 
NROWS 130 
XLLCORNER -119.45 
YLLCORNER 32.483333333 
CELLSIZE 0.0166666666666667 
NODATA_value -9999 
[rows 26 to 51 of 130, columns 120 to 179 of 210]
93.7058296308389 93.6016082783262 92.604278578393 91.7796802601177 90.0341511040436 88.2453880408377 87.5391006613195 87.2040901152942 87.204322815336 86.1796150322004 85.6389102976922 85.1046924755762 84.2876777783543 83.4429912615714 82.8368091691178 81.9361057255817 81.888055795942 81.4634037144896 81.9787006281393 81.559263232928 -9999 -9999 -9999 -9999 -9999 -9999 -9999 -9999 -9999 -9999 -9999 -9999 -9999 -9999 -9999 -9999 -9999 -9999 -9999 -9999 -9999 -9999 -9999 -9999 -9999 -9999 -9999 -9999 -9999 -9999 -9999 -9999 -9999 -9999 -9999 -9999 -9999 -9999 -9999 -9999
93.4376087239753 92.7709140859811 91.2431469166188 90.8156452063696 90.7856922240436 89.6546840785915 88.6167507238846 87.807636272416 86.9074497267989 86.8204155013023 85.6089859143912 85.0108718929314 84.7272663064565 84.175703054234 83.5198421606835 82.7023277311543 82.1836700558441 82.1806411779569 81.7355232320517 81.0372676974625 80.5387611277924 -9999 -9999 -9999 -9999 -9999 -9999 -9999 -9999 -9999 -9999 -9999 -9999 -9999 -9999 -9999 -9999 -9999 -9999 -9999 -9999 -9999 -9999 -9999 -9999 -9999 -9999 -9999 -9999 -9999 -9999 -9999 -9999 -9999 -9999 -9999 -9999 -9999 -9999 -9999
90.6746845275196 90.5134105650507 91.1134548067544 91.465236667789 90.7146320455268 90.0642337816397 89.7024993987759 89.1312809011469 88.4365100916494 87.701427483437 86.4264545543854 85.7315597651571 85.2233028421837 84.8593292324713 83.8680515315849 83.5154876711079 82.9979591445544 82.5064773509755 82.1668510536756 81.1388664346458 80.9717044906268 80.3053608126845 -9999 -9999 -9999 -9999 -9999 -9999 -9999 -9999 -9999 -9999 -9999 -9999 -9999 -9999 -9999 -9999 -9999 -9999 -9999 -9999 -9999 -9999 -9999 -9999 -9999 -9999 -9999 -9999 -9999 -9999 -9999 -9999 -9999 -9999 -9999 -9999 -9999 -9999
89.9935970332934 90.1135292014151 90.5580635001392 91.3951721112468 91.9616432159244 90.9676246749856 89.6995372876407 88.9381275300833 88.8754291493441 88.9259262283705 87.0518532010626 86.1753311235924 85.519050610306 84.8791370436647 84.534444820963 83.413091679973 83.2181549006305 83.1730270493446 82.4534931391 81.4970932103029 81.1536712607905 80.563159956475 80.3151016273727 79.0017967358911 -9999 -9999 -9999 -9999 -9999 -9999 -9999 -9999 -9999 -9999 -9999 -9999 -9999 -9999 -9999 -9999 -9999 -9999 -9999 -9999 -9999 -9999 -9999 -9999 -9999 -9999 -9999 -9999 -9999 -9999 -9999 -9999 -9999 -9999 -9999 -9999
90.4825782795109 90.416851035838 90.4789199886503 90.6747016862547 91.3032321810824 91.6257457752128 91.2850570750271 90.1817703489815 89.2578544653987 88.9730091337971 87.3308601607153 86.2538394978868 85.5842247084894 84.9620590207748 84.5455551332486 83.7451877719605 83.3548774811569 82.6867714022033 81.8193264204688 81.2096996236422 81.1085929901292 80.518754971316 80.0428371404026 79.5127563448027 78.9877262183783 79.4605083269441 -9999 -9999 -9999 -9999 -9999 -9999 -9999 -9999 -9999 -9999 -9999 -9999 -9999 -9999 -9999 -9999 -9999 -9999 -9999 -9999 -9999 -9999 -9999 -9999 -9999 -9999 -9999 -9999 -9999 -9999 -9999 -9999 -9999 -9999
90.8936405175112 90.83269119358 90.6787319183129 90.8973445944366 90.2795066797068 91.3876132785638 91.5398998310341 90.9541320998068 89.7041797808202 89.0900192381517 88.1077461444618 86.7369728378916 85.6300601915056 85.0261154310924 84.3869285571147 84.0142231044251 83.4602050798556 82.8918457057933 82.2074546912667 81.8967075332728 81.4743957602847 80.6548919716189 79.9754982146441 80.133850094826 80.2701377793795 80.4090862379473 79.7647380923272 -9999 -9999 -9999 -9999 -9999 -9999 -9999 -9999 -9999 -9999 -9999 -9999 -9999 -9999 -9999 -9999 -9999 -9999 -9999 -9999 -9999 -9999 -9999 -9999 -9999 -9999 -9999 -9999 -9999 -9999 -9999 -9999 -9999
90.8026332871947 90.9631080616279 91.0396518698392 90.9378070833366 90.6984519990881 90.4950962122137 91.4600124441176 91.1322956182179 90.4291381842953 89.2506752153784 87.8948307240484 86.6550064394226 85.3238086740295 85.114540104245 84.2745018147809 83.4760036526448 83.3152866520616 82.7216301073537 82.3163433083591 81.8399238679707 81.5848350667741 80.7741088838641 80.9203891796264 80.688737871786 80.4533348171378 79.6898727536332 79.2741947193571 79.2617797855668 -9999 -9999 -9999 -9999 -9999 -9999 -9999 -9999 -9999 -9999 -9999 -9999 -9999 -9999 -9999 -9999 -9999 -9999 -9999 -9999 -9999 -9999 -9999 -9999 -9999 -9999 -9999 -9999 -9999 -9999 -9999 -9999
91.2667694133244 91.1062469507241 90.9423961674169 90.8034400916684 91.1380100255743 90.9627761712501 91.4209632876977 91.1677627686856 90.1012020198483 88.9322223859181 87.4607372447529 86.3560848483478 85.1632747652025 84.9428176928977 84.5663814579924 84.0911922624528 83.2136802688311 83.100965504288 82.2470989317971 82.335746764092 81.5555667848084 81.0873451361423 80.8678188323899 80.496480949225 80.1485862733745 79.969511021361 80.3776435892136 80.2947921761832 80.104064944659 79.5295791630543 -9999 -9999 -9999 -9999 -9999 -9999 -9999 -9999 -9999 -9999 -9999 -9999 -9999 -9999 -9999 -9999 -9999 -9999 -9999 -9999 -9999 -9999 -9999 -9999 -9999 -9999 -9999 -9999 -9999 -9999
91.2692794867945 91.243669514051 91.2937564898156 91.5476093322917 91.347610472089 91.4512081167437 91.5245056189036 90.5504207706421 89.6934661986419 88.0926456606872 86.7219810464261 86.1512546696596 85.6521663728436 85.0850582164906 84.7016162907105 84.434509289991 83.8357200774182 83.3413124127026 82.9612159919756 82.278873435055 81.7020168336347 81.6443157322456 80.6133480034256 80.7863120935553 80.9406547745998 80.2102661244433 79.9675540885833 80.125900263147 80.0132427276045 79.8599624800192 79.0362320007286 -9999 -9999 -9999 -9999 -9999 -9999 -9999 -9999 -9999 -9999 -9999 -9999 -9999 -9999 -9999 -9999 -9999 -9999 -9999 -9999 -9999 -9999 -9999 -9999 -9999 -9999 -9999 -9999 -9999
91.2467193618257 91.8512401585608 92.4242019591656 92.9557342516207 92.4854717322954 92.0501251294227 91.201025017089 90.1915779410212 89.0350685271897 87.5691795364026 87.0602665003683 86.8397045164821 86.9237442009111 86.9388332335513 85.4711170285001 85.2261810287045 84.5662956343469 83.7786331286816 83.1549530043066 82.5879764844913 82.3370075385942 81.9419059705189 82.1768646206953 81.9557666784674 81.3600464003489 80.1560897852409 79.9212246073945 79.5321483603683 79.5861816322641 79.4326324470228 78.6261329835494 77.6092243289899 76.9884243055545 -9999 -9999 -9999 -9999 -9999 -9999 -9999 -9999 -9999 -9999 -9999 -9999 -9999 -9999 -9999 -9999 -9999 -9999 -9999 -9999 -9999 -9999 -9999 -9999 -9999 -9999 -9999
92.6772689721053 93.8026275593515 93.8688983907535 93.3455867745941 93.1024780287245 91.6861324532005 90.6290836377267 89.719259281458 88.5549602634364 88.2267704058913 87.8315334420913 87.7642879511008 88.3423824105486 88.9974117338481 88.2162361239394 86.7493267241797 85.6770496586292 85.0732955975407 83.9657745445989 83.3932800379363 83.3078250971329 82.6420574317622 81.5926456597782 80.8395042441055 80.4050941579976 80.6197585946625 80.6554126913443 80.3948936345719 80.2595863321013 79.8509159292121 78.8845539189962 78.2939815578878 77.5009517891427 76.4363346172149 75.5511016885135 -9999 -9999 -9999 -9999 -9999 -9999 -9999 -9999 -9999 -9999 -9999 -9999 -9999 -9999 -9999 -9999 -9999 -9999 -9999 -9999 -9999 -9999 -9999 -9999 -9999
92.3270587927566 92.4089317376963 92.1540450985331 93.2291717552866 92.4002857355006 90.507371917296 89.2357215974665 88.4140319895183 88.3472499725989 88.5050334915176 88.0512847967553 87.0614910282728 86.8628864194641 88.6207732856635 89.6502056087435 88.5798740487395 86.6146698372065 85.1692638493037 84.7842903260848 84.0937347528425 83.8161983629528 83.054603593339 82.0606022010756 81.6057033605482 80.9904785219744 80.8649826056817 80.6839180065449 80.1852455211202 80.0455799168803 79.5394840281806 78.5643196228885 78.23937225935 77.788585669106 77.1956520171457 76.8245735211624 76.8220424583244 76.3749294404395 -9999 -9999 -9999 -9999 -9999 -9999 -9999 -9999 -9999 -9999 -9999 -9999 -9999 -9999 -9999 -9999 -9999 -9999 -9999 -9999 -9999 -9999 -9999
91.4614925347117 92.0755386301191 91.782745355355 91.6255550491273 90.8166809231714 89.3207664636003 88.6212902235775 87.8987426750136 87.9825992516758 87.85921669695 87.5513343842504 87.826866137533 88.4209823591665 88.3310947280867 89.6864566587326 90.0850944570717 88.8547134678981 86.5271854542125 85.0231380467605 84.3819980775149 83.8559036305441 83.2783126977294 82.769292840607 81.867584226678 81.7058792259382 80.8394870802663 80.6557846032742 80.7872848504847 80.0446720189702 79.2153472990832 79.0130481742524 78.3862762485003 78.2166595480736 77.5339756066718 77.1133423001124 76.8505191888517 76.3619690065029 75.7678699596175 75.7504730218084 -9999 -9999 -9999 -9999 -9999 -9999 -9999 -9999 -9999 -9999 -9999 -9999 -9999 -9999 -9999 -9999 -9999 -9999 -9999 -9999 -9999
92.3388347562678 92.385362626528 91.5988178366434 90.4808540477073 89.6202964824129 89.2103958223472 88.7174510995192 88.3226146653539 88.613725660933 88.279108049232 87.9524002082109 88.0349235528779 88.6309985952016 88.6110859138701 87.4979648501316 88.7036418805992 89.8568286952867 88.4517402973935 87.1072807419301 84.8248386589476 83.7200088656179 83.07399368338 82.7845230178708 82.0092468339379 81.7871551508839 81.0558986720803 80.9765739481557 80.5579624273219 79.7425422825057 79.1957187750037 78.7565326727362 78.6623230181407 78.0652389596674 77.5441341520178 77.0188045663904 76.3707160850274 75.8147888181218 76.1442394233008 76.1104469317344 75.2627659039812 75.0216464742327 -9999 -9999 -9999 -9999 -9999 -9999 -9999 -9999 -9999 -9999 -9999 -9999 -9999 -9999 -9999 -9999 -9999 -9999 -9999
91.7578849733212 91.3520946589756 90.9330272644146 90.3113765748155 89.3694248270794 88.9643535732806 88.4380493150254 88.1291503986318 88.0778922942728 88.5802440542852 88.7097911849107 88.3243866108671 87.1534233258004 86.5764236384229 86.7719516782512 86.3558540270009 87.5156383417591 87.5426216353679 86.4577713082631 85.4867095893389 84.8342628463803 83.6638450745971 82.9733410047716 82.3818588310103 81.6047153459738 81.1587562779791 80.7780208592857 80.0278415802401 79.6160221137922 79.2953357780939 78.9700412889174 78.7421550788755 78.5679187939902 77.6985435570106 77.2917423272895 76.9779854107725 76.2085399678661 75.8259868695452 75.4946136565247 75.2827243673566 75.2125530159876 75.0379467161567 73.9945793286072 -9999 -9999 -9999 -9999 -9999 -9999 -9999 -9999 -9999 -9999 -9999 -9999 -9999 -9999 -9999 -9999 -9999
91.4845027985635 90.8939838378151 90.7961654637114 90.0771388994402 88.9989833918267 88.467912682771 88.3690280929611 87.9366378885977 87.5728988618476 88.0433330466668 88.0921669014778 87.7253837636174 86.4130497139412 85.7048206422657 85.5792064759656 84.9398117117541 84.5030403221102 83.6776790801258 83.6349277445998 83.635148998313 83.5113048583225 83.6098270383363 83.3190078879406 82.4517383610717 81.5219268843189 81.6592578846213 80.7192993191589 80.6260871833164 80.1883182663935 79.6757736260736 79.2202816027172 78.9418144224882 78.8748779404175 78.1534995973062 77.9436054203986 78.390930181774 77.7214508068971 76.521888763459 75.5125274674223 75.2070178946529 74.4417839192828 73.4511089433433 73.1299381300269 73.1591949488437 72.8149356894448 72.2186050360368 -9999 -9999 -9999 -9999 -9999 -9999 -9999 -9999 -9999 -9999 -9999 -9999 -9999 -9999
91.227266326895 90.6404914920039 90.1128730729903 89.8538188966076 88.7324524008613 88.6897220645152 88.568920133358 88.3230609899752 87.7713165306699 87.9075908801242 87.2005691708919 86.7911853789282 86.2740631195154 85.6546630902738 84.9095191909455 84.4942417194306 83.5881366761356 83.3112812196955 82.3444061363366 82.4471225846603 81.8119964658649 81.8165264129821 82.1527996117605 81.8500747707408 81.3261947657234 81.5596294336488 80.9717350048309 80.6783657074211 80.4745979343954 80.2743606647402 79.8439865166383 79.3615856166066 78.9565639390251 78.9416961476935 79.5514011219166 80.5104770616671 79.9668026190673 78.1069145510471 76.0775661690644 75.6916484921027 75.9505443542056 75.7022323642966 75.8151455110246 75.206415161125 74.99465562444 73.4808979331492 72.3918704968959 -9999 -9999 -9999 -9999 -9999 -9999 -9999 -9999 -9999 -9999 -9999 -9999 -9999
90.6054439525016 90.3079242674742 89.6508235909744 89.7198429109104 88.7966117880483 88.551919945077 88.7090892770939 88.7248153696659 88.4823169738155 88.3419570973522 87.8844661827636 87.4994697621887 87.2082100057412 86.3771610311115 85.9476375580373 84.7834301300528 83.6188106632322 82.6646804898808 82.6613387938125 82.7749900827119 82.3877124716014 82.042869575654 81.7327270428585 81.2866230152198 81.2656497847559 81.7625656128561 81.2128982511001 81.0741577204732 81.0701713583808 80.5672073346955 80.0563526194416 80.0002021826799 79.8247566171942 80.3994655430082 80.6979503552885 80.8039112165979 80.8998279580614 80.1359424721304 78.9917202187848 78.4080352730572 79.0428314273557 78.7814350160753 78.344930664539 77.6054534976878 77.1006202714005 76.5104751869145 75.2354793770452 73.9928932331404 73.4564571476913 73.0478896903897 -9999 -9999 -9999 -9999 -9999 -9999 -9999 -9999 -9999 -9999
90.2768516501649 90.2933979033586 90.1833705878297 89.6280479471903 89.2416057680771 88.7875957442481 88.7401714330402 88.5120620816294 88.6004409682751 89.0552997558326 88.4173164516321 88.0492458330884 87.7215633423088 87.3832416641089 85.8943348016535 85.0390052878385 83.7227478529659 83.3200950453488 84.6919822550866 84.9047718067287 84.5802974835607 83.2495670514538 81.9437370461259 81.6790695187996 81.214391704873 81.284496302646 80.9000263195481 80.9791316998867 81.2148475631416 80.4179248906205 80.4157657605346 80.4879321939348 81.0642547694959 80.5173912147473 80.8315124388396 82.2012500673356 83.5308227470978 82.873703021658 81.8923092254547 80.9000625658691 80.7150401972503 79.8265972184714 80.688310596322 80.7326889075344 81.2009086573648 80.3736515046948 78.9772835020599 77.6649608635512 77.1684265353176 76.1401329264183 75.817815784197 -9999 -9999 -9999 -9999 -9999 -9999 -9999 -9999 -9999
92.3961639579877 91.0939979604175 90.8068370840637 90.2579956172641 89.4535465274209 88.7658062018053 88.5698356672999 88.7928810025455 89.0538940462686 89.2301807317074 89.1983051362328 87.9172268068239 87.600286483964 87.0471534863443 86.2387352126402 85.0534401066326 85.4597435179314 84.8578910865133 85.0970210951828 85.3125896427034 84.3859806162567 -9999 82.4258613845408 81.6085243259245 81.3202228650232 80.7990360252252 80.5737629002055 80.5127677916714 80.4980697720229 80.0340652618021 79.4983100881093 79.4090309139158 80.0291137536817 80.5793838387013 80.8543891763039 82.2573775874572 84.500694248688 85.8531379518612 85.8413677372622 84.4233112365838 83.7206516265787 84.3159389596338 84.3408336734902 84.053577411085 85.0118675036648 82.9755783458352 81.3661346524885 82.2474078984656 82.057636296015 79.3722477406956 77.689161316883 77.2930946604291 -9999 -9999 -9999 -9999 -9999 -9999 -9999 -9999
93.6083622100162 91.8216533854262 91.3668003003925 91.584415453318 89.7748718431081 89.1671485906566 88.8658084946035 88.5153846821815 88.4034976988389 88.4606227853306 88.8500976722493 88.359817512526 87.4763889475626 87.0088844317902 86.3249168269441 85.3244781464856 86.347139366594 -9999 83.4253406507983 84.9118881297724 84.7956466653076 83.8788166344757 -9999 -9999 81.0059108734138 80.416803362264 80.3396358587886 80.5114727011462 80.3023529056096 79.3345585046243 78.9702281934523 79.0968971000074 80.2610873971406 80.5008716524487 81.0293235687311 81.2421855826282 82.183788281239 84.4881286118541 86.0484943335814 85.8748607875218 82.5146027095295 82.4425811584725 82.4181461583642 81.2687873565696 85.1702975781018 84.7058048828405 83.4221038796694 83.453166955889 84.5701827843632 82.9579906580148 82.9801101678165 80.1618347870668 -9999 -9999 -9999 -9999 -9999 -9999 -9999 -9999
92.5506515578185 91.5897407834273 91.1809921342118 90.7192687885692 90.4166431598862 88.5518798880777 88.1104927050326 88.1420040123409 87.9510135619518 88.1989002188665 88.7812423386106 89.1572704514177 88.3061523541485 87.12720871672 86.4428882766565 -9999 -9999 -9999 85.2160396398073 85.3919487019714 84.5773945004072 83.5682601949143 83.174627311966 82.3135280788747 80.9578113692109 80.3440456393008 80.6592178203968 80.5949993161196 80.0645618523276 79.7329406647346 80.2727126869536 80.4863853549517 80.2937641185227 80.2555561217804 80.1539707193016 79.9910602584213 79.9221591753356 81.1346893108113 83.5932426113329 84.6874904763014 81.6652432180154 79.0697078873868 77.9002266149939 78.5917434104748 83.467735238684 84.9350967239501 85.4139366151249 83.4097366715498 84.0226516300565 85.723987593819 84.5320263286296 82.022068079717 79.1070728487797 -9999 -9999 -9999 -9999 -9999 -9999 -9999
-9999 -9999 90.5171566147782 89.6613769535059 89.647565848573 88.8742046386155 88.8059749628926 88.8074150083662 89.0394744787886 88.9312610778612 89.30305098244 89.4159355281389 88.5698738223371 87.9410286135806 86.888757704554 86.0143814272569 -9999 85.2358093128742 85.7738780934031 84.5558662620546 83.7337570199372 82.8335933901144 82.6515712652994 84.0714912377632 83.305488606956 82.5147800450638 81.7679004900081 80.6780128533987 81.1014861922017 81.4072704347607 81.9109496857176 82.7109832806074 81.2976475048661 80.7420826088551 79.9284629881727 79.5695819922565 79.5269699045616 79.8096694821958 80.8373546468417 81.3492107418474 79.8742390077497 77.4672050927496 75.7284965651456 76.4996146705907 80.0513114445184 82.3046607792246 83.6073054878928 83.3843498520055 83.2246627295399 83.687135736292 81.9506721534849 81.6105747199061 79.7840862644374 -9999 -9999 -9999 -9999 -9999 -9999 -9999
91.7362995203196 91.1708087932648 90.3751220812921 89.6589775107407 89.964775081399 90.8795032482317 90.4845218649766 91.5804118891991 92.4657688093806 92.4600276946488 92.2483673151368 91.7324829346715 90.0200786737997 88.5878982820877 87.6175327335315 86.865661641102 85.9146308994786 85.597782127981 85.0632705970009 83.6681232577093 83.1766891399643 82.4085331045378 82.7052154384589 83.9155368514899 84.7021827833955 83.9858684616763 83.1907062514495 82.1181469119492 81.0109043212363 80.2892875675384 80.7404251086172 81.017917642308 80.2414379230386 79.1184730804491 78.0712966884461 78.8706416977622 78.4672470221929 78.0792408002227 78.2779502901987 78.6573772382183 77.7421417481765 75.8167152687139 74.65990639299 74.1548881494625 74.7359084852718 75.0824661205517 76.9322070420081 79.5891933279316 80.4102821238445 82.2729797007167 83.1072006123946 83.36080171309 80.7151528194697 77.7088089580437 -9999 -9999 -9999 -9999 -9999 -9999
91.7436199252467 91.2103157150298 89.7782879008024 89.3266010208161 90.1764144746354 91.2359084993851 90.0537414703125 90.4949931906352 92.544654790471 94.0662307820467 93.4873123075109 93.2372665431469 91.1305675857698 89.6060676663759 87.4878349305196 86.9547863200784 85.8372783761841 85.1475906469318 83.9535484431089 83.4316406447912 83.4345512414077 83.3236084072726 83.1960468298416 83.81218145482 85.2037029329692 84.5159149127461 84.0236816651656 83.4143543398046 82.022201555131 80.1854229196276 79.4797058036109 79.0970592608276 78.0279350442237 77.0766697041959 77.0931129338513 78.0707435544436 77.4839401341944 76.8506031079163 77.600067129347 77.8055648786919 76.9962921264367 75.7847156726162 74.7605304873241 73.9530048427883 73.8299598664135 73.9310131133711 74.6343402528068 76.3542308397686 77.4580135254454 78.749223650378 81.2365551051355 80.3758506651883 79.0135727258216 77.3171864072948 -9999 -9999 -9999 -9999 -9999 -9999
91.2400512797855 90.5000190759045 89.990280152329 90.323623658701 90.7719879136633 91.9928054893266 90.943344136964 90.9009380103513 93.3007316498577 93.1838493412884 92.4684715240751 92.7559604738076 91.7862186799953 89.933990480654 87.7782459366249 86.8106422534489 85.6872768603995 84.4153900381779 83.8695106656164 83.5290355649932 84.0939483440672 85.6464061647746 84.6286793021396 84.565488784902 85.8461494589599 84.8446388181219 84.5764389055235 83.3219375671339 82.4924106587284 81.4031620067444 79.7063026673882 78.3676567160201 78.2842769574596 77.6269493257189 77.3373908834627 77.4728202971414 76.7733173489643 76.773906708495 77.7643394380914 77.7188777931923 77.154808058067 76.0219192620751 75.4527282817536 74.3142757575752 73.4651966246728 72.8826484849865 71.7916202639061 72.4278373590845 73.9298839337601 75.987409514986 79.6379680561355 79.3525524298373 76.9313087652633 76.5720787253485 75.1880950989622 -9999 -9999 -9999 -9999 -9999
