socal_rasters/bio10_SPHAsouth_aggfac2.asc
NCOLS 210 
NROWS 130 
XLLCORNER -119.45 
YLLCORNER 32.483333333 
CELLSIZE 0.0166666666666667 
NODATA_value -9999 
[rows 104 to 129 of 130, columns 120 to 179 of 210]
-9999 -9999 -9999 -9999 -9999 -9999 -9999 -9999 -9999 -9999 -9999 -9999 237.502380284476 241.802383447491 241.86667248603 241.283336643963 241.485706326368 241.761909479613 242.476192460766 243.023807524366 242.214294466807 241.119052881816 241.328567520689 240.964279144405 241.330947895552 242.749992312794 245.723808313882 247.178569746896 247.09524160955 248.073810423386 252.771434755747 252.559524694396 243.671424900387 240.954757670472 236.664291411755 238.926189417655 237.542861973756 220.450000953821 228.461902495911 243.661899128401 252.647617841501 236.595237680831 238.880950809235 246.54048151639 247.926193192882 243.283336891741 222.878574555868 225.221431608367 223.290481730076 219.397625034362 213.054756297405 206.780944767771 207.816669504733 202.828575231136 195.502384318905 197.035716978743 197.971428060304 190.990482238008 189.750003877831 189.357147125075
-9999 -9999 -9999 -9999 -9999 -9999 -9999 -9999 -9999 -9999 -9999 -9999 235.528579696975 239.107139548923 240.354763017676 240.923805226714 241.588092806809 241.638099668159 242.026187887283 242.326198571158 242.649997715653 241.202384981537 241.450004548227 241.826190970535 241.073814372514 243.454769061894 247.240490023787 249.55953212382 245.042858221533 246.257144855122 251.847625639103 256.61667256642 243.764286130136 245.533332823593 248.221439153537 257.214279018156 257.764289889111 253.999999981962 247.621433476102 253.209525916994 253.719040007174 249.697620395221 247.092861342932 240.72143149328 245.11666122299 240.254764704194 231.261902051052 226.53808980702 219.383331434713 211.573810619463 208.302375703391 210.852375049229 209.388095917978 198.669052248801 195.183326686763 205.342853586674 200.438087447652 194.20238121392 189.133331588365 185.757144920798
-9999 -9999 -9999 -9999 -9999 -9999 -9999 -9999 -9999 -9999 -9999 -9999 234.607143389209 236.514289848432 237.28094861348 238.654758436245 239.780944811312 240.316658011394 240.980945576833 241.728572830239 242.547622676577 242.23809815894 240.726188697631 241.142864171453 243.152381807107 244.616657230489 249.423808967597 248.004760798784 249.630950921927 249.497619533076 254.30238338659 256.811908647407 256.459526055771 254.835720079419 257.109527590141 255.178569883482 245.173812920138 245.571437788438 247.109523701142 256.22618884254 239.709522269203 231.690479432746 229.545238579241 224.473811972607 234.633335114128 231.809520894779 222.147625142665 219.042858252923 218.111907988246 214.957145684136 211.895233149334 214.140476214487 209.340473133487 205.235721662747 198.476188747562 208.378577937588 209.507144941937 204.502391947035 191.314289366325 187.297618865804
-9999 -9999 -9999 -9999 -9999 -9999 -9999 -9999 -9999 -9999 -9999 -9999 235.157146453617 236.771442405076 237.604759205057 238.447616567292 239.069042194021 239.573810559766 240.757152544025 241.785713193011 242.46905135227 242.361904162813 239.873806031758 241.161907085926 245.433326624758 246.202381165651 250.616664838656 250.288097377167 253.71905133192 254.647621149077 256.192859624345 257.238105763733 257.042861949291 254.533336685738 252.507141131121 251.761909509181 248.852382708291 246.576198592486 248.04047758912 249.247619801478 243.604763069823 236.111900482155 223.609512638783 208.511897928536 227.816665416539 231.98570639766 226.27619173111 216.030948798358 210.250007590021 215.073806642026 217.797615104132 215.104766990718 212.764286068079 210.040466384155 207.857139569633 214.149989977272 211.50713737192 199.235710494088 190.419040712067 185.402389590506
-9999 -9999 -9999 -9999 -9999 -9999 -9999 -9999 -9999 -9999 236.042854369121 231.204773001588 232.76666632176 236.476188656997 237.316673277464 237.93333433605 238.995235432443 239.48571394674 240.271423329014 241.835708576689 243.092861171322 243.128570575166 240.200000799217 240.111907975293 247.99999994666 250.399997695307 251.811904877522 253.147617321313 254.183334341 252.942863529331 251.011905619678 253.057140350067 254.433338165838 253.821434038163 252.392864229965 245.580951855244 236.049995551421 241.492866307183 246.749999932412 243.264282307338 239.297618941411 235.814281528524 232.30714042052 226.88333114972 232.526191677773 231.859519983325 229.885711741978 220.628570758264 215.952373535273 215.807144178752 215.19047930306 209.114296247941 201.564285226405 207.254764496152 213.790477657172 216.095234062443 206.640484090337 197.438099086609 192.466663354753 186.459530062926
-9999 -9999 -9999 -9999 -9999 -9999 -9999 -9999 -9999 -9999 -9999 229.738098155053 231.073802882823 236.678573619444 236.142856585182 237.195236199649 237.852375021085 238.469055163655 239.602382647697 241.566669400187 243.495243088605 243.492858886333 241.521423344379 246.426189425348 239.385711743495 243.054763659932 247.171432476734 249.635715462758 253.097618082098 252.66666797874 249.602386481863 250.407146502756 250.307147980983 246.514286114945 241.873809871342 241.014286027685 244.683338051878 246.414291385848 241.776195631322 239.647617342406 239.092857382291 236.835716242713 237.585712460048 234.188098973028 232.826187128257 233.433330504593 230.745231736954 224.319049927183 218.909526941073 217.033325201169 212.326191049715 209.569046098317 207.288093542898 214.14523309451 212.040473889597 216.011909529382 211.045238619242 204.26905072548 187.797618972921 186.290473872707
-9999 -9999 -9999 -9999 -9999 -9999 -9999 -9999 -9999 -9999 -9999 234.892848956669 235.226196272316 238.076183255487 237.735713994326 237.471424092435 238.161903366207 238.133331300328 239.154766070801 241.128570509205 243.673809081278 247.638103453716 247.223812104049 244.485721627277 241.592857455566 239.404758341978 243.257137273542 245.138088190646 251.442855791755 252.709529868825 252.938098905281 252.642860423616 251.407150317775 243.757145103826 238.497615842163 240.461902468542 251.126186395181 250.43809888026 247.614288462368 241.276195548453 240.385715547075 238.585716254018 240.8809510022 238.202381174321 231.34761453392 223.923816630951 221.754760765346 221.566665704846 220.819045994769 217.099998585697 218.135719261953 212.864292255327 215.154762183214 212.266666524353 211.190479372808 208.097625824494 208.973808154577 210.816665889396 191.292854501726 191.376189867949
-9999 -9999 -9999 -9999 -9999 -9999 -9999 -9999 -9999 -9999 -9999 -9999 237.578571310063 -9999 239.983337439398 237.976192451452 237.859516160552 238.580951662421 239.569045992679 242.590469323064 245.657142622299 246.664283799914 244.797618879311 240.869052923625 242.735717743877 243.169044477299 244.328578932991 244.776191713035 249.442863379833 251.685718525503 252.264286032092 252.873813629012 251.788093592267 250.607135722046 244.209530006509 245.895240579537 255.340473243777 253.511894308415 243.61904538698 241.523799810101 -9999 244.609531482173 245.352382645137 243.816665692673 242.104763078869 233.307136767215 226.757141153547 224.304760038032 225.223808313393 227.597618080069 224.778572310241 215.969051373397 210.190475593728 210.914279861393 207.430961707731 203.749999972396 202.840476940159 210.602383018353 197.907150485545 194.950000443875
-9999 -9999 -9999 -9999 -9999 -9999 -9999 -9999 -9999 -9999 -9999 -9999 -9999 -9999 239.978569028194 238.795230870406 238.533332829919 241.885719254062 243.55952072005 243.557140376218 243.728580463614 244.566661849898 243.857139599841 243.873813619105 244.150001516551 244.526191697536 244.692852026257 242.58571629423 244.361907872035 247.214279175351 248.166667921266 250.33333207444 248.190479309344 251.166667763222 254.309520829038 253.326187078512 254.940479341885 249.785705628839 248.03810115853 245.697616729274 239.297618874287 234.680950297245 227.664287496075 234.259529112435 236.307147923352 233.630951033515 226.642856676919 224.847621869297 231.640479969653 228.071434211479 212.754768527999 204.999999938563 207.940475469043 207.107135760559 209.302383433798 207.338096655991 207.726192413865 220.819046023411 208.102382760046 202.538101186822
-9999 -9999 -9999 -9999 -9999 -9999 -9999 -9999 -9999 -9999 -9999 -9999 236.928565959487 238.29047010387 239.457138046359 239.257144957544 239.81190107627 239.759525313698 238.709522250588 239.052383412705 240.552387216343 242.123809809307 242.428577425946 243.302387221501 244.011909482893 242.919040710622 245.133346538703 244.683330566333 243.959526050267 245.654762242649 249.183334302559 251.933338136083 252.388091982645 252.907142670002 245.13809985527 237.930953787916 248.119045288299 241.292858366215 229.554763900438 237.157138703224 236.95714574141 234.133331305583 230.902385788352 223.271431079839 223.416671655559 226.292846627472 228.142848976984 233.428569687711 234.535720931667 225.590473330391 217.216667318999 206.857143633191 205.592857282577 207.219047516416 209.983333479283 210.014286109875 212.542865512461 225.964279098793 220.250000311771 212.928573644958
-9999 -9999 -9999 -9999 -9999 -9999 -9999 -9999 -9999 -9999 -9999 -9999 234.042850484507 235.830959310479 238.771427124947 239.721424105124 238.669044518083 237.942859631656 238.995235433293 239.580959295463 241.173809048831 242.669048275233 243.1166687254 242.669044468143 243.597618097378 244.619041429113 247.104763002501 246.138095886023 246.149993899051 247.397621117948 251.838100349336 252.983329756559 253.388095890238 252.026184126273 245.395237146551 237.528575920683 234.623809838359 237.654766107251 232.038093680166 230.29999922546 230.616664888666 230.404754565842 230.190475457663 223.192859999452 216.635719096056 225.247619533204 231.585712385325 235.002376366798 230.216667471119 221.921432556608 214.135711808975 210.778572130394 204.509528903921 214.871433147946 217.98332989083 210.73810197359 215.58333185395 227.435714653413 225.35952774126 215.664279922892
-9999 -9999 -9999 -9999 -9999 -9999 -9999 -9999 -9999 -9999 -9999 -9999 231.811904849761 236.795238465984 -9999 -9999 240.940483094379 239.240478514 239.997615809047 240.807144126102 242.952381122792 243.709522237022 243.440475482654 243.047611233963 243.973812087374 245.152378047086 246.788101235317 242.164283744261 247.157146393909 247.507148708558 250.254760808002 247.864292136646 247.826190953061 246.247619673288 244.588092795948 243.652381892448 240.769043085002 231.56190486942 234.46190650055 223.959522334762 224.940483088739 223.573806792798 215.926185634652 214.754760763742 226.702377058941 237.023811196485 241.378574403582 237.490478582632 226.09284976469 226.835720056555 223.509525365732 213.630958809583 207.792854260309 213.554756027152 224.176193168129 221.58094806395 219.242858709233 227.464286806297 223.773811371005 225.085716248539
-9999 -9999 -9999 -9999 -9999 -9999 -9999 -9999 -9999 -9999 -9999 -9999 232.159519058821 -9999 237.719058976048 -9999 -9999 241.14523313167 241.342861180322 242.835716209889 243.476196273733 244.554767601052 244.319046029836 243.773799898981 244.202377319468 244.802383373772 248.119049070134 248.72142026408 -9999 249.449996966592 236.076191095994 235.480953120965 240.802383389436 242.595230054808 244.0571403082 245.971427967811 241.002380498159 235.616664717638 239.547618843195 237.080955674753 225.697620665466 220.183326585371 224.454761479272 226.283336515867 234.016666294642 234.49523924728 244.090473104204 236.573814678544 229.783332870206 226.552372056431 221.645244684424 217.742855107885 214.7928619929 211.097629459884 220.835723662606 -9999 226.814285236916 225.945239955069 225.178558198187 223.83094793261
-9999 -9999 -9999 -9999 -9999 -9999 -9999 -9999 -9999 -9999 -9999 -9999 -9999 -9999 -9999 -9999 239.485713940125 -9999 -9999 243.364284492678 244.245239247465 244.619045254738 244.14999772349 243.516666420573 242.957141877272 244.923805189987 248.128570540923 -9999 245.538089885866 238.769050582509 226.904766201535 231.450004396513 243.497608180239 240.000000033493 242.973815724819 248.352375052856 246.769039128868 246.321430232218 242.854763130297 235.980957148135 222.930954088211 223.373802070968 222.869049244098 219.428577337466 227.102374797637 234.87142553898 243.66191091053 242.321434099121 238.652389644333 232.245239363999 230.14762123416 223.561905079063 218.166667858247 220.192852051973 -9999 -9999 226.647625020192 224.102378833756 223.323814310616 223.128570536077
-9999 -9999 -9999 -9999 -9999 -9999 -9999 -9999 -9999 -9999 -9999 -9999 -9999 -9999 -9999 -9999 -9999 -9999 -9999 -9999 244.188091272583 244.547618857476 244.619045265601 243.961906435454 245.111904122871 248.36428446683 249.164279957592 248.49762348263 243.795230970525 239.266666328892 240.466667103866 245.464279111306 243.221431825766 235.092853585357 242.371429249787 247.857143417369 247.528564366328 249.46905140791 245.947620477734 239.195243807312 237.864284590532 228.992855104767 227.126194143708 222.57380680982 222.685706993569 229.326194649579 238.635715252859 234.630954830305 230.51666264163 233.854762899555 238.519050585129 237.647625022815 238.611904152284 236.233329866965 220.388091998336 221.223804500367 224.09046933949 226.366664802876 224.459526061199 228.709522222181
-9999 -9999 -9999 -9999 -9999 -9999 -9999 -9999 -9999 -9999 -9999 -9999 -9999 -9999 -9999 -9999 -9999 -9999 -9999 -9999 243.840476970457 244.661899552242 245.473808281708 246.07143019821 246.96428679198 246.566673290978 245.79285050251 245.235717784568 243.7476196551 243.216667169448 244.728572792095 244.49762353575 235.504764686937 233.673812936131 245.74285871197 248.119049074529 248.435718558715 246.145233146419 248.604763070492 245.957145701361 242.202384959676 228.683330724578 221.616664922673 219.09762196247 225.623805878606 234.01427823642 246.452377558819 236.197616722585 231.747623399178 232.426193202014 229.119037863805 226.195232333976 232.802371964802 226.740478519252 229.959529882259 228.192859665776 226.009525281421 229.102371116245 229.590473145187 231.971431760575
-9999 -9999 -9999 -9999 -9999 -9999 -9999 -9999 -9999 -9999 -9999 -9999 -9999 -9999 -9999 -9999 -9999 -9999 -9999 -9999 243.561901079755 243.883331291752 244.359516141337 244.771423339584 243.671432501424 243.261917126164 243.002380370162 243.459526057318 243.530952444297 243.059520704716 245.857147214881 247.428577447889 246.009529110717 243.78809366305 246.871421751876 243.854759326164 241.7357101809 242.54762270959 245.073810457351 244.380947170176 244.849998520673 237.864288566047 225.892860488095 220.299999322089 226.711898583697 242.219050885601 249.397613759574 232.159526952721 228.245239311585 225.016670200082 226.969047488253 232.254768265705 233.561904957416 226.026188109215 217.411899653756 218.983337292402 226.395244454282 232.652389476659 233.828563647663 234.65952686363
-9999 -9999 -9999 -9999 -9999 -9999 -9999 -9999 -9999 -9999 -9999 -9999 -9999 -9999 -9999 -9999 -9999 -9999 -9999 -9999 -9999 243.70714187249 243.79523468173 243.619052890877 242.947616588184 242.783336652236 242.861904128037 243.359519963994 242.804756176433 243.254760688768 246.599994673928 -9999 247.423816661774 246.480953253395 242.090477110831 235.038101450492 222.209525905773 237.580955472147 238.528572066666 241.354759320286 238.878581910985 240.583328279522 234.564285422377 233.383335038755 235.545234554395 249.161903224862 244.711906630347 231.478572849266 225.776191883618 228.080951503891 233.330959301312 232.533336685559 228.857143512513 221.109527802743 212.821422592294 217.766670052165 228.159526604296 233.583339653882 236.349990795876 236.464290650068
-9999 -9999 -9999 -9999 -9999 -9999 -9999 -9999 -9999 -9999 -9999 -9999 -9999 -9999 -9999 -9999 -9999 -9999 -9999 -9999 -9999 243.376197819059 243.490478514848 243.733329786258 243.266662595554 242.757144951791 242.714282991634 243.823802931368 243.316673282454 245.04047770443 248.111907956657 246.988102012259 239.035717037261 237.130943339515 230.142849265745 224.500004000758 209.097618129923 221.116672477069 225.071430091592 231.090480689589 237.016666336031 241.164291231033 241.676189514508 247.307143903848 252.976192481546 252.442871150026 246.238094516332 236.597621958384 233.633342772637 232.757141098487 232.397613565232 229.992851299583 227.059524556364 224.323810525018 222.15476621302 226.252384078239 232.852378606101 237.023807493679 235.983333568658 232.971431832059
-9999 -9999 -9999 -9999 -9999 -9999 -9999 -9999 -9999 -9999 -9999 -9999 -9999 -9999 -9999 -9999 -9999 -9999 -9999 240.47380827272 -9999 242.785709367466 243.49761580475 243.959533691797 244.316669456885 244.966674793045 245.673809039659 246.03571321337 246.271430918472 247.566669458129 246.79523850828 245.188091358103 238.607143489313 233.678570025238 222.683334497942 212.533333033668 209.485713777182 210.202377406263 216.945232424075 225.15237383542 240.930957810096 245.378570446071 246.599994902031 244.123809840911 231.89762118574 229.152389381911 235.809528220942 238.911895816368 237.540473890343 237.53333664742 235.895248485948 231.890476319743 231.328571168703 237.138095902409 234.285713072683 237.438087476783 236.950008481076 233.254764636447 230.783332806367 231.7523727652
-9999 -9999 -9999 -9999 -9999 -9999 -9999 -9999 -9999 -9999 -9999 -9999 -9999 -9999 -9999 -9999 -9999 -9999 -9999 239.764286030733 240.840473160103 241.992858869093 242.671432496672 242.407142652076 241.664279948123 239.471427916687 240.533332820712 241.319034568907 242.402381883876 243.397621142416 243.988094316014 244.069049843882 240.969055288502 235.819049894658 226.954754027024 219.164283785098 218.8214300226 225.621429739638 230.34285329481 234.845241098371 251.216670956861 252.135707842447 249.900001788279 234.592861409077 222.757145175962 210.56904596378 230.214286508101 237.438098866352 240.49999995741 242.552383422235 242.333335913048 241.140472471517 240.557132745727 236.833339751741 238.261901712043 237.230949541795 230.869041561142 234.223804424815 233.730945633087 231.730960819017
-9999 -9999 -9999 -9999 -9999 -9999 -9999 -9999 -9999 -9999 -9999 -9999 -9999 -9999 -9999 -9999 -9999 -9999 -9999 239.540473928983 240.523807513371 241.647617323106 242.766666398879 243.521427152844 242.823802977954 239.316669502608 240.233333533834 241.057147981882 242.05475995886 243.371429431397 243.566661838548 244.492858849943 245.730953213919 244.388103559775 237.509521679354 235.978568825336 240.933338124879 246.554760051277 247.845241393441 250.023811419222 250.647624936794 250.835708660012 252.428569706824 247.890484002187 235.15475868984 229.166667850362 239.38809580591 240.904758405856 242.080955536929 240.188098947076 238.288093487367 240.576194766301 239.871429524599 236.478568997787 240.673820485291 242.114284463041 239.761901972297 234.909523048019 233.121429440599 234.169048324178
-9999 -9999 -9999 -9999 -9999 -9999 -9999 -9999 -9999 -9999 -9999 -9999 -9999 -9999 -9999 -9999 -9999 -9999 -9999 -9999 238.97142794303 238.242862657419 239.342857311608 242.645233119984 244.366668687509 244.042861963876 242.302387276044 241.126186358377 242.078575113079 243.045242287142 244.180950145639 245.616668677619 247.497627217399 250.121433219676 250.002380377975 250.271423333057 240.395233298015 236.721427973187 239.502387817041 250.242855002124 250.26904678126 250.638095876858 249.630954734601 249.071426440066 242.35952379997 239.333343492918 238.052375864305 236.457145665336 236.47857666123 236.164295253399 230.061908854931 227.304763610574 230.557144186998 227.164283799608 226.945240050423 230.954753665902 -9999 -9999 -9999 -9999
-9999 -9999 -9999 -9999 -9999 -9999 -9999 -9999 -9999 -9999 -9999 -9999 -9999 -9999 -9999 -9999 -9999 -9999 -9999 -9999 235.278568365035 233.980957000115 234.264297508802 236.111904079963 240.969047484767 244.254764527913 245.033336663114 243.257141115429 243.057128914893 244.473815888474 246.566673223257 249.097618080577 250.154762267096 248.842857393775 248.340469332397 248.623806032274 241.497615837689 231.147613810075 224.86428825327 239.569041925485 248.973808190948 250.997615819641 247.614292246721 -9999 -9999 -9999 -9999 -9999 -9999 -9999 -9999 -9999 -9999 -9999 -9999 -9999 -9999 -9999 -9999 -9999
-9999 -9999 -9999 -9999 -9999 -9999 -9999 -9999 -9999 -9999 -9999 -9999 -9999 -9999 -9999 -9999 -9999 -9999 -9999 -9999 231.935711005218 229.533328988654 231.602378817359 232.1261940129 233.021427126296 238.540481448984 241.919052060622 244.961906406553 246.735721564237 247.890476222729 248.371429453212 247.040477746489 246.35474778733 245.433334379615 244.304756142919 246.123813594088 241.352371377465 229.399998062883 -9999 -9999 -9999 -9999 -9999 -9999 -9999 -9999 -9999 -9999 -9999 -9999 -9999 -9999 -9999 -9999 -9999 -9999 -9999 -9999 -9999 -9999
-9999 -9999 -9999 -9999 -9999 -9999 -9999 -9999 -9999 -9999 -9999 -9999 -9999 -9999 -9999 -9999 -9999 -9999 -9999 -9999 229.159519283828 227.873809789623 228.840476989357 -9999 229.383335083964 -9999 -9999 -9999 -9999 -9999 -9999 -9999 -9999 -9999 -9999 -9999 -9999 -9999 -9999 -9999 -9999 -9999 -9999 -9999 -9999 -9999 -9999 -9999 -9999 -9999 -9999 -9999 -9999 -9999 -9999 -9999 -9999 -9999 -9999 -9999
