socal_rasters/bio14_SPHAsouth_aggfac2.asc
NCOLS 210 
NROWS 130 
XLLCORNER -119.45 
YLLCORNER 32.483333333 
CELLSIZE 0.0166666666666667 
NODATA_value -9999 
[rows 37 to 73 of 130, columns 82 to 163 of 210]
0 0.499999984057126 1 1 1 0 0 0.749999991454942 1 1 1 1 1 1 1 1 1 1 1 1 1 1 1 1 1 1 1 1 1 1 1 1 1 1.7499999889733 2 2 2 2 2 2 2 2 2 2 2.24999998792326 2.74999998782819 3 3 3 3 3 2.50000002549001 2 2 2.74999998696914 3 3 3 3 3 3 3.24999998630024 4 4 4 4 4 4 4 4 4 3.25000001465388 4 4 4 -9999 -9999 -9999 -9999 -9999 -9999 -9999
0 1 1 1 1 0.500000016706849 0 0.249999991455368 0.749999991360724 1 1 1 1 1 1 1 1 1 1 1 1 1 1 1 1 1 1 1 1 1 1 1 1 1.24999998897373 2 2 2 2 2 2 2 2 2 2 2 3 3 3 3 3 2.75000001264972 3 2.25000001284029 2 2 2.50000000000043 3 3 3 3 3 3 3.49999997240991 4 4 4 4 4 4 4 3.25000001455838 3.2500000146543 3 3.24999998515513 3.50000000000043 3 3 -9999 -9999 -9999 -9999 -9999
0 0.74999999202835 1 1 1 1 0.500000000000426 0.500000000000426 0.500000000000426 0.250000008735199 0.499999982339034 1 1 1 1 1 1 1 1 1 1 1 1 1 1 1 1 1 1 1 1 1 1 1 2 2 2 2 2 2 2 2 2 2 2 3 3 3 3 3 3 2.74999998725521 3 2.50000000000043 2 2 2 2.74999998668223 3 3 3 3 3 4 4 4 4 4 4 4 3 3 3 3 3 3 3 3 3 -9999 -9999 -9999
0 0 0.749999991933279 1 1 1 1 1 1 1 1 1 1 1 1 1 1 1 1 1 1 1 1 1 1 1 1 1 1 1 1 1 1 1 1 1.50000000000043 1.74999998868724 2 2 2 2 2 2 2 2 2.49999997565595 3 3 3 2.50000000000043 3 3 3 3 2.75000001303043 2.49999999999957 2.49999999999957 2.49999999999957 3 3 3 3 3 3.24999998610967 3.75000001398625 3.50000000000043 3 3.24999998572768 3.74999998563304 4 3 3 3 3 3 3 3 3 3 3 3 -9999
0 0 0 0.749999991837356 1 1 1 1 1 1 1 1 1 1 1 1 1 1 1 1 1 1 1 1 1 1 1 1 1 1 1 1 1 1.24999998897373 1.2500000111222 1 1 1.24999998859131 2 2 2 2 2 2 2 2 3 3 3 2.25000001255422 2.74999998735028 3 3 3 3 3 3 3 3 3 3 3 3 3 3 3 3 3 3 3 3 3 3 2.49999999999957 2.49999999999957 2.74999998496371 3 3 3 3 3 2.49999999999957
0 0 0 0 0.500000000000426 1 1 1 1 1 1 1 1 1 1 1 1 1 1 1 1 1 1 1 1 1 1 1 1 1 1 1 1 1.7499999889733 2 1 1 1 1.74999998849667 2 2 2 2 2 2 2 2.24999998773269 2.50000000000043 2.7499999875417 2.50000002510802 2.24999998735071 3 3 3 3 3 3 3 3 3 3 3 3 3 3 3 3 3 3 3 3 3 2.2500000147498 2 2 2 2.74999998486864 2.50000000000043 2.25000001532278 2 2 2
0 0 0 0 0 0.749999991646362 1 1 1 1 1 1 1 1 1 1 1 1 1 1 1 1 1 1 1 1 1 1 1 1 1 1 1 2 1.50000002224397 1 1 1.24999998859174 2 2 2 2 2 2 2 2 2 2 2 2 2 2 2.49999999999957 2.74999998706464 3 3 2.75000001322185 2.49999999999957 3 3 3 3 3 3 3 3 3 3 3 3 2.75000001455795 2.25000001465388 2 2 2 2 2 2 2 2 2 2
0 0 0 0 0 0.249999991646789 1 1 1 1 1 1 1 1 1 1 1 1 1 1 1 1 1 1 1 1 1 1 1 1 1 1 1 1.74999998897373 1.50000002224397 1 1 1.24999998859174 2 2 2 2 2 2 2 2 2 2 2 2 2 2 2 2 2.49999997393871 3 2.75000001322185 2 2 2.24999998649166 3 3 3 3 3 3 3 3 3 3 2 2.2499999853457 2.49999999999957 2.25000001484487 2 2 2 2 2 2 2 2
0 0 0 0 0 0 0.749999991550865 1 1 1 1 1 1 1 1 1 1 1 1 1 1 1 1 1 1 1 1 1 1 1 1 1 1 1 1 1 1 1 1 1.24999998840075 1.49999999999957 2 2 2 2 2 2 2 2 2 2 2 2 2.50000000000043 2.24999998696914 3 2.50000002644413 2 2 -9999 2.4999999727919 3 3 3 3 3 3 3 3 3 3 3 3 3 2.50000000000043 2 2 2 2 2 2 2
0 0 0 0 0 0 0 0 0.249999991360724 0.500000000000426 0.74999999116973 1 1 1 1 1 1 1 1 1 1 1 1 1 1 1 1 1 1 1 1 1 1 1 1 1.49999997756504 1.75000001131276 1 1 1.49999997680192 1.75000001169433 1.24999998821018 2 2 2 2 2 2 2 2 2 2 2 3 2 -9999 3 2 2 2 -9999 -9999 3 3 3 3 3 3 3 3 3 3 3.2500000147498 3 3 2.25000001503587 2 2 2.49999996935486 2.49999999999957 2.49999999999957 2.75000001560885
0 0 0 0 0 0 0 0 0 0 0 0.499999999999574 1 1 1 1 1 1 1 1 1 1 1 1 1 1 1 1 1 1 1 1 1 1 1 1 1.74999998868681 1.25000001140869 1 1.74999998840117 2 2 1.74999998811468 2 2 2 2 2 2 2 2 2 2 -9999 -9999 -9999 2.50000002644413 2 2 2 2 2 2.24999998620474 3 3 3 3 3 3 3 3 3 3 3 3 3 2.25000001513179 2 2.74999998467764 3 3 3
0 0 0 0 0 0 0 0 0 0 0 0 0.749999990978736 1 1 1 1 1 1 1 1 1 1 1 1 1 1 1 1 1 1 1 1 1 1 1 1 -9999 -9999 -9999 1.74999998830567 2 2 2 2 2 2 2 2 1.50000000000043 1.74999998735071 2 2 2 -9999 2.50000000000043 2 2 2 2 2.49999999999957 2 2 2 2.50000000000043 3 3 3 3 3 3 3 3 3 3 3 3 3 3 3.24999998458172 3.25000001551335 3
0 0 0 0 0 0 0 0 0 0 0 0 0 0.749999990882813 1 1 1 1 1 1 1 1 1 1 1 1 1 1 1 1 1 1 1 1 1 1 1 1 1 1 1.24999998830567 2 2 1 1.50000000000043 1.25000001217224 1 1 1 1 1 1.74999998725478 2 2 2 2 2 2 2 2.74999998649166 3 2.5000000273991 2 2 2 2.24999998591825 2.74999998582275 3 3 3 3 3 3 3 3 3 3 3 3 3.75000001541785 3 3
0 0 0 0 0 0 0 0 0 0 0 0 0 0.499999981766052 1 1 1 1 1 1 1 1 1 1 1 1 1 1 1 1 1 1 1 1 1 1 1 1 1 1.74999998840075 2 2 2 2 2 2 1.50000002453504 1 1 1 1 1 2 2 2 2 2 2.24999998668223 2.5 2.74999998649166 3 3 2 2 2 2 2 2.50000000000043 3 3 3 3 3 3 3 3 3 3 3 3 3 3
0 0 0 0 0 0 0 0 0 0 0 0 0 0.499999981766052 1 1 1 1 1 1 1 1 1 1 1 1 1 1 1 1 1 1 1 1 1 1 1 1 1 2 2 2 2 1 2 2 1.25000001226731 1 1 1 1 1 1.74999998715928 2 2 2 2.49999997355587 3 3 2 2.4999999727919 2.5000000273991 2 2 2 2 2 2 2.24999998563261 3 3 3 3 3 3 3 3 3 3 3 3 3
0 0 0 0 0 0 0 0 0 0 0 0 0 0.499999981766052 1 1 1 1 1 1 1 1 1 1 1 1 1 1 1 1 1 1 1 1 1 1 1 1 1 2 1.25000001169433 1.74999998820975 2 1.49999999999957 2 2 1.25000001226731 1 1 1 1 1 1.499999974319 2 2 2 2.49999997355587 3 3 2.75000001350834 2.74999998639574 2 2 2 2 2 2 2 2 2.24999998553754 3 3 3 3 3 3 3 3 3 3 3 3
0 0 0 0 0 0 0 0 0 0 0 0 0 0 0.749999990787316 1 1 1 1 1 1 1 1 1 1 1 1 1 1 1 1.74999998925979 2 1.7500000109312 1 1 1 1 1 1 1.49999999999957 1.25000001169433 2 2 2 2 2 2 1.25000001236323 1 1 1 1 1.499999974319 2 2 2 2 2.49999999999957 3 3 2.5000000272081 2 2 2 2 2 2 2 3 2.25000001446288 2 2.7499999853457 3 3 3 3 3 3 3 3 3 3
0 -9999 0 0 0 0 0 0 0 0 0 0 0 0 0.249999990787742 0.749999990692245 1 1 1 1 1 1 1 1 1 1 1 1 1 1 1.24999998925979 2 2 1 1 1 1 1 1 1 1 1 1.50000000000043 2 2 2 2 1.50000002472603 1 1 1.24999998735028 1.25000001274479 1 1.74999998706507 2 2 2 2 2 2.25000001350877 2 2 2 2 2 2 2 2 2.50000000000043 2.50000000000043 2 3 3 2.24999998515513 2.74999998505963 3 3 3 3 3 3 3
0 0 0 0 0 0 0 0 0 0 0 0 0 0 0 0 0.499999981193071 1 1 1 1 1 1 1 1 1 1 1 1 1 2 2 2 1.2500000110267 1 1 1 1 1 1 1 1 1 1.24999998801876 1.49999999999957 1.74999998782776 2 2 1.25000001245873 1.49999997489198 2 2 1.25000001284072 1.49999997412971 2 2 2 2 2 2 2 2 2 2 2 2 2 2.74999998572768 2.25000001436739 2 2 2 2.7499999852502 3 2.50000000000043 3 2.24999998486821 2.74999998477271 3 3 3 3
-9999 0 0 0 0 0 0 0 0 0 0 0 0 0 0 0 0 1 1 1 1 1 1 1 1 1 1 1 1 1 1.74999998926022 2 2 2 1.49999999999957 1.49999999999957 1.49999999999957 1 1 1 1 1 1 1 1 1.24999998782819 2 2 1.75000001245873 2 2 2 1.500000025681 1.74999998706464 2 2 2 2 2 2 2 2 2 2 2 2 2 2.74999998572768 3 3 2.75000001455795 2 2 2 2.74999998505963 3 2.49999999999957 2.74999998477271 3 3 3 3
-9999 -9999 -9999 0 0 0 0 0 0 0 0 0 0 0 0 0 0 0.499999981002077 1 1 1 1 1 1 1 1 1 1 1 1 1.24999998925979 2 2 2 2 2 2 1.75000001140869 1 1 1 1 1 1 1 1 2 1.7500000123628 -9999 1.49999997489198 2 2 1.74999998715928 2 2 2 2 2 2 2 2 2 2 -9999 -9999 2 2 2 3 3 3 2.50000000000043 2.50000000000043 2.2500000148453 2 3 3 3 2.75000001532278 2.74999998458172 3 3
-9999 -9999 -9999 -9999 0 0 0 0 0 0 0 0 0 0 0 0 0 0 0.500000000000426 1 1 1 1 1 1 1 1 1 1 1 1 1.49999997832901 2 2 2 2 2 2 1 1 1 1 1 -9999 1 1 1.74999998773269 2 1.2500000124583 1.49999997489198 2 1.75000001274479 1 1 1.50000000000043 2 2 2 2 2 -9999 -9999 -9999 -9999 -9999 2 2 2 2 2.50000000000043 2.50000000000043 3 3 2.75000001484487 2 2.24999998496413 3 3 3 2.75000001541785 3 3
-9999 -9999 -9999 -9999 -9999 0 0 0 0 0 0 0 0 0 0 0 0 0 0 0 0.749999990214334 1 1 1 1 1 1 1 1 1 1 1.24999998916429 2 2 2 2 2 2 1.50000002300709 1 1 1 1 -9999 -9999 1 1 1.49999997527397 2 2 2 2 1 1 1 1.74999998687365 2 1.49999999999957 2 2 2 -9999 2.24999998620517 2.50000002778108 2 2 2 2 2 2 2 2.49999997069182 3 3 2.50000002988116 2 2.24999998486821 2.74999998477271 3 3 3 2.25000001560927
-9999 -9999 -9999 -9999 -9999 -9999 -9999 0 0 0 0 0 0 0 0 0 0 0 0.250000009594245 0 0 0.749999990119264 1 1 1 1 1 1 1 1 1 1 2 2 2 2 2 2 1.50000002300709 1 1.49999999999957 1.49999999999957 1 1 -9999 -9999 1 1 1.7499999875417 2 2 2 1.75000001284029 1 1 1 1 1.24999998668223 2 2 2 2 2 2 2 2 2 2 2 2.49999997107466 3 3 3 3 2.75000001494037 2 2 2 2.24999998467764 3 3 3
-9999 -9999 -9999 -9999 -9999 -9999 -9999 -9999 0 0 0 0 0.249999990978736 0.500000000000426 1 1 0.250000009403678 0 0.749999990405328 0 0 0.249999990118837 1 1 1 1 1 1 1 1 1 1 1.49999997813802 2 2 2 2 2 1.50000002300709 1.24999998840117 2 2 2 1.25000001198124 1 1 1 1 1 1.74999998744578 2 2 2 2 1.25000001303086 1 1 1.49999997336488 2 2 2 2 2 2 2.24999998601417 2 2 2.50000000000043 2 2.74999998553754 3 3 3 3 3 2.50000000000043 2.25000001513179 2 2 2 2.24999998448622 3
-9999 -9999 -9999 -9999 -9999 -9999 -9999 -9999 -9999 -9999 -9999 -9999 0.499999981957046 1 1 1 1 1 0.250000009594245 0 0.749999990214334 1 1 1 1 1 1 1 1 1 1 1 1.24999998906922 2 2 2 2 2 2 2 2 2 2 2 1.25000001207631 1 1 1 1 1 1.50000000000043 2 2 2 2 1.49999999999957 1.49999999999957 2 2 2 2 2 2 2 2 2 2 3 3 3 3 3 3 3 3 3 3 2.75000001522686 2 2 2 2
-9999 -9999 -9999 -9999 -9999 -9999 -9999 -9999 -9999 -9999 -9999 -9999 -9999 0.749999990882813 1 1 1 1 1 0.749999990310258 1 1 1 1 1 1 1 1 1 1 1 1 1 1 2 2 2 2 2 2 1.75000001169433 2 2 2 2 1 1 1 1 1 1 1 1.74999998715928 2 2 2 2 2 2 2 2 -9999 -9999 2 2 2 2 2.24999998572726 3 2.75000001446246 3 3 3 3 3 2.74999998496371 3 3 2.50000003064514 2 2 2
-9999 -9999 -9999 -9999 -9999 -9999 -9999 -9999 -9999 -9999 -9999 -9999 -9999 -9999 -9999 1 1 1 1 1 1 1 1 1 1 1 1 1 1 1 1 1 1 1 2 2 2 2 2 2 1.75000001169433 2 2 2 2 1.49999999999957 1.49999999999957 1 1 1 1 1 1 1.24999998706507 2 2 2 2 2 2 2 2 2 2 2 2 2 2 2.74999998563304 3 2.50000000000043 2.74999998534612 3 3 2.50000002988116 2.49999996992784 3 3 2.50000003064514 2 2 2
-9999 -9999 -9999 -9999 -9999 -9999 -9999 -9999 -9999 -9999 -9999 -9999 -9999 -9999 -9999 -9999 1 1 1 1 1 1 1 1 1 1 1 1 1 1 1 1 1 1 2 2 2 2 2 1.74999998840075 2 1.74999998820975 2 2 2 2 2 1.50000002472603 1 1 1 1 1 1 1.24999998696914 1.74999998687365 2 2 2 2 2 2 2 2 2 2 2 2 2 2 2 2 3 3 2 2.49999996992784 3 3 2.25000001532236 2 2 2
-9999 -9999 -9999 -9999 -9999 -9999 -9999 -9999 -9999 -9999 -9999 -9999 -9999 -9999 -9999 -9999 -9999 -9999 1 1 1 1 -9999 1 1 1 1 1 1 1 1 1 1 1 1.49999997775603 2 2 2 1.75000001150376 1.24999998840117 2 2 2 2 2 2 2 1.50000002472603 1 1 1 1 1 1 1 1 2 2 2 2 2 2 2 2 2 2 2.25000001417682 2 2 2 2 2.2499999853457 3 2.50000002969017 2 2.74999998496371 3 2.25000001522729 2 2 2 2
-9999 -9999 -9999 -9999 -9999 -9999 -9999 -9999 -9999 -9999 -9999 -9999 -9999 -9999 -9999 -9999 -9999 -9999 -9999 1 1 1 1 1 1 1 1 1 1 1 1 1 1 1 1 2 2 2 1.25000001150333 1.24999998840117 2 2 2 2 2 1.74999998782819 2 1 1 1 1.50000000000043 1.25000001274522 1 1 1 1 2 2 2 2 2 2 2 2 2 2.49999997183693 2.50000002835407 2 2 2 2 2.49999997069182 3 2.25000001484487 2.74999998505963 3 3 2 2 2 2 2
-9999 -9999 -9999 -9999 -9999 -9999 -9999 -9999 -9999 -9999 -9999 -9999 -9999 -9999 -9999 -9999 -9999 -9999 -9999 -9999 1 1 1 1 1 1 1 1 1 1 1 1 1 1 1 1.74999998878273 2 1.50000002281695 1.49999997699291 2 2 2 2 2 2 2 1 1 1 1 1.49999997470098 2 2 1.75000001293493 1.25000001303043 1 1.49999997355587 2 2 2 2 2 2 2 2 2.24999998591868 2.25000001417725 2 2 2 2 2 2.50000002949918 2.49999997030983 3 3 3 2.49999999999957 2 2 2 2
-9999 -9999 -9999 -9999 -9999 -9999 -9999 -9999 -9999 -9999 -9999 -9999 -9999 -9999 -9999 -9999 -9999 -9999 -9999 -9999 -9999 1 1 1 1 1 1 1 1 1 1 1 1 1 1 1 2 1.25000001140826 2 2 2 2 2 2 2 1.75000001217181 1 1 1 1.2499999874462 2 2 2 2 2 1.50000000000043 1 2 2 2 2 2 2 2 2 2 -9999 2 2 2 2 2 2.24999998525062 2.74999998515513 3 3 3 3 3 2.50000000000043 2 2
-9999 -9999 -9999 -9999 -9999 -9999 -9999 -9999 -9999 -9999 -9999 -9999 -9999 -9999 -9999 -9999 -9999 -9999 -9999 -9999 -9999 -9999 1 1 1 1 1 1 1 1 1 1 1 1 1 1 1 1.49999997718305 2 2 2 2 2 2 1.25000001207674 1 1.24999998773227 2 1 1.74999998744578 2 2 2 2 2 2 1.75000001322185 1.24999998668265 1.74999998658716 2 2 2 2 2 2 2 2 2 2 2 2 2 2.24999998525062 3 3 3 3 3 3 3 2.50000003102713 2
-9999 -9999 -9999 -9999 -9999 -9999 -9999 -9999 -9999 -9999 -9999 -9999 -9999 -9999 -9999 -9999 -9999 -9999 -9999 -9999 -9999 -9999 -9999 -9999 -9999 1 1 1 1 1 1 1 1 1 1 1 1 1.49999997718305 2 2 2 2 2 1.25000001198082 1 1 1.24999998773227 2 2 2 2 2 2 2 2 2 2 2 2 2 2 2 2 2.50000000000043 2 2 2 2 2 2 2 2 2 2 2.49999997011884 3 3 3 3 3 3 3
-9999 -9999 -9999 -9999 -9999 -9999 -9999 -9999 -9999 -9999 -9999 -9999 -9999 -9999 -9999 -9999 -9999 -9999 -9999 -9999 -9999 -9999 -9999 -9999 -9999 -9999 1 1 1 1 1 1 1 1 1 1 1 1 2 2 2 2 2 1.25000001198124 1 1 1.49999997546496 2 2 1.75000001255422 2 2 2 2 2 2 2 2 2 2 2 2 2.24999998620474 3 2.75000001398583 2 2 2 2 2 2 2 2 2 2 2.74999998496413 3 3 3 3 3 3
-9999 -9999 -9999 -9999 -9999 -9999 -9999 -9999 -9999 -9999 -9999 -9999 -9999 -9999 -9999 -9999 -9999 -9999 -9999 -9999 -9999 -9999 -9999 -9999 -9999 -9999 -9999 1 1 1 1 1 1 1 1 1 1 1 1.24999998849624 2 2 2 1.50000002377107 1 1 1 1.49999997546496 2 2 2 1.49999997470098 2 2 2 2 2 2 2 2 2 2 2.24999998630067 3 3 3 3 2.50000002835407 2 2 2 2 2 2 2 2 2 2 2.74999998477271 3 2.49999999999957 2.24999998448622 2.49999999999957
