socal_rasters/bio16_SPHAsouth_aggfac2.asc
NCOLS 210 
NROWS 130 
XLLCORNER -119.45 
YLLCORNER 32.483333333 
CELLSIZE 0.0166666666666667 
NODATA_value -9999 
[rows 26 to 51 of 130, columns 120 to 179 of 210]
320.999999700909 325.750000289975 306.250000058464 301.999999999997 314.999999714753 341.749999724446 354.999999951702 372.49999968353 388.749999963199 376.75000028435 368.999999850501 366.500000251084 357.750000012656 350.500000076471 340.250000218287 331.49999992239 342.999999869695 351.999999737473 382.999999603337 391.2500001465 -9999 -9999 -9999 -9999 -9999 -9999 -9999 -9999 -9999 -9999 -9999 -9999 -9999 -9999 -9999 -9999 -9999 -9999 -9999 -9999 -9999 -9999 -9999 -9999 -9999 -9999 -9999 -9999 -9999 -9999 -9999 -9999 -9999 -9999 -9999 -9999 -9999 -9999 -9999 -9999
328.500000046018 328.250000011601 329.249999894749 324.000000259382 310.500000000002 314.999999952075 317.999999903383 330.499999732204 348.999999828241 357.999999975265 352.750000087206 349.75000003766 351.249999886158 358.499999949022 348.250000295332 319.500000362182 323.99999950483 356.499999737475 362.750000066102 351.750000146486 363.749999557365 -9999 -9999 -9999 -9999 -9999 -9999 -9999 -9999 -9999 -9999 -9999 -9999 -9999 -9999 -9999 -9999 -9999 -9999 -9999 -9999 -9999 -9999 -9999 -9999 -9999 -9999 -9999 -9999 -9999 -9999 -9999 -9999 -9999 -9999 -9999 -9999 -9999 -9999 -9999
346.750000057515 343.250000057992 330.00000018711 319.750000058951 316.250000011886 315.500000023962 312.250000012075 308.500000097372 300.250000085875 304.74999983929 323.24999981313 340.74999973637 355.499999924106 355.250000089217 356.249999910113 330.250000814908 325.249999205124 356.500000236266 324.500000264449 328.24999974697 349.749999745154 346.750000391754 -9999 -9999 -9999 -9999 -9999 -9999 -9999 -9999 -9999 -9999 -9999 -9999 -9999 -9999 -9999 -9999 -9999 -9999 -9999 -9999 -9999 -9999 -9999 -9999 -9999 -9999 -9999 -9999 -9999 -9999 -9999 -9999 -9999 -9999 -9999 -9999 -9999 -9999
354.24999996549 351.750000104392 340.000000210503 325.750000153273 314.250000059428 311.999999976036 313.99999992754 324.499999878277 313.500000392562 291.500000000002 299.999999875414 311.999999774022 330.749999784952 342.749999834312 357.749999884431 340.750000426857 350.499999322407 371.500000420035 315.000000661105 319.249999427346 350.499999812218 342.250000472801 295.000000571368 288.749999657508 -9999 -9999 -9999 -9999 -9999 -9999 -9999 -9999 -9999 -9999 -9999 -9999 -9999 -9999 -9999 -9999 -9999 -9999 -9999 -9999 -9999 -9999 -9999 -9999 -9999 -9999 -9999 -9999 -9999 -9999 -9999 -9999 -9999 -9999 -9999 -9999
354.249999988497 352.500000046397 345.000000140334 336.25000008253 325.250000202051 309.000000143771 305.500000000002 304.750000036519 297.250000110412 294.499999950548 297.999999975084 298.249999962339 307.749999835561 318.499999898046 326.249999987166 323.000000051744 334.999999713331 342.500000105016 319.500000370218 320.249999587155 344.249999959764 326.500000405263 293.500000353704 302.749999520505 322.499999889631 348.249999180453 -9999 -9999 -9999 -9999 -9999 -9999 -9999 -9999 -9999 -9999 -9999 -9999 -9999 -9999 -9999 -9999 -9999 -9999 -9999 -9999 -9999 -9999 -9999 -9999 -9999 -9999 -9999 -9999 -9999 -9999 -9999 -9999 -9999 -9999
350.249999988495 349.500000046395 343.250000081861 336.75000005895 332.500000071313 319.750000227642 303.000000120766 298.000000048688 292.500000073605 291.000000024725 290.500000024915 289.999999999998 293.249999911452 298.249999936272 304.499999948635 305.499999999997 312.999999843628 318.999999947491 318.000000026442 328.499999707015 336.750000228021 308.250000310697 309.249999741531 336.749999657514 355.999999779281 367.499999861093 371.250000181816 -9999 -9999 -9999 -9999 -9999 -9999 -9999 -9999 -9999 -9999 -9999 -9999 -9999 -9999 -9999 -9999 -9999 -9999 -9999 -9999 -9999 -9999 -9999 -9999 -9999 -9999 -9999 -9999 -9999 -9999 -9999 -9999 -9999
344.500000000001 344.250000057996 339.500000046779 332.750000058951 328.250000035658 321.500000119811 307.250000229453 296.250000085204 292.000000073606 286.250000061816 285.499999925249 290.499999924675 293 293.99999997451 293.750000038523 292.000000000002 295.74999996091 297.749999960624 301.249999907448 314.499999760289 321.500000053657 327.249999689299 349.749999850351 354.7499999315 358.250000041386 345.250000236144 341.499999972033 335.500000084493 -9999 -9999 -9999 -9999 -9999 -9999 -9999 -9999 -9999 -9999 -9999 -9999 -9999 -9999 -9999 -9999 -9999 -9999 -9999 -9999 -9999 -9999 -9999 -9999 -9999 -9999 -9999 -9999 -9999 -9999 -9999 -9999
339.499999999999 336.500000046395 332.000000070166 325.750000058948 321.500000023769 318.500000095847 306.500000193223 295.750000085204 288.50000009814 282.250000012363 287.249999887873 292.999999974892 294.24999998735 295.249999987256 295.750000038523 294.000000000002 293.750000013032 294.74999993437 298.999999947112 303.999999920095 310.249999852457 325.749999743335 335.499999945577 337.499999972593 338.249999903428 349.749999736082 361.749999986021 356.250000098583 354.249999900771 366.499999686009 -9999 -9999 -9999 -9999 -9999 -9999 -9999 -9999 -9999 -9999 -9999 -9999 -9999 -9999 -9999 -9999 -9999 -9999 -9999 -9999 -9999 -9999 -9999 -9999 -9999 -9999 -9999 -9999 -9999 -9999
330.500000046017 325.750000081197 318.750000081866 313.000000094324 307.000000000003 308.250000059909 298.500000169073 290.500000024346 285.000000098142 283.499999950548 288.749999887874 292.249999987446 292.000000000001 295.499999949022 296.500000000002 298.250000012936 299 299 301.249999960334 306.49999989346 315.249999825629 325.999999918945 329.499999972786 323.750000205488 318.749999820667 336.499999749977 351.749999762245 368.249999816948 376.749999815704 388.499999942912 379.250000301708 -9999 -9999 -9999 -9999 -9999 -9999 -9999 -9999 -9999 -9999 -9999 -9999 -9999 -9999 -9999 -9999 -9999 -9999 -9999 -9999 -9999 -9999 -9999 -9999 -9999 -9999 -9999 -9999 -9999
317.25000003451 308.750000150787 295.500000093553 292.000000023575 289.250000035653 290.499999952072 287.000000120764 279.250000012169 281.999999950931 288.499999901099 294.499999925252 292.250000112988 284.250000113844 278.999999974507 281.749999935794 284.749999961191 288.249999960906 292.999999947494 296.499999947111 301.99999989346 319.749999637849 344.499999756847 353.999999945583 337.750000534279 310.499999972409 324.999999749972 335.999999916085 342.999999887348 353.499999801522 365.749999842998 371.499999999995 366.25000007231 357.500000174695 -9999 -9999 -9999 -9999 -9999 -9999 -9999 -9999 -9999 -9999 -9999 -9999 -9999 -9999 -9999 -9999 -9999 -9999 -9999 -9999 -9999 -9999 -9999 -9999 -9999 -9999 -9999
363.750000080511 341.250000359564 306.50000030405 281.750000224009 273.250000011887 280.249999700474 301.000000072453 288.249999890446 314.249999668766 322.000000173073 315.999999875412 316.250000163194 296.25000031623 274.750000216663 269.749999935799 278.249999857714 289.749999830599 296.499999973745 304.499999814888 317.999999866821 324.999999919523 327.750000013516 327.250000068028 315.500000219194 315.999999779276 335.999999722187 349.999999916082 353.99999983102 365.249999900759 364.250000128453 351.750000129309 350.999999971078 343.500000349399 322.000000146545 320.750000044252 -9999 -9999 -9999 -9999 -9999 -9999 -9999 -9999 -9999 -9999 -9999 -9999 -9999 -9999 -9999 -9999 -9999 -9999 -9999 -9999 -9999 -9999 -9999 -9999 -9999
351.000000299076 315.750000197172 325.499999976609 288.00000063666 267.000000047541 274.249999652547 298.249999963765 301.499999780903 336.999999435692 350.750000383254 315.250000137042 325.749999786576 327.250000189745 298.250000522551 263.250000295331 260.99999979303 284.74999954392 311.249999803108 319.499999920669 319.250000093221 304.500000268256 298.999999864912 312.749999850357 318.999999972602 323.249999875844 333.99999980553 343.749999958038 343.499999915507 352.499999943287 345.250000185538 334.000000114934 332.499999971072 324.000000320275 306.500000058617 315.249999808256 328.249999807016 336.000000059762 -9999 -9999 -9999 -9999 -9999 -9999 -9999 -9999 -9999 -9999 -9999 -9999 -9999 -9999 -9999 -9999 -9999 -9999 -9999 -9999 -9999 -9999 -9999
302.750000149546 279.000000115995 288.249999988318 266.250000294756 258.749999988116 265.999999832265 285.249999770545 307.999999683523 327.249999865055 327.750000086544 325.249999987536 317.750000138088 308.500000075901 306.749999987257 285.250000526452 256.000000181086 249.49999992182 268.499999658734 289.999999762015 297.50000002664 295.750000040236 302.999999837894 315.249999877563 319.499999972601 321.249999958615 326.499999916657 336.249999846152 340.25000001408 337.00000005671 328.000000114183 327.499999942532 326.500000115702 309.000000203816 307.750000043964 295.750000162252 300.999999821871 305.500000029892 297.000000150363 294.000000090786 -9999 -9999 -9999 -9999 -9999 -9999 -9999 -9999 -9999 -9999 -9999 -9999 -9999 -9999 -9999 -9999 -9999 -9999 -9999 -9999 -9999
314.500000276083 264.75000056835 249.499999883052 263.749999870313 267.2500000832 271.999999832268 287.999999758469 317.249999647007 340.249999766914 343.500000197813 330.000000049829 338.999999874455 324.250000518635 310.249999706869 325.500000102731 297.750000478611 263.750000403957 242.750000118138 251.49999970911 275.999999627099 294.749999879274 302.499999891927 307.999999918372 312.249999931499 316.499999917227 325.999999861094 335.749999874123 334.750000211217 317.250000241003 312.249999957178 319.99999988506 318.0000002314 297.000000291161 286.999999999994 272.750000368735 262.999999881235 271.49999988047 285.749999744382 294.250000136179 266.500000395903 277.499999448389 -9999 -9999 -9999 -9999 -9999 -9999 -9999 -9999 -9999 -9999 -9999 -9999 -9999 -9999 -9999 -9999 -9999 -9999 -9999
270.750000218578 245.250000243584 246.499999789498 265.999999858521 268.499999952458 273.999999928115 278.499999903391 291.999999780907 320.2499994725 351.24999991346 314.750000859638 282.999999799149 301.749999911465 320.499999592162 333.500000128408 314.000000336319 285.50000039092 270.499999999993 272.75000001321 271.999999973354 270.000000026822 272.24999993246 282.749999823153 295.749999849308 303.249999903437 312.749999874989 316.250000069934 307.250000126737 299.750000070887 299.999999914366 308.749999813229 314.750000101239 294.000000524093 266.500000205159 259.000000147497 253.249999896085 256.250000164347 255.999999729356 269.750000105925 267.249999862956 278.999999877422 278.250000138774 261.000000372333 -9999 -9999 -9999 -9999 -9999 -9999 -9999 -9999 -9999 -9999 -9999 -9999 -9999 -9999 -9999 -9999 -9999
253.249999965489 246.250000081194 249.999999859666 259.249999870308 269.249999916801 271.250000035945 266.500000024151 277.499999732212 299.999999730109 320.249999765092 312.000000523253 261.500000401729 264.749999658459 292.499999694111 301.250000115555 282.250000323373 264.00000010424 270.499999763723 289.999999761996 301.499999946727 298.500000107305 294.499999945971 289.500000163255 288.999999780808 299.999999944819 304.249999930546 304.250000069929 299.750000042244 297.000000028353 293.750000071362 293.249999956894 299.999999884294 296.25000030572 265.750000424969 253.250000073746 239.2500001336 234.250000044814 238.249999684237 257.499999909207 262.249999954314 254.500000245154 239.500000092502 235.250000170643 226.749999984386 230.250000141334 213.250000142191 -9999 -9999 -9999 -9999 -9999 -9999 -9999 -9999 -9999 -9999 -9999 -9999 -9999 -9999
239.249999942486 242.249999988402 247.499999883055 254.24999991747 268.499999738518 281.999999976036 276.750000108685 273.499999902622 280.50000002454 274.000000024733 275.000000099677 258.000000251083 248.500000000003 256.749999859811 263.249999961484 260.000000103485 252.250000065154 246.750000039381 251.499999841342 264.499999866834 271.749999932942 281.499999810887 293.249999959193 290.249999986302 295.749999931025 300.749999930547 301.750000013986 299.999999999999 296.750000070885 288.000000199817 274.250000158043 274.749999811991 281.750000101913 257.750000512899 235.000000206498 216.500000296904 206.000000029884 211.749999774465 230.999999727639 230.500000274095 216.500000091944 209.750000077098 203.000000093088 197.000000093661 191.750000047121 192.499999810416 211.749999698006 -9999 -9999 -9999 -9999 -9999 -9999 -9999 -9999 -9999 -9999 -9999 -9999 -9999
235.249999965491 240.499999930406 245.499999929833 252.499999905679 264.999999786059 279.74999989217 285.99999992754 282.250000158236 264.500000269885 246.250000160716 242.999999975078 242.500000050212 236.500000075894 234.499999974506 237.999999974314 240.499999974124 240.750000091209 232.250000118133 224.250000171884 219.749999880134 235.49999973173 251.249999797365 266.249999877559 273.999999863001 292.249999682712 301.499999999999 306.24999993007 304.500000140817 297.000000085063 282.00000028545 263.500000229874 251.75000013016 244.750000160132 229.250000249114 217.250000103244 207.750000163294 200.000000059763 194.999999999999 199.499999878942 200.000000091357 190.500000091933 185.000000092505 180.50000009308 178.750000015608 174.000000094226 171.500000031596 173.499999904625 178.999999999991 172.500000160854 167.500000161815 -9999 -9999 -9999 -9999 -9999 -9999 -9999 -9999 -9999 -9999
234.749999873462 239.000000000002 239.249999964918 243.999999929261 252.749999821721 269.99999983227 273.250000012081 272.249999987831 266.000000220815 238.500000370891 222.25000003738 221.500000000004 221.749999987354 219.250000038238 216.750000012844 215.749999935327 225.499999713323 256.249999566826 250.750000674316 200.500000292987 200.999999812222 217.999999648784 246.749999687111 265.749999739711 285.999999834461 287.999999972223 301.249999734268 304.000000140817 297.000000085063 282.750000299723 272.749999956894 255.500000549575 227.50000023293 224.749999809491 245.249999808238 236.250000341421 229.499999999987 216.00000030071 197.000000302626 188.000000030453 189.000000030642 182.500000092507 185.999999813832 201.499999812678 200.000000188441 177.500000473972 161.000000063579 161.249999952029 162.500000032171 155.250000145636 145.250000146495 -9999 -9999 -9999 -9999 -9999 -9999 -9999 -9999 -9999
230.999999930979 236.999999976803 234.249999988305 246.499999811359 253.500000023774 258.499999856227 261.000000048305 262.749999914794 262.250000184011 233.00000042034 209.5000001495 201.999999999997 204.499999974698 205.999999999997 217.499999666152 240.749999857726 247.499999817574 267.249999855604 247.250000674318 197.75000043948 188.249999879282 -9999 220.999999591872 253.249999465712 281.749999903433 272.000000111121 282.999999748247 290.749999985917 285.750000212654 269.500000171266 271.499999712651 279.000000144628 271.999999941782 293.499999443162 322.749999867264 309.000000356293 292.750000164359 274.250000405983 247.000000453958 236.999999665021 254.000000091955 230.750000323797 242.999999472553 266.249999859529 251.750000675301 199.250000868961 175.749999856956 191.24999982412 191.75000033781 159.500000485451 146.750000048835 140.250000147354 -9999 -9999 -9999 -9999 -9999 -9999 -9999 -9999
233.249999919475 242.749999872409 242.50000014033 233.999999976422 245.749999797952 257.999999928115 257.750000108691 252.000000024347 247.500000147215 229.50000024726 206.000000323921 193.000000075325 192.249999962053 195.999999872552 234.249999191049 266.000000129356 231.000000443049 -9999 232.500000052887 203.750000439479 191.999999946345 192.999999945966 -9999 -9999 253.999999641339 259.500000055566 273.249999678321 285.749999957756 278.500000255189 253.500000313999 249.999999770129 280.999999421493 312.499999708834 328.749999809498 338.999999941004 340.500000059379 327.00000032869 297.750000496187 275.750000166444 278.999999695457 301.499999724192 301.250000231258 299.499999782798 306.000000312174 268.500000753817 224.750000647765 212.249999570837 241.249999856081 224.25000069168 185.750000275079 185.500000065097 157.500000589407 -9999 -9999 -9999 -9999 -9999 -9999 -9999 -9999
234.499999930979 243.499999860809 253.250000011693 236.000000353701 222.249999845484 236.249999916127 237.250000012073 237.749999987826 229.250000184009 224.249999962908 211.25000033638 188.25000018831 183.499999999999 187.749999910783 206.999999614777 -9999 -9999 -9999 235.000000740433 192.75000009322 196.749999986585 194.999999945966 197.499999972792 199.249999931501 210.999999751682 229.499999722181 259.249999538453 274.999999999997 267.750000155949 258.749999985736 258.500000057478 272.499999450417 307.499999708834 318.749999897422 325.999999999997 322.000000029682 325.249999925295 320.750000315764 295.750000348033 286.499999908641 307.999999479035 339.249999645386 341.000000155137 314.250000796059 265.500000659591 237.750000173797 240.749999761585 262.499999712179 249.250000595176 217.750000242727 201.500000390646 173.250000507548 144.250000345831 -9999 -9999 -9999 -9999 -9999 -9999 -9999
-9999 -9999 228.500000000006 221.250000129694 213.249999988115 217.999999904155 221.000000024158 217.500000073038 209.250000085876 208.249999913461 205.750000211797 185.750000163203 180 181.499999974511 187.249999858757 205.249999650752 -9999 243.500000288784 202.000000581779 188.999999893458 195.500000026824 202.499999810876 217.74999990476 206.000000356182 191.249999986207 198.749999847208 216.499999664344 253.49999938042 289.749999702281 306.499999800179 306.500000258602 290.750000072304 307.749999636043 318.74999995604 312.750000250747 305.749999807012 324.24999974601 336.49999996993 330.000000181574 321.750000015218 328.249999800801 340.249999984583 331.75000020168 310.500000499488 274.000000408314 268.499999842004 259.750000206629 259.749999856091 249.750000530832 207.750000631088 179.000000260433 170.250000081859 152.750000444636 -9999 -9999 -9999 -9999 -9999 -9999 -9999
226.750000057518 217.000000046398 218.749999894753 224.999999952845 224.750000059432 217.750000059909 218.749999987929 216.500000048693 211.250000085876 204.000000049453 202.000000024918 193.750000213422 178.500000126496 175.749999987254 182.249999858754 207.2499995214 230.50000007818 196.750000511913 187.999999841337 205.499999760288 215.749999932939 234.749999500191 268.499999755133 244.500000876779 191.250000372469 186.499999888874 194.49999988811 210.749999591629 251.24999936202 287.499999571811 309.749999841954 309.750000159087 301.750000101899 288.250000249109 285.249999808249 308.999999673406 304.750000313744 305.49999972934 323.749999712494 338.749999802047 341.500000091934 330.750000231268 309.500000341292 304.749999859515 299.500000251276 289.500000126395 266.000000540421 242.750000143909 228.500000386054 207.250000242726 198.75000008139 189.250000278335 162.250000576385 129.250000414091 -9999 -9999 -9999 -9999 -9999 -9999
226.499999861958 233.249999988397 235.999999906441 242.249999988208 236.750000154513 225.250000011982 233.749999843006 238.000000048685 224.000000245349 207.250000135993 204.499999900334 207.750000163202 181.750000316237 171.999999949021 177.999999871596 194.249999702497 206.750000143343 189.750000039377 208.749999642998 228.499999866818 232.750000013409 243.499999702815 267.499999727924 264.250000534282 203.250000813907 181.499999916658 189.999999888112 197.74999990143 207.999999801525 227.499999628924 257.999999540263 274.750000043397 263.750000247494 248.000000117237 260.499999528017 292.999999762484 278.000000537864 276.249999503811 306.249999682237 326.249999771597 329.500000122584 313.500000339202 295.250000139621 301.499999843907 299.25000023557 284.000000252789 259.750000651686 226.750000207876 214.750000241289 199.000000161821 187.500000292994 171.500000196477 153.25000037877 127.750000447218 -9999 -9999 -9999 -9999 -9999 -9999
213.749999735416 230.499999884007 233.250000011691 233.500000023576 230.750000106969 223.749999988021 234.749999818854 238.500000170406 210.750000404823 191.750000111262 186.499999950161 195.249999937226 183.250000265639 171.49999997451 174.999999948638 180.499999896518 185.499999973938 202.499999579967 241.249999563677 260.749999906782 260.000000134136 240.500000243157 248.49999956467 253.500000493179 202.750000648367 179.74999998611 188.999999888111 196.749999929593 204.49999985823 211.99999988582 220.999999827591 238.999999681815 249.250000072788 239.750000073272 253.24999969026 262.250000014838 261.249999985057 280.499999488776 309.999999727634 320.499999969546 309.250000260479 304.249999922911 308.999999937949 306.000000156091 292.250000298385 274.500000347579 246.000000572207 213.500000383764 194.750000305625 182.750000080907 178.000000130219 162.250000343825 140.500000296424 124.500000265017 114.750000016659 -9999 -9999 -9999 -9999 -9999
