socal_rasters/bio13_SPHAsouth_aggfac2.asc
NCOLS 210 
NROWS 130 
XLLCORNER -119.45 
YLLCORNER 32.483333333 
CELLSIZE 0.0166666666666667 
NODATA_value -9999 
[rows 0 to 25 of 130, columns 0 to 59 of 210]
-9999.000000000000000 -9999 -9999 -9999 -9999 -9999 -9999 -9999 -9999 -9999 -9999 -9999 -9999 -9999 -9999 -9999 -9999 -9999 -9999 -9999 -9999 -9999 -9999 -9999 -9999 -9999 -9999 -9999 -9999 -9999 -9999 -9999 -9999 -9999 -9999 -9999 -9999 -9999 -9999 -9999 -9999 -9999 -9999 -9999 -9999 -9999 -9999 -9999 -9999 72.2500000330792 -9999 -9999 -9999 -9999 -9999 -9999 -9999 -9999 -9999 -9999
-9999 -9999 -9999 -9999 -9999 -9999 -9999 -9999 -9999 -9999 -9999 -9999 -9999 -9999 -9999 -9999 -9999 -9999 -9999 -9999 -9999 -9999 -9999 -9999 -9999 -9999 -9999 -9999 -9999 -9999 -9999 -9999 -9999 -9999 -9999 -9999 -9999 -9999 -9999 -9999 -9999 -9999 -9999 -9999 -9999 -9999 73.0000000710233 64.749999968259 69.2500000046297 72.2499999669229 78.9999999710747 82.7499999950817 -9999 -9999 -9999 -9999 -9999 -9999 -9999 -9999
-9999 -9999 -9999 -9999 -9999 -9999 -9999 -9999 -9999 -9999 -9999 -9999 -9999 -9999 -9999 -9999 -9999 -9999 -9999 -9999 -9999 -9999 -9999 -9999 -9999 -9999 -9999 -9999 -9999 -9999 -9999 -9999 -9999 -9999 -9999 -9999 -9999 -9999 -9999 -9999 -9999 -9999 -9999 75.5000000166088 85.9999999150243 91.2500000564649 70.5000000976567 63.999999954656 79.2499999305488 87.7499999952701 88.7499999855341 87.7500000344107 74.0000000902109 63.7499999948916 71.4999999479708 -9999 -9999 -9999 -9999 -9999
-9999 -9999 -9999 -9999 -9999 -9999 -9999 -9999 -9999 -9999 -9999 -9999 -9999 -9999 -9999 -9999 -9999 -9999 -9999 -9999 -9999 -9999 -9999 -9999 -9999 -9999 -9999 -9999 -9999 -9999 -9999 -9999 -9999 -9999 -9999 -9999 -9999 -9999 -9999 77.7500001093566 65.4999999845346 81.9999999128288 99.9999999594228 97.0000000581491 88.5000000000004 85.5000000260596 74.7500000843419 63.7499999954662 72.9999999351776 83.2499999858185 84.4999999710708 95.2499999557506 87.0000001303098 69.5000000000004 81.2499999323641 86.2500000264959 80.0000000215798 -9999 -9999 -9999
-9999 -9999 -9999 -9999 -9999 -9999 -9999 -9999 -9999 -9999 -9999 -9999 -9999 -9999 -9999 -9999 -9999 -9999 -9999 -9999 -9999 -9999 -9999 -9999 -9999 -9999 -9999 -9999 -9999 -9999 -9999 -9999 -9999 -9999 -9999 79.5000000203332 77.749999947737 87.9999999856848 85.75000001838 76.5000000603353 64.7499999884016 80.2499999088671 101.749999939133 99.0000000747609 84.7500000297437 82.7499999869696 86.2499999955596 77.2500000770807 -9999 66.4999999716493 74.7499999566131 84.2499999655881 79.7500000751815 69.4999999897848 79.9999999375663 83.2500000264959 76.2500000377633 70.0000000219613 67.0000000223416 -9999
-9999 -9999 -9999 -9999 -9999 -9999 -9999 -9999 -9999 -9999 -9999 -9999 -9999 -9999 -9999 -9999 -9999 -9999 -9999 -9999 -9999 -9999 -9999 -9999 -9999 -9999 -9999 -9999 -9999 -9999 -9999 -9999 -9999 101.749999990408 100.250000016473 91.50000004745 75.7500000383307 74.4999999856797 75.0000000073486 74.2500000188536 65.5000000077331 74.9999999366011 89.2499999634748 85.2500000622958 78.9999999745079 87.7499999869721 84.250000022193 82.2500000136013 73.5000000648198 -9999 69.499999961432 72.2500000245796 68.7500000250592 70.7499999744633 74.4999999999987 70.7500000370876 66.2500000053945 67.749999983533 74.4999999553219 82.249999971601
-9999 -9999 -9999 -9999 -9999 -9999 -9999 -9999 -9999 -9999 -9999 -9999 -9999 -9999 -9999 -9999 -9999 -9999 -9999 -9999 -9999 -9999 -9999 -9999 -9999 -9999 -9999 -9999 -9999 -9999 81.7499999446832 97.2499999969925 88.000000024822 95.249999932848 114.249999976947 110.000000047442 98.0000000348381 90.5000000286316 84.0000000073443 83.00000002262 71.2500000502593 65.7499999881138 70.9999999837711 72.7499999958478 80.7499999362679 92.9999999913136 84.2500000577051 76.000000018138 73.0000000092606 -9999 66.7499999855375 66.7500000147494 -9999 75.9999999999987 73.2500000156088 70.749999994701 76.7499999514481 84.4999999560787 91.4999999664861 91.7500000511282
-9999 -9999 -9999 -9999 -9999 -9999 -9999 -9999 -9999 -9999 -9999 -9999 -9999 -9999 -9999 -9999 -9999 -9999 -9999 -9999 -9999 -9999 -9999 -9999 -9999 -9999 -9999 -9999 107.000000032648 87.000000067599 87.2499999213943 104.25000002105 84.2500000589466 86.7499999392394 110.249999930838 117.250000010166 113.750000010453 110.50000001432 105.750000018378 99.2500000339379 84.2500000734608 67.5000000237736 68.9999999756542 77.7499999543164 84.499999983005 87.9999999999983 85.7500000221943 77.7500000498795 70.0000000092598 69.2500000141755 -9999 -9999 78.4999999799533 76.750000035751 70.2500000260142 73.9999999364204 83.9999999676342 87.4999999890191 88.7500000055829 82.0000000908901
-9999 -9999 -9999 -9999 -9999 -9999 -9999 -9999 -9999 -9999 -9999 -9999 -9999 -9999 -9999 -9999 -9999 -9999 -9999 -9999 -9999 -9999 -9999 -9999 118.500000014034 111.25000001704 110.249999997464 106.750000023626 93.5000000435372 79.25000002535 82.4999999534214 94.999999987978 85.0000000496397 82.999999961626 101.499999927548 109.000000020335 100.250000024395 101.749999967785 102.750000025729 92.7500000339391 83.0000000541284 68.2500000118853 76.2499999553635 81.9999999916939 81.7500000127473 78.7499999956581 85.249999951171 86.5000000453414 74.0000000555566 66.2500000236268 66.4999999710747 74.4999999803353 75.0000000000013 75.2500000051067 70.2500000260142 76.2499999417177 80.0000000000013 79.5000000000013 80.2500000055868 73.2500000738518
-9999 -9999 -9999 -9999 -9999 -9999 -9999 -9999 -9999 -9999 -9999 -9999 -9999 -9999 -9999 -9999 -9999 -9999 -9999 -9999 -9999 135.250000006156 123.750000032216 109.7500000157 120.499999948534 132.499999995133 133.000000005063 127.000000026259 113.750000040822 93.5000000732389 75.5000000116463 79.9999999879725 80.250000003103 83.7499999712207 99.9999999209609 110.750000023724 93.500000069688 89.2499999606209 93.7500000110246 86.7500000339366 79.0000000231955 -9999 71.9999999756513 77.4999999750787 76.7500000297398 78.4999999391936 90.9999999644888 90.7500000317393 83.2500000416701 70.750000061432 66.2499999855375 71.9999999705025 78.4999999699304 79.000000040859 70.2500000052027 76.2499999735079 75.5000000215768 76.4999999890204 74.250000039096 68.2500000170422
-9999 -9999 -9999 -9999 -9999 -9999 -9999 -9999 -9999 -9999 -9999 -9999 -9999 -9999 -9999 -9999 -9999 -9999 -9999 98.2500000055855 106.749999962823 118.250000002058 108.250000032221 95.5000000179492 102.49999994854 127.249999944004 135.50000000506 132.500000015753 120.250000046261 98.2500000760533 79.0000000174683 80.4999999939875 81.9999999813866 94.2499999456339 110.999999940718 115.500000027112 96.7500000871088 88.7499999677819 97.7499999816205 95.7500000339323 82.2500000579907 -9999 -9999 73.4999999916918 77.2499999702559 87.2499999609066 85.7500000399508 80.5000000000021 82.2499999953716 75.0000000756067 67.4999999903582 75.7499999459195 82.0000000000004 74.0000000612899 70.4999999687823 77.4999999788061 75.7500000161827 74.7500000054909 71.0000000223416 69.4999999772756
-9999 -9999 -9999 -9999 -9999 -9999 -9999 -9999 -9999 -9999 -9999 -9999 -9999 -9999 -9999 89.4999999970417 92.9999999937006 95.2499999983294 95.9999999999991 95.4999999999996 98.4999999882577 98.2500000102585 92.500000012884 88.2500000022427 95.4999999719282 108.749999963476 128.249999951922 132.000000026255 116.250000057145 95.5000000507025 81.0000000291155 73.5000000120271 82.7499999472616 96.7499999776143 100.749999983529 102.000000006774 93.2500000592322 81.7499999892585 99.9999999117898 109.750000018854 96.7500000811931 73.0000000633959 80.2499999229035 89.2499999958487 93.9999999660116 94.2500000390904 84.0000000443882 76.7500000226722 75.7499999953695 71.5000000378023 67.9999999807169 75.4999999705012 77.2500000150342 71.0000000306443 73.2499999635805 77.7500000052981 73.2500000161823 73.2499999835317 77.4999999776614 82.2499999715993
-9999 -9999 -9999 -9999 -9999 -9999 -9999 -9999 -9999 -9999 -9999 -9999 92.2499999988048 98.2499999909702 100.999999999994 99.9999999999962 98.7500000015725 96.75000000501 94.5000000035308 92.5 91.7500000019579 88.0000000082102 87.4999999871122 95.7499999753202 105.499999981281 110.999999990258 115.74999998229 117.750000002629 115.750000019049 101.250000047885 84.2500000494945 73.2500000030071 86.7499999410552 91.2500000287823 89.2499999901214 88.0000000135572 83.2500000313612 79.499999964201 91.7499999669233 93.250000011317 86.2500000579988 70.7500000198116 77.2499999553648 83.9999999833874 90.9999999745074 89.5000000434349 80.5000000266343 76.7500000045346 75.7500000138899 69.5000000283524 68.4999999807164 70.7500000049175 70.7499999949892 71.2499999846781 74.7499999843916 75.5000000000004 76.2499999838156 79.49999998902 81.0000000000013 83.499999977279
-9999 -9999 -9999 -9999 -9999 -9999 -9999 -9999 -9999 96.2499999936509 99.7500000010046 100.249999994514 108.249999986875 118.249999993557 121.499999997234 122.750000001486 119.750000007881 116.500000000006 115.000000003538 108.000000022341 97.5000000195705 88.5000000164195 87.9999999828169 97.2499999798077 105.7499999883 103.750000017039 98.2500000025262 97.7499999973702 99.7500000027163 91.7500000366148 79.5000000349357 73.9999999879729 84.7499999658733 86.0000000191864 86.7499999769467 88.2500000169458 80.2500000383286 78.7499999677802 81.5000000146984 77.2500000188515 73.250000011598 74.4999999762272 81.9999999837685 85.7499999709252 94.7499999787543 89.7500000564636 77.5000000443886 71.0000000090675 71.4999999907398 73.2499999763754 78.7499999951832 76.0000000295017 71.7500000150371 70.7499999948928 72.7499999947969 74.4999999894037 75.749999994605 74.5000000109787 72.7500000055842 74.4999999772756
-9999 -9999 -9999 -9999 -9999 -9999 -9999 -9999 97.5000000064946 100.249999991835 111.999999981948 127.749999987915 135.499999995222 133.750000006445 133.249999995847 133.250000007401 125.500000012605 119.250000011699 111.000000014134 101.250000016757 93.2500000097865 89.000000012314 86.2499999978524 90.4999999820542 95.2499999976618 92.7500000121752 88.7500000075914 88.0000000000009 85.7500000081652 81.7500000140852 75.7500000145575 73.2499999969934 77.7499999844896 81.2499999904075 84.2499999901218 85.500000000003 79.2500000383299 73.000000007161 71.7500000110271 70 70.9999999922669 72.9999999920759 72.7500000040584 72.7499999875413 76.9999999830079 75.5000000173762 72.5000000088778 73.7499999773257 80.249999967588 87.9999999527439 95.4999999807139 92.5000000393281 83.0000000400925 77.0000000306426 74.2499999843912 79.9999999682085 84.2499999838139 85.7500000164653 78.7500000390934 75.9999999999974
-9999 -9999 -9999 122.249999995658 128.000000002575 -9999 -9999 109.500000001434 98.750000007307 108.249999980952 126.249999988972 124.500000010977 117.000000007155 111.999999999994 113.500000002766 107.500000011831 99.5000000062972 96.5000000066797 93.7500000017652 93.7500000018616 90.7500000058707 89.5000000041047 85.5000000085913 86.9999999820525 90.0000000046772 87.0000000048682 85.9999999999991 83.5000000052506 80.2500000081631 77.75000000845 75.7500000029116 74.5000000000004 74.5000000000004 75.4999999936038 75.7500000032927 75 74.5000000000017 74.2499999964229 77.2499999816273 81.4999999849217 84.9999999845406 88.9999999841577 90.2500000121799 82.5000000249243 83.9999999745117 84.5000000086919 85.7499999866882 86.9999999909346 90.9999999814838 93.9999999716493 101.249999966254 99.7500000344145 90.7500000451072 81.0000000510742 75.5000000000004 78.9999999682089 85.2499999622376 91.7499999725491 92.000000011171 92.0000000000026
128.999999999151 138.750000000715 124.25000000262 129.749999994988 135.500000002571 126.250000005766 -9999 111.250000002148 103.500000001623 116.999999989113 119.500000004014 107.500000017574 99.0000000000009 105.749999983239 113.250000006921 102.750000013313 96.7500000047243 94.5000000033407 94.4999999964679 94.2500000055842 91.250000001957 90.5000000082089 86.2500000064433 84.0000000000004 83.2500000070192 80.7500000024358 80.2500000025313 79.7500000026264 78.750000002721 78.9999999999991 79.7499999970871 81.4999999939833 84.4999999875862 89.4999999872026 89.5000000065799 91.7499999694936 99.9999999860557 99.749999996414 105.749999974267 109.749999988683 113.49999998453 116.249999996035 114.500000016228 106.000000049835 100.749999987251 104.249999995654 105.249999995558 103.000000009066 104.999999981479 106.999999999997 105.500000019282 101.25000002458 95.0000000400934 85.7500000459645 82.499999999997 81.750000005296 82.249999983816 87.2499999615699 94.9999999441445 102.749999971593
-9999 118.000000001711 114.499999999044 125.749999993653 144.249999995274 151.749999996327 149.50000000745 129.750000019335 108.500000006496 106.250000004532 105.749999998995 99.7500000076864 105.999999978516 122.999999981956 130.250000001389 118.75000003107 100.000000018899 94.0000000033411 95.4999999929371 95.5000000111689 90.7500000019566 90.0000000082085 85.0000000085905 82.0000000044867 82.9999999953232 85.9999999951348 87.7499999974751 87.7500000026306 91.4999999836781 97.2499999859234 100.249999991273 102.000000000005 105.999999968979 115.749999977618 117.250000009883 114.500000000001 115.750000003483 113.250000010739 113.749999988972 116.749999988685 115.000000023195 109.250000003957 112.749999971591 115.500000008305 111.500000016995 109.750000004342 112.999999982243 113.50000000907 113.249999986112 116.749999985826 114.250000033748 109.250000024583 102.750000035085 96.2500000255397 95.4999999791906 96.2500000158987 92.0000000107916 96.9999999451042 107.749999949734 113.999999988638
-9999 -9999 -9999 111.249999999 115.749999996999 129.499999988461 144.999999996286 143.500000008594 117.250000028411 97.0000000036289 102.499999991975 106.999999995602 117.499999980899 131.49999998453 135.250000004157 125.750000022191 109.25000002677 98.2500000116913 95.5000000000009 94.0000000111697 88.0000000078282 85.2500000020525 86.4999999914066 93.2499999798043 105.499999967243 117.24999997808 121.250000002524 117.000000015749 113.999999989113 119.749999991549 120.000000005824 114.750000027063 107.250000009309 108.249999990411 106.250000023059 101.749999996615 104.499999986065 106.000000000002 107.499999992651 108.500000000002 106.750000019333 99.7500000356594 94.2500000121744 94.2499999958516 94.0000000085031 93.5000000000034 97.99999997337 104.249999977332 106.999999990745 114.499999952749 119.250000014462 113.75000002458 110.499999999998 108.250000025535 105.249999994795 105.00000003179 94.0000000539455 97.999999945105 102.500000011175 97.2500000397717
-9999 -9999 -9999 106.500000000667 104.250000000427 107.999999994749 115.999999998757 117.250000000712 110.000000011362 99.0000000000004 115.999999979946 122.500000004393 119.750000001193 122.499999994841 117.750000012459 116.49999999408 114.250000014173 102.750000021715 93.7500000088294 90.0000000074454 87.0000000039141 90.2499999774267 107.999999952753 123.249999979813 127.74999999766 125.500000009734 122.250000007585 117.250000023628 108.500000016325 106.000000011263 101.000000005818 98.7500000090161 94.2500000155082 90.7500000095908 88.2500000098782 87.2499999966088 89.2499999965112 88.4999999999953 88.9999999999957 89.2499999962251 92.4999999845308 96.9999999920729 93.7500000446344 83.7500000290718 82.2499999872535 85.7499999782823 90.999999982244 96.2499999773295 98.0000000185213 96.9999999716451 107.499999961428 111.99999998033 115.499999989975 114.250000025536 111.250000005202 104.500000084774 84.2500000917024 79.2499999835278 80.5000000111676 78.5000000113599
-9999 -9999 -9999 -9999 -9999 -9999 111.999999993797 117.250000002145 105.750000013799 99.7499999900199 119.249999984958 118.250000012081 114.249999998807 111.750000009027 106.000000002771 105.250000001481 104.750000001577 100.250000011694 94.2500000088294 90.2500000055838 90.9999999921701 102.99999995895 115.249999997854 109.750000020196 103.750000011702 99.7500000073079 98.7499999974725 98.500000005254 96.2500000081661 93.2500000140856 89.5000000116468 87.250000003008 85.750000003103 86 84.0000000131735 80.0000000135563 78.0000000000009 79.4999999928403 81.2499999963244 82.2499999962289 83.7499999884012 86.2499999960388 85.7500000121744 80.5000000166135 80.7499999957519 81.9999999913145 87.2499999600509 101.749999922916 104.750000069448 88.500000037804 86.7500000048237 87.9999999803383 95.7499999548979 96.7500000357561 94.2499999739901 93.500000052988 80.5000000539438 75.0000000109792 75.2499999944145 76
-9999 -9999 -9999 -9999 -9999 -9999 -9999 109.500000007156 100.500000006492 102.249999988205 114.249999996987 107.75000000988 103.750000003578 99.7500000038653 98.7499999986138 99.2500000014783 98.0000000031493 95.2500000050108 92.2500000052973 93.9999999813875 107.749999974563 111.25000001026 102.250000027918 93.2500000067285 91.4999999999987 90.4999999999987 90.4999999999987 89.5000000052498 87.5000000054408 86.0000000056322 84.5000000058219 82.9999999999991 82.0000000062035 80.9999999999983 79.7500000032923 79.4999999932231 80.7499999965184 80.0000000000004 80.249999996324 81.7499999886868 82.9999999999991 82.2500000039612 81.0000000081143 78.2500000124591 76.9999999999991 78.2499999869691 81.2499999866818 89.7499999319812 102.499999990739 90.2500000803319 81.0000000096414 79.9999999901668 83.249999994987 82.9999999999987 82.5000000104049 81.0000000105959 78.5000000107886 77 76.9999999888298 78.000000011362
-9999 -9999 -9999 -9999 -9999 -9999 -9999 -9999 -9999 -9999 95.7500000010046 95.2500000010993 94.2500000011944 94.5000000000004 94.999999997231 96.2499999985208 96.0000000031501 93.5000000066818 91.5000000035317 91.4999999962782 95.9999999921765 94.2500000102649 90.250000006445 88.2500000022435 87.750000002339 87.4999999999996 86.2500000075909 84.0000000052519 82.5000000000004 83.2499999971831 83.2500000029099 81.9999999999983 80.9999999999983 80.2500000031959 81.749999990118 86.2499999762773 91.750000003485 87.0000000071576 84.0000000293998 77.7500000113128 78.0000000000009 78.5000000000004 78 77.9999999999991 78.7499999957497 79.0000000086851 77.4999999999996 82.9999999455876 94.2499999861118 86.0000000661568 77.5000000096426 77.4999999901681 79.0000000000009 79.5000000000004 80.0000000000009 79.2500000052986 77.5000000107886 76.5000000109796 77.2499999944149 78.249999994319
-9999 -9999 -9999 -9999 -9999 -9999 -9999 -9999 -9999 -9999 -9999 94.2500000010984 93.7500000011939 94 94.2499999986151 94.2500000014787 92.7500000015742 92.2499999983299 92.5000000000004 90.7500000055842 89 89.2499999979479 90.4999999914104 94.7499999887866 99.7499999929855 97.2500000219142 86.750000022772 84.4999999894979 89.4999999836751 95.4999999831017 98.0000000000017 96.000000006015 95.0000000000017 91.2500000223857 88.0000000065863 84.7500000033891 86.9999999790951 95.7499999749421 93.0000000441038 82.5000000226272 82.2499999961364 82.9999999920784 83.9999999918874 87.4999999916969 89.9999999830075 93.7499999956602 94.500000000006 95.7499999864017 95.5000000277802 83.5000000661555 74.7500000048211 75.4999999901672 76.2499999949879 77.4999999999996 77.7499999947969 79 79.000000010789 78.2500000054904 78.5000000000004 79.2499999943194
-9999 -9999 -9999 -9999 -9999 -9999 -9999 -9999 -9999 -9999 -9999 96.2500000032944 94.2500000011935 93.4999999999996 93.2500000013845 93.2499999985204 93.7499999984245 94.249999998329 94 91.5000000037227 89.4999999999996 91.7499999938424 94.4999999957052 93.5000000089767 90.5000000046828 87.2500000121769 83.2500000025309 84.4999999947498 85.2500000027244 84.0000000000034 84.0000000000034 83.2500000030096 83.999999993797 86.9999999872068 93.499999980236 99.9999999796621 103.999999993027 -9999 99.2500000036713 99.4999999999953 101.249999988396 104.249999988108 105.250000012168 104.249999995843 105.999999991498 109.24999997828 110.250000022194 97.7500000770888 84.2500000416731 78.2500000236285 76.4999999999996 76.4999999999996 76.2500000050117 76 76.4999999895942 78.9999999894037 79.7499999946059 80 80 80.249999994319
-9999 -9999 -9999 -9999 -9999 -9999 -9999 -9999 -9999 -9999 -9999 98.0000000000004 97.0000000000008 96.7500000012898 96.2500000013853 96.0000000000009 96.2500000015751 95.7500000016705 94.2500000052977 91.7500000055842 89.9999999999996 90.2500000020508 87.50000000859 84.2500000022431 83.5000000000004 82.7500000024349 81.75000000253 81 86.4999999619057 98.2499999802899 97.5000000232974 91.9999999939892 96.9999999813892 100.749999996803 101.499999999998 104.249999983053 110.249999975607 112.999999999999 113.749999988975 115.249999996231 116.49999999227 119.499999984153 120.500000016232 116.75000001246 113.00000002549 110.00000001737 101.500000062141 87.750000058947 78.2500000324099 75 76.7499999951789 77 77 76.2500000051076 76.2499999947969 77.4999999894032 79.4999999892114 80.2499999945104 80.7499999944149 81.2499999943194
