socal_rasters/bio15_SPHAsouth_aggfac2.asc
NCOLS 210 
NROWS 130 
XLLCORNER -119.45 
YLLCORNER 32.483333333 
CELLSIZE 0.0166666666666667 
NODATA_value -9999 
[rows 104 to 129 of 130, columns 120 to 179 of 210]
-9999 -9999 -9999 -9999 -9999 -9999 -9999 -9999 -9999 -9999 -9999 -9999 86.4306030266759 85.9626598399768 86.2122287750679 86.0527610883302 85.6880016235973 86.1813888519963 86.3176593783882 86.6601447922701 86.7942619391853 86.9905738777888 87.2187385438138 87.5301780711336 87.1593570861576 87.3436737080421 87.5895709927306 87.9633483926357 86.9826813131539 87.0328883623944 87.7241382566107 87.3499660835918 85.6912155132187 85.3885974755348 85.6333274795492 86.3343753797001 86.1028118196204 85.4251632668542 86.2830123755857 87.1310119764096 86.1390495341035 85.3023376563414 85.3042907639592 85.2366199662986 84.5119571827331 83.6967315779713 83.0408973923439 82.5758800592349 82.4256973252132 82.0001545007493 81.8401241255215 81.4718627958159 81.665737146801 81.1959343014549 81.0114269347667 80.6723880781672 80.0863075362064 79.4827537608165 79.2261505178952 79.4842090315935
-9999 -9999 -9999 -9999 -9999 -9999 -9999 -9999 -9999 -9999 -9999 -9999 86.48638726 86.4265461101325 86.073785779783 86.6347827848269 86.8610076949024 86.1574153778719 86.5167255331878 86.7407646231589 87.0592975581269 86.8724918297413 86.9306697804642 87.2243633240543 87.3340244214158 88.0042686270417 88.5604820178443 88.1781921669538 87.2409973328919 87.080751381049 88.6230220799901 87.06599429325 85.9973449672779 86.0768470818196 87.5025405790118 87.5930709944915 86.5244617968271 85.2436351800406 85.510925300195 85.5546855704768 84.624032960736 84.2197532699513 83.6044788411861 83.3227882524884 82.5820350830579 82.2612762569036 82.4828338699641 82.182643889606 82.5717773447723 82.312831881164 82.117593760122 81.7471275392884 81.3022766220423 81.3478126594646 81.1500091545665 81.1128025226209 80.4626980155371 79.5909729183848 79.1930847291285 78.8802604709795
-9999 -9999 -9999 -9999 -9999 -9999 -9999 -9999 -9999 -9999 -9999 -9999 86.4556598576058 86.6925182139566 87.4740924879295 87.26838874509 87.4281043994363 86.7030735109203 86.5647144267021 86.7241706810662 86.9088230182028 87.2016544453083 87.0699996831607 87.0416317018913 87.8098964603324 88.7869682107042 88.3810157858604 87.9839496601514 88.0468921658545 88.37825583002 88.9917240213594 87.7197132249369 86.7521095353419 86.8878097415029 86.4552631630569 85.3595066381378 84.8822975172502 84.5079231347021 84.1409149270714 84.6415233778314 84.498741149272 84.3556842916998 83.9388732936461 84.030691149837 84.3640079655492 83.18267633013 82.9579601367802 82.6076354934724 82.6111888904668 82.4166221614651 82.2904376968243 82.0242061634065 81.6674137298288 81.109905248623 81.0049171434849 81.71202280067 81.4606838282531 79.8568210792235 79.3087711407536 78.6574802638621
-9999 -9999 -9999 -9999 -9999 -9999 -9999 -9999 -9999 -9999 -9999 -9999 85.8831214882947 86.7413539772951 87.0092430114746 87.2368221302366 87.3623657146629 87.3759345956566 87.443981170597 87.2135486545032 87.5035190572214 87.5074233988972 87.2060413196038 87.8113670216323 88.5492687190568 88.4822540306017 88.1899948254365 88.003038396909 87.9175415123182 87.3691387172058 86.8303318089201 85.9558696841207 85.2987384760273 85.0319442708868 85.0445900052431 84.6282539418858 84.9084396372893 84.1379966745321 84.3913955717911 84.1366462712977 84.2896308850259 84.469160097266 84.3528957330958 84.9304771225985 85.8036670703672 85.0255470545357 83.8749637819378 83.48336413217 83.1473979975194 83.0606956345314 83.2499122902601 82.1480579554148 81.4339428093907 80.8773117123998 80.9465904213986 81.6908607444959 80.9195614151317 80.0220947354317 79.5880184262883 78.6299991803939
-9999 -9999 -9999 -9999 -9999 -9999 -9999 -9999 -9999 -9999 86.1613483290583 86.4824848120233 86.7483291627095 86.615554816991 87.0970497086443 87.3026084921778 87.2708206138149 87.5045089705198 87.6165466310272 87.4665413036186 87.6696548391787 87.4870166788329 87.286931987887 88.1674442146574 88.1030197163975 87.6169776704324 87.8836784285484 86.9260444724395 86.3741302568335 86.2220783176303 85.7003650814789 85.2037258087702 85.3803405850349 85.0254841067109 84.6191482747478 84.8624362760118 85.4714431643861 85.3029403751824 85.0926132343229 84.881141675089 84.5635414152782 84.7874336215805 84.4897861548914 84.7217616765337 85.4563713217372 84.8554306235432 83.9449424845006 83.4432277688306 83.158056256653 83.068923939352 83.231044779212 82.2298297889195 82.1732864497551 82.0000781958034 82.3306541560368 81.664567958847 80.8940105664847 80.273447047588 79.5447521209059 79.1111850984794
-9999 -9999 -9999 -9999 -9999 -9999 -9999 -9999 -9999 -9999 -9999 86.8595523887251 87.5323963098758 88.5374488693201 87.607816697168 87.7187137599965 87.9151802062591 87.8305778470884 87.7880439828803 88.0500049395324 87.9841804667612 87.8123378606558 88.1035499578717 87.9711856952346 87.2542076107409 87.8086528698047 88.0559768689617 87.5766754227831 87.1455116395961 86.0889205822068 86.1258563976916 86.4069538068632 86.0672283271787 85.5590114576958 85.5126953255027 85.3093166336096 85.9243717118537 86.348304771758 85.4514770569199 85.0254287735422 84.9356994618412 84.91760825899 84.8551139809591 84.3733081827334 84.5305557233303 84.3449211205606 83.5165061935808 83.2684821956802 83.0838317934912 83.0314083106653 82.8099193738136 82.4935054791777 82.5997695841606 83.1440219908513 82.2844829733341 81.2841625384514 80.6462230888422 80.1590538002729 79.7525367735366 79.2029838657883
-9999 -9999 -9999 -9999 -9999 -9999 -9999 -9999 -9999 -9999 -9999 87.0280609108688 87.4520034889378 88.8756923497414 87.247180930932 87.7021350863237 87.7725410439275 87.9382438727928 88.0008106227471 88.9161033167418 89.5475959849939 88.8928203774367 87.4671249344313 87.2590885261486 87.0090713351645 87.7588500798757 88.2230968346194 88.2436275399139 88.0073280340134 86.8800850252132 86.3015270292852 85.9453773377789 86.1942043301543 85.9254035955271 86.1267337855509 86.6547775017331 87.2296295118705 87.0123386578507 85.7384281169423 85.1865673164558 85.2548389439579 85.2055187245862 84.9904556375644 84.6364631730439 84.4013595539574 84.206224453705 83.7593784306529 83.5834636618866 83.7330207820217 83.4633674569373 83.5552597040932 82.5506935194672 82.4646911490843 82.1615810556309 81.803749095165 81.3068065810263 80.6021938379521 80.302776313784 79.8722133734869 79.735031113232
-9999 -9999 -9999 -9999 -9999 -9999 -9999 -9999 -9999 -9999 -9999 -9999 86.2501087245281 -9999 86.4797534652884 87.5467910671488 87.661180489113 87.8733367887046 87.7658271830495 89.4008541268868 88.2384338578242 87.2710991068314 86.8989582053182 87.1504325850253 87.1735153080083 87.328483581276 87.5126914931958 87.7741222413424 88.0664386745906 87.1814155793314 86.2784957842154 85.9743061222892 85.6172199219045 86.1955528396296 86.3893871525906 87.1463184333918 86.7231464249807 86.3116379168931 85.4519576977114 85.390361797366 -9999 84.1311206859118 83.8266468021722 83.3823166120637 83.1148014016052 83.7039413368707 83.9746436995932 83.9686470096143 83.9831676468731 84.3725242577766 83.7543373346697 82.5237560438134 82.1538391137111 81.7860889432476 81.4886398379116 81.591087339229 81.9635791759838 81.4315433682144 80.5982074827909 80.467016205659
-9999 -9999 -9999 -9999 -9999 -9999 -9999 -9999 -9999 -9999 -9999 -9999 -9999 -9999 86.2273178208364 86.561569207362 87.0497398333465 86.944755547075 87.0843677550222 87.1176242875069 86.6897258785092 86.5120487149608 86.7441749466957 87.1798191016832 87.415206905365 87.2510128280661 87.265748965807 87.4217433877288 87.7138023359776 87.5518436372577 87.6269950949858 87.3545436896074 86.5658969849026 86.5607909991132 86.2189063999526 85.6275653902761 85.6875610242946 84.4273967756712 84.6110897058377 84.468605039057 84.1496600987055 84.7665576876091 84.4271526520338 83.7433605377574 82.9753742286446 82.8103618500149 83.3305129894101 83.6738967821117 83.9349098083716 83.7247276274643 83.4906349119079 82.9804019876541 82.8400802626795 82.5116882428648 82.1995601698463 82.0218601346909 82.1021537741456 82.543302570617 81.5697803635092 80.7825069452251
-9999 -9999 -9999 -9999 -9999 -9999 -9999 -9999 -9999 -9999 -9999 -9999 85.9511203728075 86.228042601873 86.4520702504963 86.0860290452233 86.3891029369358 86.6076259501646 87.0636939957928 87.0126686026118 87.280637749207 87.1748428331183 87.286113749462 87.354057306182 87.3567676601399 87.8571968064445 87.5712967025984 87.3781795449634 87.8483562444094 88.3289756740546 89.0090255859985 88.5001354232327 87.670742041586 86.7623005108219 86.3255920536237 85.845956798613 85.4821834758703 84.6772613445862 85.6302833522392 84.8628234967117 84.4450111555131 84.5431690184327 84.8740253418001 84.6563262866262 84.3815403123857 83.5673599401968 84.0468883327649 84.614915838241 84.7629814382742 83.8703117506347 83.5017585749694 83.1553783434498 83.1262779285739 83.2453765725649 83.466905585668 82.8065261836582 83.105209322593 82.9159107031338 82.6804466678754 81.0518551076277
-9999 -9999 -9999 -9999 -9999 -9999 -9999 -9999 -9999 -9999 -9999 -9999 86.073154442484 86.5815944684519 87.0473537375654 86.529811863126 86.5043735469876 87.0866699146006 87.1050758361818 87.4323406080919 87.8731975337534 87.9525775954555 87.7463302948578 87.5137939453125 87.4762344381076 87.3306140907291 87.8063965007466 86.95496943858 87.4316825806582 87.5620574838954 88.1683711908611 87.1473064616054 85.8222255752844 85.5421275968593 86.0770225479384 85.9097137503225 85.6604938582342 85.6844120036279 85.9627590072825 86.0302467383974 85.1399345600952 84.4452533730419 84.3337936532412 85.0200805652516 85.2785930542919 85.8031749612721 86.4511871213362 86.4722652583875 84.8152523196361 83.8681545263007 83.7386207631503 83.6094036228827 83.4645252122127 83.6413135367785 83.401941314546 82.9356937308383 83.7689723658868 83.4694824338672 83.469390911071 81.9901618922174
-9999 -9999 -9999 -9999 -9999 -9999 -9999 -9999 -9999 -9999 -9999 -9999 86.7950763664334 87.8775558304297 -9999 -9999 87.1357708317009 86.5536899604908 87.1887016140866 87.6369190271045 87.4759197394449 87.5749645103675 87.7555675766264 87.3626403808593 87.3626403808593 87.5887927826647 87.9782238207024 87.2990722527813 88.0903796971511 87.9866657349723 86.6223736154022 85.7606887971849 85.0020370602909 85.4247360162002 85.9317302532931 86.3060798571324 86.054683693338 86.1294937092474 86.1286907203843 86.3969669288799 86.0494728186927 85.6117668285252 85.6231231659421 86.0059719040793 86.3853302106145 86.26816560915 86.3572330482498 85.4667873604837 84.6383533602673 84.4322605220362 83.9476375620367 83.6364974942096 83.6493854359604 83.9353218058646 83.8461074981229 83.4919471897196 83.8794173764666 84.5080681037362 83.440244696622 82.6902007989666
-9999 -9999 -9999 -9999 -9999 -9999 -9999 -9999 -9999 -9999 -9999 -9999 86.4615058793803 -9999 87.6986980410814 -9999 -9999 86.7484874784552 86.8463230176222 87.5826053265704 87.1000557122136 87.1438484044578 87.2973022460091 87.0520229292715 87.293865197259 87.7006912043388 87.9913997423569 87.9912738642533 -9999 87.001537326239 86.8821601912253 86.7080669402035 86.6992301948975 86.5235748279135 86.1687126031516 86.72733115893 86.5866832861417 86.6021747534135 87.1622753224545 86.3479328260306 85.8704681479153 85.7392196740244 85.7754726348726 86.5242156765113 86.8812713455426 86.6094227055385 85.9541015593044 85.2351570334163 84.5410309005163 84.5298290325283 83.7805404597594 83.9297771546078 83.7062282662049 83.8921470526595 84.7598533724097 -9999 84.7751674751781 83.1040745067874 82.269102090682 81.9044952502084
-9999 -9999 -9999 -9999 -9999 -9999 -9999 -9999 -9999 -9999 -9999 -9999 -9999 -9999 -9999 -9999 87.0233230615494 -9999 -9999 87.7269534964243 87.0344505638099 86.9343090002687 86.9561500377626 87.3259449095034 87.4488563404628 88.1769943018408 88.8694381768336 -9999 87.196945202348 87.0465507440625 87.332057947558 87.8577232233316 88.4353714113523 87.2270641425336 86.8664188541183 86.9211311265322 86.9712734209135 87.2870101985999 86.598226529921 86.1240997254538 85.981569291191 86.1053981697368 86.2392959610392 86.4589805446779 86.8588161398765 86.9332046557806 86.5460052573201 85.8625145117192 84.9583950169996 84.2313480339115 84.5806026557441 83.8076839672999 83.9730567828221 84.3913936583088 -9999 -9999 83.2412090602341 82.1772842426736 81.767736432105 81.7557010574003
-9999 -9999 -9999 -9999 -9999 -9999 -9999 -9999 -9999 -9999 -9999 -9999 -9999 -9999 -9999 -9999 -9999 -9999 -9999 -9999 87.3488807870095 86.1175918506385 86.7734222426157 87.0311641673436 87.3174629201946 88.1116752598214 87.1362476515345 87.165616993343 86.8713569502324 87.086647029284 87.6863078868878 88.0735759689115 87.7453594522437 87.2547264088412 87.4457798034807 87.8048153067363 87.3958454154417 86.6810836787625 86.1130924397576 86.0128250097149 86.1242675752775 86.0180606837849 85.9446048808333 86.0255546416388 86.3920059082278 87.554880106672 87.3693580605503 86.1739063650628 84.7878952208681 84.7803478099238 84.2196121207997 82.676973347379 83.2758655496696 82.9333324503378 83.0201339805113 83.0009021741303 82.4693298344602 82.1889610247329 82.3347949676013 83.1266326918807
-9999 -9999 -9999 -9999 -9999 -9999 -9999 -9999 -9999 -9999 -9999 -9999 -9999 -9999 -9999 -9999 -9999 -9999 -9999 -9999 87.485553735675 86.576372175427 85.9859867073563 86.4931526065562 86.8274898528045 86.9923515315157 86.7347926989765 86.8061943014956 86.7809829645461 87.0923099450301 87.4729995768623 87.3969249954325 87.3906040384376 87.5773410494234 88.1891422167506 87.3138351518949 86.960266126837 86.014696122642 85.6229477156612 85.207576723842 85.7117939116542 85.5603923694246 86.2158527405635 86.0249957919016 86.6868896435011 87.2440948679805 87.1565933161008 86.2795868333145 85.4225998017301 84.4239139725596 84.1207599670711 84.1056671158406 83.9144439846943 82.7954635590783 82.1238956663699 81.5825061906695 81.6342048512445 82.3123435972581 83.4054755921743 83.4041481272004
-9999 -9999 -9999 -9999 -9999 -9999 -9999 -9999 -9999 -9999 -9999 -9999 -9999 -9999 -9999 -9999 -9999 -9999 -9999 -9999 87.2872047319116 86.7611064944417 86.1753807117952 86.4595661106599 87.3405990439789 86.9734859637369 86.6509704570914 86.958620065943 87.0762882343727 87.155754079032 87.5483417397077 87.238784791884 87.3056182748045 87.650180813379 87.3736019312481 86.7702350600085 86.1075611152184 85.7703590425463 85.13941574492 84.0819816652018 84.6678409595732 85.0973567872257 85.7222900271617 86.1342868820804 87.0545463481916 87.1296616021911 86.9605312295488 86.01145364677 85.0268669254689 84.6280212439765 85.1087531645624 85.540422433712 84.822034878446 83.3897705032659 83.0710353871109 82.3147125385056 82.9245834260324 83.225011822519 84.2705287818013 83.8023071576755
-9999 -9999 -9999 -9999 -9999 -9999 -9999 -9999 -9999 -9999 -9999 -9999 -9999 -9999 -9999 -9999 -9999 -9999 -9999 -9999 -9999 86.9684295860525 86.4331703193801 86.7675418683995 87.4536800301397 87.5436134311384 87.7741565783787 87.4582500538682 87.4572181656673 87.9036006941661 88.6319942321194 -9999 86.5632686594718 86.4943199012678 86.3192901589395 86.5567207109564 86.8220424874552 85.9971141936817 85.7617302023845 84.7103462657929 84.4589481300177 85.1243839157198 85.7408008523495 87.0608043343555 88.4784355036757 87.6667938494924 86.9083328518117 85.6689949168816 85.081674565091 85.8870391604363 86.2929630371912 85.2683983133682 83.8802719318945 83.6295700008289 83.6688499430068 84.4724788432068 85.1030902990792 85.3104953757617 85.0906753790193 84.2499065691408
-9999 -9999 -9999 -9999 -9999 -9999 -9999 -9999 -9999 -9999 -9999 -9999 -9999 -9999 -9999 -9999 -9999 -9999 -9999 -9999 -9999 87.0077533873074 86.6342678034468 86.4453182184343 86.8975715564825 87.3903236292791 87.6938915225139 87.6467952626219 87.7977733577639 88.1962165772359 88.6442088938356 87.0627098122202 86.8549651989811 86.8273239334612 86.7852706966494 87.2289028007059 87.1588478236076 87.06829070119 87.120136259534 87.1384696925639 86.9601535780465 87.2131996258147 87.6452426975101 87.5369796595939 86.8923835702375 85.7371539994107 84.921167398241 84.8135948141805 84.8184299452985 85.4937228873928 85.6721744760835 84.3550052749433 84.0762653306348 84.0047492977216 83.9839019639728 86.0613803436019 87.5379123794116 85.952802685956 84.0191708108026 82.3389492321158
-9999 -9999 -9999 -9999 -9999 -9999 -9999 -9999 -9999 -9999 -9999 -9999 -9999 -9999 -9999 -9999 -9999 -9999 -9999 87.1089134176656 -9999 87.163427365492 86.6448516968006 86.5186348104881 86.3868274626405 86.5520687087787 86.6154117653872 86.8573799083508 86.8318576955162 87.2409725063357 87.1997680851196 86.7245826699939 87.470838537605 87.275482201093 87.2479114622932 87.7148456439894 88.0553207375583 88.3795585545245 89.5096664097569 90.2622432640069 90.3293132751818 90.5627098155976 89.0770759931443 87.9298935161219 86.4321232212269 85.0239620269456 84.5603103697707 84.6908187789501 84.9493026685902 85.5164260836063 85.4847889101365 84.8838939807047 85.1876201353422 86.0657386959222 85.4202747326328 85.5837307047812 84.5259380595745 82.9754123754183 82.1384067706026 81.6192932189725
-9999 -9999 -9999 -9999 -9999 -9999 -9999 -9999 -9999 -9999 -9999 -9999 -9999 -9999 -9999 -9999 -9999 -9999 -9999 87.1978874100771 87.3818225924902 86.9780406975795 86.7914447859929 86.5219745709488 87.0600166253665 87.2720508606862 87.2374305706266 87.3447570799245 87.247289657566 87.6902389356872 87.4622650455498 86.6218337888647 87.0511703402185 87.6344604438283 87.2904300597501 87.7054347778831 88.7769718009931 89.7613525392645 90.9154719911254 91.2600078848236 89.6386566216219 89.9490337528262 88.516220133192 87.5851574061589 86.3979473267421 86.3257713143572 87.3861236612078 87.6124839644312 87.269613279257 86.8298473402912 85.3315105452328 84.7608241939889 84.9615211406104 83.9133167580854 83.4917240033426 83.0754814503495 82.4050674372137 82.2863693386257 81.7747364169912 81.1435184463787
-9999 -9999 -9999 -9999 -9999 -9999 -9999 -9999 -9999 -9999 -9999 -9999 -9999 -9999 -9999 -9999 -9999 -9999 -9999 87.03361131007 86.936447138789 87.0830917457832 86.7867984808304 86.6030483199248 86.7401103944613 87.3319568529625 87.7221412709177 87.6064052562612 87.3812599245243 87.2898197119884 87.8978004357243 87.9432258571865 88.3715133766803 87.9829578267626 88.047872534718 88.6877612850273 89.4024829921387 89.6451492582557 88.9325103764442 88.7649307320749 88.3177433253313 87.705869699773 87.0868282519869 87.1825123007815 86.9094677028455 87.4512996567935 87.8224906816689 87.0592937516516 86.3396187002266 85.3843746436917 84.1980781656204 83.1574020670348 82.2515220809307 81.4241409551805 81.791656498011 81.0684833688887 80.249095924323 79.8162727365669 79.8801899014834 79.3332347775701
-9999 -9999 -9999 -9999 -9999 -9999 -9999 -9999 -9999 -9999 -9999 -9999 -9999 -9999 -9999 -9999 -9999 -9999 -9999 -9999 86.7147655626121 86.4453620869921 86.5653438543978 86.3377418568454 86.4647598211691 86.7614631596502 87.4315910398504 87.3973712893589 87.6650390544571 87.524059287914 88.358636858185 89.1524887098311 89.6550464643158 89.5506629811682 88.4629192552809 88.0664577342594 88.2040367222698 87.6481857327444 87.4171276256137 87.5734920517085 87.5144863379212 87.3994922629412 87.0143909558852 86.5308742640652 86.3850517252288 86.6707592048889 86.454782494989 86.2236614375096 85.7301959973042 85.1472053929678 84.6925277843332 84.1574783387015 83.506067286991 83.1590499902096 82.6916713855782 81.7196712621655 -9999 -9999 -9999 -9999
-9999 -9999 -9999 -9999 -9999 -9999 -9999 -9999 -9999 -9999 -9999 -9999 -9999 -9999 -9999 -9999 -9999 -9999 -9999 -9999 86.8248691659806 86.5394496945826 86.0367183766548 86.8795585439492 86.865409850424 87.0826587566713 86.698459627581 86.9764957260721 87.7087440319602 88.3550853580946 88.7129287772643 88.2825393762217 88.6976852457971 87.6291103458646 86.6207046691555 86.4672279124234 87.3167953361877 87.3536186356743 87.8208541428032 88.8209457077279 88.9457187777563 88.0271568680308 86.7460555965605 -9999 -9999 -9999 -9999 -9999 -9999 -9999 -9999 -9999 -9999 -9999 -9999 -9999 -9999 -9999 -9999 -9999
-9999 -9999 -9999 -9999 -9999 -9999 -9999 -9999 -9999 -9999 -9999 -9999 -9999 -9999 -9999 -9999 -9999 -9999 -9999 -9999 86.9273223648971 87.22861100457 86.5817565956725 86.3371524809213 87.352855671964 87.5433673878387 87.0685939988596 87.1178512576123 87.2556304966302 87.4058818803162 87.6494769975305 88.0796375463813 87.3041820469111 86.4818439749615 86.0842151755523 86.1591644330541 87.4291515089205 87.5599918308643 -9999 -9999 -9999 -9999 -9999 -9999 -9999 -9999 -9999 -9999 -9999 -9999 -9999 -9999 -9999 -9999 -9999 -9999 -9999 -9999 -9999 -9999
-9999 -9999 -9999 -9999 -9999 -9999 -9999 -9999 -9999 -9999 -9999 -9999 -9999 -9999 -9999 -9999 -9999 -9999 -9999 -9999 87.381805397334 87.5664997177524 87.4644107879402 -9999 87.5007362305566 -9999 -9999 -9999 -9999 -9999 -9999 -9999 -9999 -9999 -9999 -9999 -9999 -9999 -9999 -9999 -9999 -9999 -9999 -9999 -9999 -9999 -9999 -9999 -9999 -9999 -9999 -9999 -9999 -9999 -9999 -9999 -9999 -9999 -9999 -9999
