socal_rasters/bio13_SPHAsouth_aggfac2.asc
NCOLS 210 
NROWS 130 
XLLCORNER -119.45 
YLLCORNER 32.483333333 
CELLSIZE 0.0166666666666667 
NODATA_value -9999 
[rows 26 to 51 of 130, columns 120 to 179 of 210]
112.499999907972 114.250000081194 107.750000035082 105.999999999999 108.499999928688 115.249999940098 118.749999987926 124.749999890453 130.249999987733 126.000000098904 123.499999950167 122.75000008788 120.000000000002 117.50000002549 114.000000077043 110.99999997413 114.749999960909 117.749999908116 127.999999867779 130.750000039955 -9999 -9999 -9999 -9999 -9999 -9999 -9999 -9999 -9999 -9999 -9999 -9999 -9999 -9999 -9999 -9999 -9999 -9999 -9999 -9999 -9999 -9999 -9999 -9999 -9999 -9999 -9999 -9999 -9999 -9999 -9999 -9999 -9999 -9999 -9999 -9999 -9999 -9999 -9999 -9999
113.500000046015 112.250000011599 112.749999964916 111.00000007074 107.5 108 108.499999975846 111.499999926965 116.999999950926 119.749999987634 118.000000024916 117.250000012553 117.749999962053 120.249999987256 116.500000102724 106.750000116416 108.2499998306 119.749999908116 121.500000026441 117.500000053268 121.999999839042 -9999 -9999 -9999 -9999 -9999 -9999 -9999 -9999 -9999 -9999 -9999 -9999 -9999 -9999 -9999 -9999 -9999 -9999 -9999 -9999 -9999 -9999 -9999 -9999 -9999 -9999 -9999 -9999 -9999 -9999 -9999 -9999 -9999 -9999 -9999 -9999 -9999 -9999 -9999
116.250000011503 115.250000011598 112.000000046778 109.75000001179 108.250000011886 108 107.250000012076 106.000000024343 103.750000012268 104.249999962913 108.499999950168 113.749999912123 118.999999974702 119.000000025491 119.499999974318 110.500000258701 108.999999739385 120.000000078756 109.000000079335 109.749999933413 117.249999906109 116.250000148596 -9999 -9999 -9999 -9999 -9999 -9999 -9999 -9999 -9999 -9999 -9999 -9999 -9999 -9999 -9999 -9999 -9999 -9999 -9999 -9999 -9999 -9999 -9999 -9999 -9999 -9999 -9999 -9999 -9999 -9999 -9999 -9999 -9999 -9999 -9999 -9999 -9999 -9999
118.749999988497 117.500000046397 114.500000046779 111.250000035371 108.250000011886 107.5 107.999999975847 110.499999975655 107.500000098141 101.000000024726 101.999999975083 104.499999949782 110.499999924101 114.749999936274 120.249999961477 114.000000155221 117.499999765449 125.000000157513 106.000000185109 106.999999813554 118.249999932935 115.250000175612 100.00000013604 97.7499999315012 -9999 -9999 -9999 -9999 -9999 -9999 -9999 -9999 -9999 -9999 -9999 -9999 -9999 -9999 -9999 -9999 -9999 -9999 -9999 -9999 -9999 -9999 -9999 -9999 -9999 -9999 -9999 -9999 -9999 -9999 -9999 -9999 -9999 -9999 -9999 -9999
119 118.000000023199 115.500000023389 113.75000001179 111.250000059427 107.000000047924 105.5 105.250000012173 102.750000036804 101.5 101.5 100.250000012555 102.749999936754 106.749999961767 109.500000000002 108.250000012936 112.499999895757 115.250000039381 107.000000132221 107.249999853507 116.249999986588 109.750000148596 98.5000000816243 101.499999863002 108.249999958612 117.249999680516 -9999 -9999 -9999 -9999 -9999 -9999 -9999 -9999 -9999 -9999 -9999 -9999 -9999 -9999 -9999 -9999 -9999 -9999 -9999 -9999 -9999 -9999 -9999 -9999 -9999 -9999 -9999 -9999 -9999 -9999 -9999 -9999 -9999 -9999
117.5 117.000000023198 114.750000011694 113.75000001179 113 110.250000059906 105.500000048307 103.500000024344 101.500000024535 100.000000024726 98.5000000249162 96.9999999999991 98.2499999620508 100.499999974509 102.749999987158 102.999999999999 105.499999947876 107.249999986872 106.750000013221 110.49999989346 113.500000080478 103.000000108068 103.749999904774 112.999999890405 118.749999931025 122.999999944437 124.500000083915 -9999 -9999 -9999 -9999 -9999 -9999 -9999 -9999 -9999 -9999 -9999 -9999 -9999 -9999 -9999 -9999 -9999 -9999 -9999 -9999 -9999 -9999 -9999 -9999 -9999 -9999 -9999 -9999 -9999 -9999 -9999 -9999 -9999
115.5 115.000000023199 113.5 112.75000001179 111.750000011886 110.500000023962 106.750000060382 103.250000036516 101.000000024535 97.7500000370897 96 97.2499999623373 98.7499999873503 99.7499999872548 99.7500000128407 99.5000000000004 100.74999998697 101.249999986874 101.999999973556 106.499999920096 108.500000026828 109.749999905439 116.749999959186 118.4999999726 119.750000013795 115.500000083345 114.749999986015 112.500000028164 -9999 -9999 -9999 -9999 -9999 -9999 -9999 -9999 -9999 -9999 -9999 -9999 -9999 -9999 -9999 -9999 -9999 -9999 -9999 -9999 -9999 -9999 -9999 -9999 -9999 -9999 -9999 -9999 -9999 -9999 -9999 -9999
113.5 112.5 112.000000023389 110.750000011789 109.999999999999 110.000000023962 106.500000048306 102.750000036516 99.5000000490697 95.7500000370888 95.9999999501659 98.7499999874462 99.7499999873503 100.5 100.750000012841 100.249999987065 100.5 100.999999973748 102.249999986778 103.999999973365 105.749999959761 110.499999918948 113.249999986394 113.749999986298 113.499999972408 116.999999916658 120.99999997203 120.000000028168 118.999999971649 122.999999885821 -9999 -9999 -9999 -9999 -9999 -9999 -9999 -9999 -9999 -9999 -9999 -9999 -9999 -9999 -9999 -9999 -9999 -9999 -9999 -9999 -9999 -9999 -9999 -9999 -9999 -9999 -9999 -9999 -9999 -9999
110.500000023008 109.2500000116 108.250000011696 107.500000023581 106.000000000001 106.250000011982 103.000000048307 99.5000000243449 97.0000000490709 94.7499999876372 96.9999999501659 98.7499999874462 99.0000000000004 100.499999974511 101.000000000001 101.5 102 102.249999986874 103.249999986778 105.249999960048 107.999999946347 111.24999998649 111.999999999998 109.500000082196 106.999999944821 112.999999916659 117.749999930072 123.749999929596 126.749999929118 129.749999985728 126.750000100569 -9999 -9999 -9999 -9999 -9999 -9999 -9999 -9999 -9999 -9999 -9999 -9999 -9999 -9999 -9999 -9999 -9999 -9999 -9999 -9999 -9999 -9999 -9999 -9999 -9999 -9999 -9999 -9999 -9999
106.250000011503 104.7500000116 102.000000023388 101.499999999999 100.750000011884 100.499999999999 98.5000000483057 95.250000012171 95.0000000000004 96.249999962912 98.4999999750838 97.7500000376622 95.2500000379475 93.7499999872535 94.9999999743177 96.2499999870634 97.7499999869683 99.4999999737469 100.999999973555 103.249999960047 108.999999892696 115.749999932457 118.249999986396 112.750000178093 103.749999986205 109.249999902767 112.999999972028 115.499999971837 118.749999929115 122.999999942909 124.999999999999 123.000000028925 120.000000058231 -9999 -9999 -9999 -9999 -9999 -9999 -9999 -9999 -9999 -9999 -9999 -9999 -9999 -9999 -9999 -9999 -9999 -9999 -9999 -9999 -9999 -9999 -9999 -9999 -9999 -9999 -9999
124.749999988491 119.750000104389 108.500000116942 99.7500000825292 96.2500000118862 96.749999916133 103.000000024151 98.2499999878261 105.749999889589 108.500000049449 106.999999975082 106.75000003766 100.750000088544 93.7500000637235 90.7499999871593 93.499999948259 96.9999999478766 99.2499999868732 102.249999933889 106.749999960047 108.999999973175 110.000000000003 110.000000027211 106.000000082198 105.999999917228 112.749999902766 116.999999972027 118.499999943673 121.999999971646 122.000000028545 118.250000043103 118.249999985539 115.750000131025 108.000000058618 107.25000001475 -9999 -9999 -9999 -9999 -9999 -9999 -9999 -9999 -9999 -9999 -9999 -9999 -9999 -9999 -9999 -9999 -9999 -9999 -9999 -9999 -9999 -9999 -9999 -9999 -9999
119.000000069015 108.75000005799 112.999999953221 102.000000212219 93.0000000475413 92.7499999161313 100.249999987921 100.999999926968 112.749999815987 118.250000111267 106.750000062292 108.749999937228 110.250000037949 102.750000140197 91.7500001155647 88.9999999482573 95.7499998566606 104.74999993437 107.499999973557 107.250000039952 101.750000093889 100.499999945965 105.499999945584 107.5 108.749999958615 111.999999944437 115.249999986013 115.249999957754 118.249999985821 115.750000071361 111.7500000431 111.249999985536 108.250000101906 103.000000029308 105.249999926252 109.99999991093 114 -9999 -9999 -9999 -9999 -9999 -9999 -9999 -9999 -9999 -9999 -9999 -9999 -9999 -9999 -9999 -9999 -9999 -9999 -9999 -9999 -9999 -9999 -9999
101.500000069021 95.0000000231994 98.2499999883099 91.2500001061127 87.2500000118866 89.2499999400946 96.2499999154637 103.74999989045 110.249999963197 109.75000003709 109.24999998754 107.75000003766 105.5000000253 105.749999987255 99.2500001669242 89.0000000776083 85.0000000000004 89.9999998949956 96.9999999206719 99.2500000133191 98.750000013412 101.499999945965 105.749999959188 107.249999986301 107.749999986205 109.499999972219 112.749999958042 114 113.250000014178 109.750000042819 109.749999985633 109.250000043388 103.500000058233 103.250000014655 99.7500000442507 100.999999940623 102.250000014944 99.2500000451093 98.2500000453937 -9999 -9999 -9999 -9999 -9999 -9999 -9999 -9999 -9999 -9999 -9999 -9999 -9999 -9999 -9999 -9999 -9999 -9999 -9999 -9999 -9999
105.750000057517 90.7500001971826 84.4999999766096 88.249999964631 89.5000000237715 91.4999999281147 97.7499999154641 107.249999890451 113.999999926394 115.500000049454 111.999999999999 115.499999949782 111.750000139146 107.749999936276 111.000000025683 103.25000014229 92.7500001433403 83.7500000656326 84.4999999206668 92.2499998801392 98.2499999597581 100.999999972981 102.999999972791 104.4999999726 105.999999972409 109.249999958328 112.249999958041 111.750000070406 106.00000008506 104.249999985726 107.249999956897 106.500000086775 99.5000000873482 96.9999999999983 93.2500001032456 90.499999970309 91.9999999701176 95.7499999248185 98.2500000453928 90.500000091362 92.9999998467747 -9999 -9999 -9999 -9999 -9999 -9999 -9999 -9999 -9999 -9999 -9999 -9999 -9999 -9999 -9999 -9999 -9999 -9999 -9999
90.7500000805284 82.7500000811948 82.4999999298328 89.4999999528403 90.4999999762289 92.7499999640571 94.9999999516947 100.249999914797 108.999999852791 117.999999950548 107.250000286546 95.9999999497882 101.749999962056 107.999999872552 112.500000025682 108.000000077613 101.000000104246 96.0000000262501 94.2500000396617 92.4999999999957 91.000000026824 91.4999999729833 94.4999999455855 98.9999999452031 101.499999972411 104.749999958329 106.000000027973 102.750000042246 100.000000028354 99.9999999714554 103.249999928165 105.750000043388 98.7500001601396 91.0000000586168 89.0000000294996 87.7499999851551 88.250000044822 87.499999939857 90.7500000453958 89.7499999543186 93.4999999693557 93.2500000462578 87.7500001085973 -9999 -9999 -9999 -9999 -9999 -9999 -9999 -9999 -9999 -9999 -9999 -9999 -9999 -9999 -9999 -9999 -9999
84.7499999884962 82.2500000347973 83.7499999415275 87.4999999528394 90.9999999762289 91.7500000119817 90.4999999999991 95.2499998904503 103.249999914126 108.499999950545 105.000000174417 88.5000001506477 88.7499998861529 98.4999998980374 101.000000051359 95.0000001034786 90.5000000260587 92.4999999212402 98.9999999206646 102.999999973363 102.000000026826 100.500000000002 98.0000000816269 96.9999999452022 100.249999986205 101.999999972218 102.000000027972 100.250000014081 99.2500000141768 98.0000000285446 97.7499999856313 100.24999995661 99.0000001164649 90.2500001025784 87.2500000147489 83.7500000445338 81.7500000149382 82.2499999248181 86.4999999697356 87.7499999847714 85.5000000612881 81.5000000308344 80.2500000465392 78.2500000156076 78.7500000471118 73.750000047397 -9999 -9999 -9999 -9999 -9999 -9999 -9999 -9999 -9999 -9999 -9999 -9999 -9999 -9999
79.9999999769942 81.0000000000004 82.9999999532218 85.7499999646301 90.9999999049157 95.7499999880183 93.7500000362281 93.2499999634833 96.5000000000017 94.2500000123654 93.5000000498366 86.7500000878787 83.5000000000009 86.4999999490221 88.7499999871614 87.2500000388065 84.5000000260613 82.7500000131272 83.9999999471139 88.2499999600505 91.2499999597636 94.4999999189512 98.7499999863983 97.7500000137002 98.7499999862052 100.499999972219 101 100.5 99.5000000283541 96.2500000713633 92.2500000431026 92.2499999566135 94.0000000291185 87.2500001318887 81.5000000589996 76.0000000890718 72.0000000298824 73.2499999248215 77.9999999092127 78.0000000609108 74.5000000306477 72.7500000154204 71.0000000310293 69.0000000312203 67.2500000157069 66.9999999684037 71.249999920528 -9999 -9999 -9999 -9999 -9999 -9999 -9999 -9999 -9999 -9999 -9999 -9999 -9999
78.7499999884971 80.4999999768019 82.4999999766109 85.2499999646297 89.9999999286864 95.2499999640567 97.4999999758469 96.0000000486881 90.2500000858724 84.2500000618136 82.9999999999983 82.0000000251067 79.5000000252982 78.7499999872535 79.9999999999983 80.7499999870629 81.0000000260596 78.2500000393778 75.2500000661093 73.9999999467272 79.9999999195195 84.7499999324553 88.7499999591864 91.4999999452005 97.4999998896392 100.5 102.249999986014 101.750000042245 99.5000000283541 94.2500000999075 88.5000000574683 85.2500000433869 82.7500000436722 78.2500000732685 74.2500000442473 70.7500000445342 68.5000000298812 66.9999999999996 67.9999999697351 68.0000000304524 65.5000000306443 64.0000000308349 62.5000000310263 61.7500000156084 60.0000000314087 58.9999999999991 59.4999999682085 60.9999999999974 59.5000000321701 58.000000064726 -9999 -9999 -9999 -9999 -9999 -9999 -9999 -9999 -9999 -9999
78.4999999539862 80.0000000000009 80.2499999883061 82.2499999646305 85.9999999286881 92.2499999400963 93.5000000000013 93.0000000000009 90.2500000858724 80.5000001236306 75.25000001246 74.7500000125555 74.5000000000013 73.2500000127461 72.5000000000013 72.4999999741306 75.999999895754 85.9999998687352 84.7500001983273 69.0000001065405 69.4999999463495 74.4999998919337 82.7499999047731 88.7499999041038 95.9999999448202 96.5000000000013 100.499999916085 101.500000056327 99.0000000283545 94.7500000713624 92.2499999856313 87.0000001735499 78.0000000873486 76.2499999560354 82.2499999262463 80.500000089065 78.9999999999957 74.2500001052485 67.7500001059187 64.4999999999996 64.4999999999987 62.5000000308353 63.9999999379436 68.4999999375595 68.5000000314044 61.5000001579903 56 55.7499999840096 56 53.7500000485455 50.7500000488316 -9999 -9999 -9999 -9999 -9999 -9999 -9999 -9999 -9999
77.9999999769933 79.5000000000004 78.2499999883052 82.9999999292598 86.0000000000009 88.2499999400946 89.0000000241526 89.4999999756551 88.5000000736043 78.0000001483554 70.0000000498332 67.4999999999987 68.2499999873494 68.9999999999991 72.749999884437 80.7499999611986 82.7499999348478 89.4999999474925 83.50000021155 68.2500001464934 64.7499999597606 -9999 74.4999998911655 84.9999998082046 94.9999999724095 91.2500000416706 94.9999999160825 97.4999999999996 95.5000000850618 91.0000000285438 91.9999999137952 95.0000000289253 93.4999999708888 100.999999824157 110.249999955756 106.000000118765 100.000000059767 93.5000001503638 84.0000001513192 80.999999878189 87.0000000306515 79.2500001079322 83.2499998293553 90.7499999531764 86.0000002198655 69.0000002843873 61.4999999364238 66.2499999520335 66.2500001126035 55.5000001618174 51.2500000162782 48.750000049118 -9999 -9999 -9999 -9999 -9999 -9999 -9999 -9999
79.7499999884962 81.4999999768015 81.0000000467764 78.4999999764208 83.4999999286889 87.9999999760384 87.7500000362302 85.7500000121731 83.7500000613391 77.0000000741781 69.5000000996677 65.0000000251084 64.7499999873511 65.9999999745104 78.499999717509 89.0000000517419 77.5000001563699 -9999 78.0000000264437 70.7500001198578 66.9999999999991 66 -9999 -9999 86.2499998758478 87.5000000277824 91.9999998881117 96.2499999859187 93.2500000992399 85.5000000856365 83.999999942533 94.2499997830597 107.999999854417 114.74999992673 118.499999970502 119.000000029689 113.750000134464 102.250000195468 93.500000060525 94.999999878183 103.999999877419 104.000000092503 102.749999953455 104.000000062434 91.7500002669768 77.250000205389 73.2499998569458 83.2499999520271 77.2500002412839 64.2500000809053 64.2500000162735 55.0000001964692 -9999 -9999 -9999 -9999 -9999 -9999 -9999 -9999
80 81.7499999420042 85.4999999999996 79.5000001179004 75.4999999286855 81.249999964055 81.2500000120755 80.9999999999991 77.5000000736038 74.9999999999991 72.2500000872098 64.7500000627698 62.4999999999996 63.2499999872548 69.4999998715924 -9999 -9999 -9999 80.0000002115526 66.7500000399516 67.250000013412 66 66 66.4999999726005 70.9999999172272 77.2499999027634 87.2499998461508 92.4999999999991 89.5000000567086 86.7499999857307 87.2500000143712 91.7499998119851 105.499999883534 109.749999956038 112.999999999999 111.499999999997 113.999999940237 112.000000150363 101.250000136187 97.7499999543203 106.499999785485 117.74999992291 115.500000124109 105.750000202917 91.2500002355682 81.5000000631989 82.2499999205284 90.2499998880693 85.7500002091159 74.7500000809091 69.5000001302152 60.0000001637252 50.750000115277 -9999 -9999 -9999 -9999 -9999 -9999 -9999
-9999 -9999 77.5000000000021 75.0000000471614 72.2499999881147 74.2499999640584 75.2500000120784 73.750000036518 70.2500000368041 69.4999999752748 70.2500000373762 64.7500000627698 62 62 63.2499999614791 68.7499998835839 -9999 81.5000000787598 69.5000001851119 64.4999999733645 65.9999999999991 67.9999999459645 72.7499999591842 69.5000001095943 64.7500000137953 66.7499999583294 72.4999998881142 84.7499997887797 98.249999844052 106.499999914362 107.5000000862 102.000000028922 107.749999868975 111.249999985347 108.250000103249 105.749999925774 113.249999865535 118.249999984965 115.750000075656 112.250000015223 114.499999938708 116.750000015419 112.750000077568 105.500000124872 95.0000001256348 92.4999999683999 89.2500000794724 89.4999999360401 86.2500001769441 71.7500002103625 62.2500000813854 59.2500000163711 53.500000131744 -9999 -9999 -9999 -9999 -9999 -9999 -9999
75.7500000115038 72.7500000115997 73.7499999649174 75.7499999882115 75.250000011887 73.2500000119825 73.2499999879254 72.7500000121739 71.750000012269 70.5000000247269 70.5000000000009 68.7500000627715 62.5000000758975 60.7499999872548 62.2499999614783 69.2499998318433 77.2500000390904 66.7500001443856 63.4999999735563 68.9999999200959 72.2499999597623 78.4999998378995 90.249999904774 84.0000002465949 66.7500001241565 63.9999999722185 65.9999999720275 70.7499998732643 83.9999997731628 97.2499998429968 106.249999928161 107.750000043386 104.750000043671 98.7500001025742 96.7499999557485 105.499999881238 104.250000104581 104.499999909779 112.249999863813 119.249999954318 118.000000061289 112.750000107925 105.000000124106 103.249999953171 102.500000062819 98.5000000631977 91.000000158947 84.2500000479695 79.2500001447702 71.7500000809087 68.5000000325555 65.2500000818633 56.7500001811498 46.0000001325093 -9999 -9999 -9999 -9999 -9999 -9999
76.4999999539858 78.4999999999987 79.2499999649153 80.9999999999996 79.2500000356568 76.2500000119812 78.2499999637706 79.9999999999991 78.0000000490692 74.2500000370884 73.4999999501664 74.7500000627698 65.2500001391439 60 60.9999999743194 65.2499999094555 69.0000000521247 64.2500000131259 69.7499998809991 76.4999999467276 78.2499999865855 81.4999999189495 89.4999998911697 90.7500001232961 71.7500002896953 63.4999999722189 65.4999999720279 67.2499999859187 69.4999999432927 76.2499998715504 86.7499998419651 92.2500000144654 88.5000000873507 83.5000000293099 87.2499998672552 97.9999999109312 93.5000001494071 93.2499998646759 103.249999863816 112.249999893412 112.000000091937 105.000000123346 98.7500000465405 101.499999906345 102.750000078523 97.5000000947961 89.2500001748428 80.0000000639616 75.500000096515 69.5000000647277 65.5000000976644 60.0000000654921 54.0000001317461 45.2500001490726 -9999 -9999 -9999 -9999 -9999 -9999
72.9999999079708 78.2499999652022 78.250000011693 78.250000011789 77.7500000118857 76.2500000119817 78.7499999637711 80.5000000243436 74.7500001104058 69.2500000370867 66.4999999999979 69.7499999623365 66.2500001138454 60.50000002549 60 60.9999999741293 61.9999999999996 67.749999855614 80.7499998545592 87.7499999600492 88.0000000268282 82.5000000810526 83.9999998639599 87.5000001095955 72.250000234516 63.7499999861097 66.4999999720279 67.7499999859187 68.4999999716459 70.9999999429099 74.4999999425305 80.7499998987594 84.0000000291155 80.2500000146547 84.7499998967535 87.7500000148427 87.2499999850584 93.9999998195679 105.499999878949 110 104.750000107256 102.249999984583 103.499999968974 104.000000031218 100.250000109931 93.0000001263919 83.5000001589457 75.0000000959403 68.7500001125979 64.5000000323628 62.750000048832 57.2500001146085 49.7500001152761 44.0000000993812 41 -9999 -9999 -9999 -9999 -9999
