socal_rasters/bio19_SPHAsouth_aggfac2.asc
NCOLS 210 
NROWS 130 
XLLCORNER -119.45 
YLLCORNER 32.483333333 
CELLSIZE 0.0166666666666667 
NODATA_value -9999 
[rows 104 to 129 of 130, columns 120 to 179 of 210]
-9999 -9999 -9999 -9999 -9999 -9999 -9999 -9999 -9999 -9999 -9999 -9999 153.750000139142 141.000000050983 140.500000025683 145.249999883582 152.749999908786 156.749999960623 157.000000026445 158.249999933413 167.749999879285 175.74999993246 181.499999863962 185.999999972604 189.749999931025 184.750000236142 175.99999994406 175.250000042247 188.749999673928 184.500000428174 164.00000005747 183.999999363641 227.249999519575 245.749999838806 254.250000014756 245.750000103929 253.999999611562 282.249999684257 275.250000438825 227.750000989763 222.999998835488 281.499999784159 270.750000418883 240.750000421458 228.749999921483 263.749998973048 317.249999602631 312.250000367777 310.249999823059 309.000000097089 308.499999934889 299.750000343825 286.999999901187 310.24999938714 328.250000183253 296.750000552912 294.749999578754 307.000000101677 305.249999948876 281.250001011056
-9999 -9999 -9999 -9999 -9999 -9999 -9999 -9999 -9999 -9999 -9999 -9999 161.749999962053 147.250000191179 142.999999974322 146.49999997413 148.499999973939 151.749999934369 153.499999973556 155.99999994673 159.99999991952 168.49999989193 172.999999972791 177.249999876705 184.749999958614 174.7500002917 162.999999944054 167.749999845102 193.999999603043 192.750000356812 168.750000244244 174.749999407028 217.749999665154 221.000000087916 206.750000368728 189.250000074219 197.999999731069 210.249999894739 216.999999969725 200.50000033499 220.749999463714 243.25000004626 247.499999658714 250.25000039024 238.499999717325 268.749999415429 296.99999971389 303.499999904059 315.499999774802 324.499999967639 316.750000341819 294.250000180097 297.74999965417 324.749999652164 314.750000849613 259.250000351842 275.249999511344 294.49999983054 303.249999812546 297.750000394143
-9999 -9999 -9999 -9999 -9999 -9999 -9999 -9999 -9999 -9999 -9999 -9999 159.749999860856 158.00000007647 155.000000025681 153.250000012935 153.499999973938 155.749999986874 155.750000013222 155 156.749999932936 164.499999864914 174.999999863958 176.000000109598 169.000000082774 166.000000083346 155.250000069931 169.24999973245 177.999999914944 178.000000171275 164.750000129308 162.74999992769 176.999999767077 186.499999882772 185.750000044245 197.99999952495 228.749999746006 230.000000090209 213.250000529597 202.999999238641 263.999999356447 292.499999753307 304.999999751776 304.500000468263 272.000000251266 284.99999949442 311.499999745678 319.999999904055 316.000000128685 307.250000145642 297.25000021161 287.749999918138 295.249999917662 299.9999998675 295.500000533098 246.000000670186 248.749999545053 276.249999508579 297.749999778465 297.000000171366
-9999 -9999 -9999 -9999 -9999 -9999 -9999 -9999 -9999 -9999 -9999 -9999 150.999999924101 149.000000025488 149.5 150.499999999999 152.249999934846 153.999999973747 153.499999999999 150.499999999999 153.749999932934 161.499999783862 178.249999823148 173.250000342489 152.750000151742 154.749999930544 148.250000097899 155.499999943668 151.750000070881 154.499999914362 154.250000014368 155.749999927689 166.999999737956 187.999999706922 203.999999852505 216.249999777325 229.249999895419 230.750000015037 219.250000378289 227.249999314788 263.249999739517 283.999999629963 308.999999596643 320.000000312176 275.500000659587 273.249999541814 298.999999682097 321.749999632223 325.750000273458 292.750000695811 274.249999886059 290.499999639806 293.000000263495 281.000000099382 264.500000499767 235.500000134036 258.499999326005 295.499999627203 300.250000153369 295.750000017136
-9999 -9999 -9999 -9999 -9999 -9999 -9999 -9999 -9999 -9999 144.999999750828 161.249999887009 156.000000227688 144.250000012745 149.749999961478 150.499999999999 150.499999999999 152 152 145.75000011986 145.499999892698 157.499999783864 173.749999877565 171.250000205496 148.500000303487 139 137.499999972028 139.249999957756 143.249999872406 164.249999557546 184.249999985624 180.999999999992 182.249999898089 194.249999750879 207.4999998525 230.749999510109 253.749999835653 241.500000481156 226.499999878945 248.499999634549 263.499999846776 270.249999953749 275.499999844872 277.000000187319 259.500000125636 264.749999794606 277.249999729792 295.249999760155 299.750000112609 289.500000194181 291.999999772115 309.999999607055 315.250000345831 277.750000745367 239.000000566412 234.999999396835 282.249999342848 301.999999966111 296.00000017041 289.000000068548
-9999 -9999 -9999 -9999 -9999 -9999 -9999 -9999 -9999 -9999 -9999 163.999999874456 159.500000227689 143.499999999999 150.749999910115 152.499999999999 153.749999986969 155.249999960622 153.750000039667 144.250000199764 141.999999892695 151.249999824386 159.250000040808 154.249999876701 176.999999724103 172.750000291711 160.00000002798 154.750000154903 146.500000028354 164.249999529002 188.749999841954 195.249999869833 204.999999825305 221.499999706924 235.249999867259 237.750000103916 222.000000209158 218.999999879705 241.999999546054 257.999999969548 259.249999923387 258.750000169597 249.750000046536 254.499999906343 261.499999842954 265.749999984201 274.499999745688 285.499999904064 289.749999983918 290.499999935275 300.749999853505 305.249999983625 292.500000526974 259.000000265019 250.75000031653 239.249999748686 265.499999595594 283.249999644137 295.75000001704 278.75000053123
-9999 -9999 -9999 -9999 -9999 -9999 -9999 -9999 -9999 -9999 -9999 145.000000050219 143.5000001012 134.000000076473 140.999999820236 147.749999987065 149.49999997394 154.749999960622 153.750000039667 145.500000159811 137.750000040241 132.750000013512 140.999999782336 156.749999767104 177.249999710306 185.250000097238 180.249999986014 176.000000281629 150.000000255185 149.99999982873 162.749999813229 173.749999783064 194.999999592376 223.999999648306 241.249999837757 223.500000653189 188.000000119529 197.999999699282 226.749999500662 243.750000015232 243.500000000006 238.750000262115 229.249999891411 241.499999781477 263.249999544571 282.499999873609 289.24999988874 288.500000095945 280.750000080434 280.249999983824 273.500000065118 279.249999918144 267.750000312898 265.749999751546 279.499999766769 285.500000033499 262.000000808802 253.999999186616 288.74999998296 262.750000736874
-9999 -9999 -9999 -9999 -9999 -9999 -9999 -9999 -9999 -9999 -9999 -9999 130.250000088546 -9999 132.499999820233 143.749999935323 149.499999921816 148.250000065628 145.250000066107 135.000000159807 126.750000093889 130.74999982439 150.249999714316 168.249999876703 168.500000137949 167.249999986108 171.499999860137 176.75000009857 155.500000311896 150.999999914366 159.749999899432 167.99999982645 186.24999969428 193.999999970684 207.749999778744 195.500000623486 170.249999895414 193.249999503811 226.249999651973 229.000000182721 -9999 214.999999969167 211.250000077573 211.749999921952 220.49999971731 249.999999462822 271.499999872841 268.500000191879 251.000000257365 245.749999919086 262.999999544248 279.999999934519 282.999999934135 276.50000016564 286.999999566861 297.75000001675 271.250001061553 243.249999339117 278.499999931832 257.000000685462
-9999 -9999 -9999 -9999 -9999 -9999 -9999 -9999 -9999 -9999 -9999 -9999 -9999 -9999 127.499999871596 138.499999896521 141.000000052126 131.750000118138 128.749999986777 133.749999906772 136.499999999994 140.749999824385 153.749999850353 158.750000013701 158.500000000001 160.749999958328 166.749999818181 184.49999983102 181.750000184294 177.249999957174 178.500000028731 178.749999811985 193.999999883537 176.750000454277 176.249999660757 177.250000371123 168.249999775889 197.499999518846 210.500000060527 211.74999974114 230.249999739511 251.749999614543 259.250000170641 243.250000234125 228.750000172742 235.999999652418 257.749999761584 251.000000511693 225.000000032175 251.24999923946 292.999999479131 307.500000032745 295.500000197618 285.500000298144 269.000000133276 271.999999932985 245.25000102786 208.249999779715 247.749999403571 250.500000377006
-9999 -9999 -9999 -9999 -9999 -9999 -9999 -9999 -9999 -9999 -9999 -9999 128.250000037949 125.500000050981 125.249999961479 135.749999857714 139.250000039096 141.749999908123 150.249999854562 157.249999960049 156.250000067066 154.499999972983 157.499999945583 157.750000041098 157.99999994482 165.499999944438 162.250000041955 170.999999774689 181.749999957462 179.500000114174 167.000000258603 159.999999942143 163.749999956318 170.999999706917 205.249999395271 219.750000282065 199.250000044833 220.249999473745 242.499999939482 230.000000243639 231.499999785482 242.249999892068 253.74999976729 270.749999797082 266.250000329802 249.000000189596 236.250000270206 214.250000367767 223.249999340489 263.99999948219 282.499999837226 293.749999754406 291.50000032936 270.000000331263 249.750000216563 254.749999882715 224.0000010447 185.999999966107 219.249999199066 241.500000068545
-9999 -9999 -9999 -9999 -9999 -9999 -9999 -9999 -9999 -9999 -9999 -9999 141.749999987347 134.250000114704 126.250000038522 131.249999857716 143.999999843636 152.249999934371 152.000000000003 151.250000039955 148.750000013416 145.750000013511 151.749999877564 157 157.749999958615 155.500000083346 149.499999944056 161.999999831017 165 161.250000185545 145.000000143674 145.499999913222 152.749999868974 169.999999618992 201.749999513266 222.999999851554 229.499999940238 231.999999939856 245.24999977303 248.250000106586 243.499999969348 242.250000077085 243.749999860373 266.999999406854 269.250000581075 234.000000442391 213.75000017485 208.249999888066 244.999999131367 271.499999902911 277.499999869785 286.249999754409 281.750000675192 230.500000695676 220.249999650166 245.999999832457 219.750000893053 186.000000067781 211.49999921611 231.250000188506
-9999 -9999 -9999 -9999 -9999 -9999 -9999 -9999 -9999 -9999 -9999 -9999 147.750000164443 128.000000101958 -9999 -9999 131.249999934846 141.749999934367 143.999999973554 141.500000079903 137.499999999998 139.249999959474 146.749999850354 152.499999999999 152.499999999999 148.000000138904 150.499999692306 169.99999994367 159.250000155944 157.000000028545 157.499999856336 169.249999927694 174.249999898098 183.249999868116 192.749999896752 198.249999925771 215.249999596602 230.000000060143 228.499999788153 247.249999802042 252.749999954029 256.49999990749 266.499999844863 267.250000202912 224.500000942263 185.000000315979 181.249999729785 213.74999921648 253.749999726541 253.000000064723 257.249999788394 270.999999770777 270.500000362292 234.250000811621 200.000000133273 217.749999514109 219.000000471799 197.999999932221 214.249999812549 211.250000188499
-9999 -9999 -9999 -9999 -9999 -9999 -9999 -9999 -9999 -9999 -9999 -9999 142.000000328889 -9999 125.249999935796 -9999 -9999 131.750000013128 134.999999973558 132.250000066589 132.749999959761 135.499999918949 143.249999850355 149.499999945201 152.499999944818 149.500000222247 139.499999944057 143.000000028168 -9999 161.249999586094 192.999999655182 196.250000188011 185.75000001456 189.24999992673 181.750000250747 178.24999974764 201.74999962649 211.000000180441 201.000000000005 215.749999619327 243.499999601612 252.000000185015 242.000000093084 225.000000499496 190.000000376913 179.750000110595 170.999999904632 210.49999904059 242.249999887403 248.749999854366 254.749999918615 258 258.999999934127 252.000000430653 212.250000716339 -9999 207.249999915751 213.249999847487 213.750000153369 218.999999657264
-9999 -9999 -9999 -9999 -9999 -9999 -9999 -9999 -9999 -9999 -9999 -9999 -9999 -9999 -9999 -9999 128 -9999 -9999 127.999999973363 129.999999946347 134.999999891931 143.499999863959 151.499999917802 155.250000013793 146.250000236136 136.250000041956 -9999 162.99999954634 185.499999714553 200.749999899425 191.750000332634 174.999999941766 193.749999780192 174.750000634233 156.749999747631 175.249999835648 181.249999894743 193.499999667106 214.749999649778 236.249999739511 235.250000231263 236.749999674212 244.500000218534 216.500000565376 188.500000347589 168.500000158948 187.499999456329 209.499999774793 218.749999919081 220.999999902324 234.749999721655 241.250000115268 233.500000132502 -9999 -9999 210.749999713551 223.74999984749 225.000000102249 223.749999880039
-9999 -9999 -9999 -9999 -9999 -9999 -9999 -9999 -9999 -9999 -9999 -9999 -9999 -9999 -9999 -9999 -9999 -9999 -9999 -9999 129.249999932935 133.749999959475 138.749999904773 144.249999958904 140.000000110364 129.500000083345 130.99999988811 143.749999732449 168.249999645576 178.000000057095 170.500000172413 159.500000057855 175.499999505019 197.750000014656 168.250000634237 154.499999792168 161.750000134467 160.749999804535 179.999999606585 197.99999987819 205.249999800812 215.249999892072 225.749999643187 244.49999987513 231.750000518256 201.000000442381 184.499999936419 211.499999456324 227.50000003216 213.000000420713 199.499999967437 203.000000032741 196.00000003294 206.749999552785 230.499999800093 233.250000050262 221.500000269601 207.750000050843 210.75000005113 200.249999948594
-9999 -9999 -9999 -9999 -9999 -9999 -9999 -9999 -9999 -9999 -9999 -9999 -9999 -9999 -9999 -9999 -9999 -9999 -9999 -9999 126.999999946348 129.999999972982 131.999999999999 132.4999999726 133.749999958617 138.499999916662 147.74999987413 153.999999887351 162.499999914937 162.250000071362 153.500000114936 160.249999638434 186.749999723393 192.250000249117 156.500000589983 147.999999792167 157.499999880476 162.250000045112 157.749999984866 169.499999847724 184.749999647576 214.999999537455 237.249999767296 245.500000093655 213.500000659591 180.500000505571 174.749999475471 218.74999937638 231.750000080424 222.000000161815 232.249999625628 229.250000540295 206.74999985179 226.749999817808 223.750000183255 215.000000134035 203.750000286446 187.000000203344 188.749999948874 190.749999777224
-9999 -9999 -9999 -9999 -9999 -9999 -9999 -9999 -9999 -9999 -9999 -9999 -9999 -9999 -9999 -9999 -9999 -9999 -9999 -9999 126 130.499999918948 134.999999972791 138.499999890401 147.249999875843 153.499999916656 157 157.999999971838 159.749999985824 158.000000114181 146.000000086204 149.249999927689 157.249999927216 161.000000000009 153.500000088498 166.999999643709 177.500000029875 172.000000090216 162.500000181575 163.999999878181 171.249999831452 194.99999947579 221.749999705247 231.750000015615 209.250000643888 169.500000600371 173.499999205263 223.499999456331 238.999999871312 239.000000161814 225.750000276717 204.25000034383 208.749999489487 241.499999536218 255.250000049973 234.250000686934 193.750000589753 175.000000033892 178.249999948879 185.499999794363
-9999 -9999 -9999 -9999 -9999 -9999 -9999 -9999 -9999 -9999 -9999 -9999 -9999 -9999 -9999 -9999 -9999 -9999 -9999 -9999 -9999 128.999999945965 135.749999904771 141.999999917801 148.249999958614 150.999999972218 152.750000069929 152.999999971836 157.249999929114 153.250000242631 140.750000043101 -9999 149.250000101909 153.249999868118 168.499999675515 191.749999599185 201.000000239052 178.750000195471 174.25000007566 174.999999847732 178.25000010726 179.249999768726 197.749999860372 197.250000140473 185.750000329787 163.250000205388 186.749999189373 225.249999696184 239.249999823055 224.250000663441 198.500000097661 206.499999705298 228.99999960477 248.249999718419 258.250000016655 233.500000737199 191.750000556053 176.250000016946 177.249999914796 185.749999811501
-9999 -9999 -9999 -9999 -9999 -9999 -9999 -9999 -9999 -9999 -9999 -9999 -9999 -9999 -9999 -9999 -9999 -9999 -9999 -9999 -9999 125.249999905441 131.749999959188 135.999999917804 139.499999972413 143.249999958332 145.000000000003 143.999999943677 147.500000000004 138.500000199821 132.749999899433 150.499999566119 173.499999825297 179.999999912071 191.499999793503 203.499999762476 214.500000059759 200.750000165389 196.250000045388 186.75000019795 176.250000107262 168.50000009251 178.24999973627 166.000000437055 157.249999952884 160.249999826204 180.999999523162 202.999999840104 210.74999995175 206.000000194182 207.249999820949 224.499999770781 231.749999983535 227.250000049699 225.000000099964 207.000000368608 184.500000337005 178.999999864434 187.99999989775 205.999999588719
-9999 -9999 -9999 -9999 -9999 -9999 -9999 -9999 -9999 -9999 -9999 -9999 -9999 -9999 -9999 -9999 -9999 -9999 -9999 124 -9999 123.999999945965 127.499999972791 130.249999958902 131.249999986205 129.750000069453 127.250000013985 127.999999943673 129.250000099238 127.749999957185 134.999999856332 152.999999681821 172.499999825298 182.99999979484 195.249999837753 208.249999807013 209.250000134459 206.749999954886 205.25000004539 187.000000548172 160.750000045965 158.500000092506 168.749999550103 187.999999781481 209.499999717331 213.000000189603 196.000000254322 190.74999988807 193.750000048256 192.499999967632 200.249999820946 211.999999836267 203.750000378759 189.499999999994 190.250000116608 184.000000033509 187.249999848356 199.999999694986 211.500000000003 214.999999828635
-9999 -9999 -9999 -9999 -9999 -9999 -9999 -9999 -9999 -9999 -9999 -9999 -9999 -9999 -9999 -9999 -9999 -9999 -9999 123.249999960048 124 124.249999986492 125.999999918377 130.999999917804 139.249999875844 146.249999958326 144.750000069926 143.250000014077 142.999999999997 144.499999914364 149.499999971265 152.749999956613 161.249999839863 171.749999838808 183.749999808259 190.000000000006 182.250000253995 174.999999969935 173.500000090797 162.750000411138 141.000000091941 142.249999922914 160.499999348432 203.249999484904 230.249999638798 235.000000284389 200.750000588109 184.000000000005 177.250000176948 172.249999951457 175.249999918617 178.749999950889 178.499999967068 182.499999900618 172.250000316526 177.749999547632 202.499999764103 198.000000237243 196.249999880719 200.999999965733
-9999 -9999 -9999 -9999 -9999 -9999 -9999 -9999 -9999 -9999 -9999 -9999 -9999 -9999 -9999 -9999 -9999 -9999 -9999 120.500000026635 121.249999986587 120.250000067543 116.999999999999 118.249999958899 127.499999779275 142.499999833309 143.250000041955 143.249999957753 141.750000042529 140.499999999999 143.749999928163 143.500000057848 142.999999941764 150.249999838799 161.999999881997 161.000000178135 153.500000089639 147.500000030071 139.250000166444 133.749999954314 133.750000015324 143.749999768733 150.249999891404 171.749999516111 198.499999654491 202.750000268579 178.000000286102 171.000000063961 173.249999823061 188.24999972492 193.250000179057 178.250000212852 179.499999736517 189.500000132515 169.500000333188 160.999999966495 172.749999747245 180.749999915269 186.249999948877 187.499999965728
-9999 -9999 -9999 -9999 -9999 -9999 -9999 -9999 -9999 -9999 -9999 -9999 -9999 -9999 -9999 -9999 -9999 -9999 -9999 -9999 129.499999865866 131.250000067539 126.00000008162 117.250000123294 112.750000013796 117.749999847209 127.249999874129 136.499999943675 136.750000014177 134.750000014274 134.25000001437 131.250000043391 128.250000072794 125.999999941388 130.999999882009 138.749999807017 158.249999656362 171.999999879704 160.000000453937 135.000000213173 134.749999923386 145.249999707058 158.999999906915 168.999999687812 185.499999874361 185.750000047398 189.999999841047 196.250000015983 196.999999935654 206.499999741095 221.749999820951 217.500000261958 210.499999835315 219.249999983434 216.250000083288 199.000000670179 -9999 -9999 -9999 -9999
-9999 -9999 -9999 -9999 -9999 -9999 -9999 -9999 -9999 -9999 -9999 -9999 -9999 -9999 -9999 -9999 -9999 -9999 -9999 -9999 138.749999771979 142.250000067544 137.750000068021 132.000000164397 120.250000179338 111.500000083345 112.499999916082 119.499999887343 122.999999943286 121.500000057085 118.000000086198 115.499999971072 119.999999912653 126.999999853464 130.750000044252 136.9999997031 161.749999656363 183.999999639132 186.500000272367 157.000000456813 137.750000137902 142.249999676222 168.249999581135 -9999 -9999 -9999 -9999 -9999 -9999 -9999 -9999 -9999 -9999 -9999 -9999 -9999 -9999 -9999 -9999 -9999
-9999 -9999 -9999 -9999 -9999 -9999 -9999 -9999 -9999 -9999 -9999 -9999 -9999 -9999 -9999 -9999 -9999 -9999 -9999 -9999 143.249999798803 147.50000008105 141.750000040811 141.000000027397 136.500000137947 123.750000208355 117.250000041955 111.500000084487 107.75000004253 106.250000014272 108.749999899429 119.749999811983 131.4999998253 140.749999897422 143.250000044248 144.249999955464 158.999999731068 176.499999669208 -9999 -9999 -9999 -9999 -9999 -9999 -9999 -9999 -9999 -9999 -9999 -9999 -9999 -9999 -9999 -9999 -9999 -9999 -9999 -9999 -9999 -9999
-9999 -9999 -9999 -9999 -9999 -9999 -9999 -9999 -9999 -9999 -9999 -9999 -9999 -9999 -9999 -9999 -9999 -9999 -9999 -9999 143.749999718325 147.000000027016 146.749999986396 -9999 145.750000096566 -9999 -9999 -9999 -9999 -9999 -9999 -9999 -9999 -9999 -9999 -9999 -9999 -9999 -9999 -9999 -9999 -9999 -9999 -9999 -9999 -9999 -9999 -9999 -9999 -9999 -9999 -9999 -9999 -9999 -9999 -9999 -9999 -9999 -9999 -9999
