socal_rasters/bulkdensity5cm_SPHAsouth_aggfac2.asc
NCOLS 210 
NROWS 130 
XLLCORNER -119.45 
YLLCORNER 32.483333333 
CELLSIZE 0.0166666666666667 
NODATA_value -9999 
[rows 26 to 51 of 130, columns 120 to 179 of 210]
1336.50000036811 1372.99999946644 1447.74999931003 1474.49999943408 1458.75000043975 1415.00000083866 1387.74999926331 1367.50000077898 1326.50000029439 1316.49999982689 1298.50000067273 1297.74999943505 1295.50000015177 1293.25000016568 1289.49999984591 1268.49999935325 1287.24999988272 1259.50000147013 1256.49999986775 1264.0000004794 -9999 -9999 -9999 -9999 -9999 -9999 -9999 -9999 -9999 -9999 -9999 -9999 -9999 -9999 -9999 -9999 -9999 -9999 -9999 -9999 -9999 -9999 -9999 -9999 -9999 -9999 -9999 -9999 -9999 -9999 -9999 -9999 -9999 -9999 -9999 -9999 -9999 -9999 -9999 -9999
1402.49999841251 1443.99999939688 1454.00000037425 1461.49999875025 1478.25000091519 1461.49999980831 1457.99999971017 1452.5000004869 1417.25000052752 1403.25000035854 1405.49999982559 1387.25000046451 1360.75000013915 1344.000000051 1331.75000052649 1351.50000018111 1346.25000048215 1279.5000004463 1311.99999976202 1306.50000045282 1258.50000112671 -9999 -9999 -9999 -9999 -9999 -9999 -9999 -9999 -9999 -9999 -9999 -9999 -9999 -9999 -9999 -9999 -9999 -9999 -9999 -9999 -9999 -9999 -9999 -9999 -9999 -9999 -9999 -9999 -9999 -9999 -9999 -9999 -9999 -9999 -9999 -9999 -9999 -9999 -9999
1459.74999982743 1485.99999969844 1504.99999955561 1495.75000062487 1495.24999986926 1481.0000001917 1465.75000015699 1456.00000014606 1443.5000000736 1437.49999997527 1435.74999981311 1429.25000033895 1404.75000018973 1402.50000040783 1359.25000196462 1359.24999934032 1335.75000100336 1285.75000001315 1318.74999921989 1341.25000022641 1298.75000108646 1277.74999987842 -9999 -9999 -9999 -9999 -9999 -9999 -9999 -9999 -9999 -9999 -9999 -9999 -9999 -9999 -9999 -9999 -9999 -9999 -9999 -9999 -9999 -9999 -9999 -9999 -9999 -9999 -9999 -9999 -9999 -9999 -9999 -9999 -9999 -9999 -9999 -9999 -9999 -9999
1477.24999991947 1478.75000005801 1476.25000003509 1482.99999978777 1501.74999996434 1494.00000031151 1475.25000001208 1461.74999998783 1448.50000004907 1439.25000045743 1439.99999935216 1469.75000021342 1456.74999993675 1435.24999996177 1427.99999984593 1403.50000015523 1362.00000046912 1326.50000047256 1333.24999993391 1343.50000042617 1306.50000088527 1291.25000117525 1276.49999942863 1303.74999965752 -9999 -9999 -9999 -9999 -9999 -9999 -9999 -9999 -9999 -9999 -9999 -9999 -9999 -9999 -9999 -9999 -9999 -9999 -9999 -9999 -9999 -9999 -9999 -9999 -9999 -9999 -9999 -9999 -9999 -9999 -9999 -9999 -9999 -9999 -9999 -9999
1442.99999972391 1508.49999974483 1496.75000054964 1476.00000023579 1468.99999945326 1491.99999942491 1482.50000026568 1470.74999984176 1454.50000041709 1446.9999999011 1447.49999972592 1460.99999974893 1451.25000036684 1449.75000011471 1441.25000032101 1445.75000019402 1433.25000019544 1417.7500005119 1392.749999881 1395.25000078573 1369.50000008047 1353.25000025666 1355.24999955106 1351.50000013701 1315.00000011039 1236.75000204192 -9999 -9999 -9999 -9999 -9999 -9999 -9999 -9999 -9999 -9999 -9999 -9999 -9999 -9999 -9999 -9999 -9999 -9999 -9999 -9999 -9999 -9999 -9999 -9999 -9999 -9999 -9999 -9999 -9999 -9999 -9999 -9999 -9999 -9999
1471.49999986196 1485.49999960563 1493.24999987135 1483.75000003537 1453.00000035657 1464.99999964056 1493.24999989131 1453.000000779 1455.49999980372 1463.00000027199 1443.24999986296 1447.9999996987 1444.75000021505 1443.2499998853 1439.99999989728 1479.49999992239 1446.25000102942 1436.99999981624 1417.75000051567 1399.25000113201 1359.74999971833 1383.999999973 1362.00000084344 1304.00000027398 1290.50000002759 1255.99999977775 1265.99999916085 -9999 -9999 -9999 -9999 -9999 -9999 -9999 -9999 -9999 -9999 -9999 -9999 -9999 -9999 -9999 -9999 -9999 -9999 -9999 -9999 -9999 -9999 -9999 -9999 -9999 -9999 -9999 -9999 -9999 -9999 -9999 -9999 -9999
1471.00000025307 1471.50000016238 1469.9999997661 1464.49999969346 1459.25000022583 1468.99999976038 1466.49999944448 1467.00000034082 1466.74999988958 1468.75000003708 1454.99999985049 1451.75000028874 1457.74999963316 1468.49999989803 1464.25000003851 1480.24999983184 1477.25000014333 1474.74999998687 1476.25000027765 1446.25000054602 1412.00000040239 1387.25000131035 1303.75000072099 1281.75000036988 1297.75000017931 1313.74999993054 1310.50000005595 1282.00000092937 -9999 -9999 -9999 -9999 -9999 -9999 -9999 -9999 -9999 -9999 -9999 -9999 -9999 -9999 -9999 -9999 -9999 -9999 -9999 -9999 -9999 -9999 -9999 -9999 -9999 -9999 -9999 -9999 -9999 -9999 -9999 -9999
1468.50000009202 1462.99999969842 1473.74999996492 1480.99999978776 1475.99999995246 1466.49999995208 1465.00000028983 1468.99999992697 1460.50000053978 1482.49999980219 1471.000000299 1474.74999973637 1471.24999981025 1475.25000016569 1472.99999984591 1472.24999952139 1491.50000023455 1490.49999968497 1488.00000031733 1457.49999978692 1434.2500005231 1420.24999990544 1413.0000002449 1397.25000017811 1397.0000008829 1323.25000109737 1263.75000076924 1249.74999939448 1281.74999964554 1225.75000181259 -9999 -9999 -9999 -9999 -9999 -9999 -9999 -9999 -9999 -9999 -9999 -9999 -9999 -9999 -9999 -9999 -9999 -9999 -9999 -9999 -9999 -9999 -9999 -9999 -9999 -9999 -9999 -9999 -9999 -9999
1464.0000003451 1474.2499999188 1480 1473.7499998703 1465.00000016639 1462.49999990416 1461.00000019322 1467.99999963483 1484.24999952156 1459.00000059343 1469.49999987542 1474.50000047706 1462.0000002024 1460.75000008921 1477.24999965332 1444.00000064675 1421.99999992182 1444.99999950121 1454.74999998678 1437.74999974696 1451.00000005365 1420.25000028368 1401.5000002177 1414.74999927395 1421.00000088287 1398.25000051394 1352.75000110487 1268.25000083079 1234.50000119086 1194.25000029972 1175.00000022986 -9999 -9999 -9999 -9999 -9999 -9999 -9999 -9999 -9999 -9999 -9999 -9999 -9999 -9999 -9999 -9999 -9999 -9999 -9999 -9999 -9999 -9999 -9999 -9999 -9999 -9999 -9999 -9999 -9999
1469.25000012654 1460.7499998492 1470.50000004678 1461.25000003538 1485.50000004755 1491.74999972444 1488.50000014491 1484.24999969571 1481.74999991412 1464.99999987636 1462.49999977573 1463.00000015064 1450.25000016444 1453.74999945196 1474.00000007704 1450.00000015521 1455.49999997394 1450.99999986874 1464.49999989422 1454.2500002264 1451.00000024144 1423.25000066193 1401.00000051696 1410.000000137 1420.49999988963 1414.50000019447 1405.00000061539 1365.00000033798 1307.75000052456 1273.50000062802 1225.2500006178 1214.24999946489 1221.00000023292 -9999 -9999 -9999 -9999 -9999 -9999 -9999 -9999 -9999 -9999 -9999 -9999 -9999 -9999 -9999 -9999 -9999 -9999 -9999 -9999 -9999 -9999 -9999 -9999 -9999 -9999 -9999
1453.00000006903 1462.24999980281 1491.50000049118 1476.49999995285 1485.74999977418 1497.2500000599 1492.25000051929 1481.00000017043 1451.00000012268 1465.99999945602 1476.00000007474 1453.75000048959 1442.24999993675 1463.49999966864 1467.00000020545 1453.75000006468 1455.00000020849 1458.25000027565 1466.749999643 1466.75000011986 1463.50000045604 1458.75000009457 1428.00000040813 1422.0000001096 1404.00000005519 1411.00000016669 1372.75000068532 1338.00000047877 1299.50000082224 1291.49999999997 1308.00000045976 1260.74999978305 1237.50000043672 1241.74999980949 1236.50000085547 -9999 -9999 -9999 -9999 -9999 -9999 -9999 -9999 -9999 -9999 -9999 -9999 -9999 -9999 -9999 -9999 -9999 -9999 -9999 -9999 -9999 -9999 -9999 -9999 -9999
1466.00000057518 1455.00000006959 1482.49999964917 1487.49999978779 1493.25000010697 1490.5 1484.50000002415 1458.25000045036 1460.99999960745 1456.74999969093 1464.50000004984 1481.24999958572 1483.25000001265 1494.24999950294 1505.24999998716 1489.75000029751 1480.00000046911 1448.50000002625 1443.74999977522 1479.2499998535 1463.75000036216 1449.00000002701 1445.75000004081 1444.99999986301 1427.75000067596 1413.00000022225 1409.24999990209 1372.0000006759 1332.25000066632 1340.74999984299 1301.75000058907 1277.75000094008 1271.49999973797 1274.25000004397 1264.75000025073 1255.50000017814 1263.74999935756 -9999 -9999 -9999 -9999 -9999 -9999 -9999 -9999 -9999 -9999 -9999 -9999 -9999 -9999 -9999 -9999 -9999 -9999 -9999 -9999 -9999 -9999 -9999
1458.74999994249 1461.5000000696 1471.00000002341 1480.00000009433 1459.50000023771 1456.99999971246 1458.99999990338 1474.99999951312 1474.50000026988 1478 1459.50000034885 1446.99999957318 1467.5000003036 1487.24999996177 1495.24999967899 1504.49999989652 1487.5000002606 1474.25000011813 1484.25000009256 1485.24999988014 1487.50000005366 1448.50000005402 1446.7499999864 1443.25000017809 1437.75000028969 1423.24999998611 1384.75000113287 1368.49999901429 1362.74999998581 1365.00000051381 1334.50000106317 1327.50000008675 1355.50000005822 1298.25000013188 1292.4999996755 1353.49999994059 1334.0000000896 1318.00000048113 1249.75000062039 -9999 -9999 -9999 -9999 -9999 -9999 -9999 -9999 -9999 -9999 -9999 -9999 -9999 -9999 -9999 -9999 -9999 -9999 -9999 -9999 -9999
1476.99999958587 1464.75000012759 1463.25000012864 1451.50000007074 1434.74999986926 1452.99999995208 1444.25000003622 1469.49999970785 1476.50000078511 1458.24999991346 1458.25000011213 1436.75000023854 1447.99999939283 1445.25000047157 1420.49999979457 1434.25000014227 1470.24999954391 1496.24999964559 1504.75000025122 1478.25000019976 1477.75000017437 1453.7499998514 1460.4999999728 1447.00000065758 1441.49999947579 1447.75000084733 1410.25000079721 1383.25000007042 1403.25000009925 1399.25000035682 1362.74999975575 1386.99999904546 1386.50000128113 1329.74999966297 1328.75000045725 1413.25000031175 1415.0000001793 1354.75000139835 1299.74999953093 1336.9999988732 1326.75000090404 -9999 -9999 -9999 -9999 -9999 -9999 -9999 -9999 -9999 -9999 -9999 -9999 -9999 -9999 -9999 -9999 -9999 -9999 -9999
1444.50000029908 1456.24999982602 1475.50000021051 1444.25000041265 1444.4999998336 1437.0000001917 1457.99999980676 1449.74999989045 1462.0000003435 1451.75000045743 1450.74999998754 1439.25000069047 1452.24999948137 1443.75000001274 1445.99999964046 1462.74999975424 1472.24999925724 1483.75000027565 1484.25000019833 1468.75000006658 1471.99999997317 1478.75000012157 1467.2500000136 1477.74999943832 1475.75000056559 1466.2500002917 1469.74999976222 1453.50000042242 1446.5000001134 1431.50000071362 1392.75000067524 1393.24999914669 1416.00000029116 1388.99999991208 1381.00000020648 1366.74999951012 1416.24999926792 1427.25000016539 1393 1392.50000103544 1373.49999981611 1375.24999949118 1391.00000031026 -9999 -9999 -9999 -9999 -9999 -9999 -9999 -9999 -9999 -9999 -9999 -9999 -9999 -9999 -9999 -9999 -9999
1458.99999993098 1447.24999994201 1439.25000017541 1434.24999963451 1437.25000027337 1432.49999983227 1444.75000001206 1442.74999984175 1468.00000022081 1461.25000028435 1455.00000017442 1462.75000033896 1443.50000012649 1443.00000025491 1455.75000003851 1476.24999972836 1475.75000019545 1468.7500003544 1471.50000005288 1480.49999968038 1476.5000005097 1479.74999977035 1473.24999982314 1461.25000036989 1466.50000005518 1449.75000023614 1463.50000013985 1472.49999912694 1474.75000058126 1487.75000027119 1443.25000033045 1422.99999973967 1440.74999919931 1440.75000004397 1441.5000000295 1404.50000050473 1398.4999998506 1402.00000009022 1410.50000006053 1409.2499997107 1426.24999973953 1429.99999975333 1436.75000017066 1428.75000017171 1434.00000018847 1452.4999999684 -9999 -9999 -9999 -9999 -9999 -9999 -9999 -9999 -9999 -9999 -9999 -9999 -9999 -9999
1464.00000000001 1431.50000037117 1427.24999959069 1437.49999983494 1443.00000016639 1446.75000027556 1432.24999957731 1455.49999958614 1466.25000006132 1464.0000003956 1456.99999997507 1463.749999887 1471.50000020238 1453.4999999745 1457.74999960194 1478.9999996378 1478.50000086003 1485.74999943558 1488.99999984134 1492 1490.74999979879 1484.50000027016 1474.99999994558 1462.50000030139 1469.4999997241 1486.50000016668 1489.49999994405 1478.50000014082 1469.25000007089 1472.25000004282 1466.99999979885 1446.50000020247 1442.74999992721 1445.49999982415 1411.000000059 1437.24999936165 1438.25000019421 1431.50000003006 1424.25000043881 1448.24999952796 1466.25000010725 1460.24999989207 1467.25000017064 1465.25000007804 1466.75000010992 1459.2499999526 1451.75000017484 -9999 -9999 -9999 -9999 -9999 -9999 -9999 -9999 -9999 -9999 -9999 -9999 -9999
1433.49999988497 1440.5000000232 1449.9999997895 1449.25000024759 1448.74999929875 1489.00000011981 1449.75000039854 1458.49999985394 1480.99999975465 1483.74999986401 1467.50000069768 1455.25000006277 1461.00000000001 1462.7499998853 1456.49999971752 1463.50000002588 1480.25000019544 1460.00000013125 1473.00000031732 1480.00000050607 1485.49999940982 1499.2499998514 1508.99999980954 1501.75000023289 1489.50000041386 1480.5000001667 1493.25000040559 1471.75000074631 1469.24999973065 1490.25000018554 1479.75000007183 1475.74999952274 1458.5000008735 1442.49999994139 1453.74999969027 1460.99999955466 1458.49999970119 1468.00000009022 1466.7499998033 1462.49999917774 1486.49999993871 1485.49999996916 1468.74999995347 1472.24999995318 1476.74999992148 1475.5000001896 1480.99999990463 1462.24999963223 1493.49999945309 1513.24999975727 -9999 -9999 -9999 -9999 -9999 -9999 -9999 -9999 -9999 -9999
1438.49999986196 1442.24999984921 1444.99999992983 1467.49999969346 1485.24999944137 1503.74999989217 1490.75000054344 1466.7500000852 1470.00000004907 1479.74999996291 1487.99999977575 1499.99999997489 1489.00000073367 1462.75000006373 1460.49999969184 1477.0000004398 1454.50000013031 1441.50000013127 1486.74999993389 1506.49999994673 1502.75000001342 1495.74999993246 1497.7500000136 1505.2499999315 1506.25000004139 1496.50000041673 1478.00000025175 1469.24999995775 1483.25000038278 1480.24999970027 1463.25000041665 1477.74999952273 1487.50000002912 1420.00000211021 1413.74999862831 1395.25000206349 1418.99999790834 1393.49999939855 1458.2499998941 1478.50000003045 1483.74999973952 1485.99999993833 1478.49999956561 1471.75000026536 1462.50000009424 1472.49999911524 1493.49999949138 1505.49999980811 1498.75000027345 1485.50000009709 1498.24999939775 -9999 -9999 -9999 -9999 -9999 -9999 -9999 -9999 -9999
1443.24999987346 1471.74999982603 1462.74999982458 1479.50000009433 1474.24999967908 1498.50000014377 1469.25000035021 1448.25000001218 1460.50000009814 1457.75000018544 1474.24999958886 1488.00000072814 1480.49999999999 1455.99999977059 1445.49999953773 1462.7499999612 1483.99999989577 1488.49999918619 1498.50000002645 1499.5000005327 1470.50000013413 -9999 1488.50000010883 1501.9999998356 1502.74999993103 1499.00000022226 1476.00000016784 1475.9999999155 1478.99999971645 1491.24999972882 1479.50000089077 1450.75000059297 1413.25000144127 1369.24999992677 1386.50000097345 1388.9999996734 1368.5000001195 1388.49999870688 1404.00000030264 1412.24999913207 1417.99999984677 1435.99999996915 1431.25000054297 1422.75000010926 1438.24999982725 1442.74999951021 1484.00000003177 1482.49999984008 1479.75000072385 1485.24999927182 1488.00000016277 1478.00000006549 -9999 -9999 -9999 -9999 -9999 -9999 -9999 -9999
1459.9999993558 1484.99999995361 1481.74999984797 1473.00000002357 1483.50000002376 1492.74999986821 1473.50000004829 1459.74999998783 1473.49999955837 1489.25000065523 1469.25000013704 1475.49999982424 1475.0000001771 1477.25000029314 1456.2499996533 1472.25000014229 1483.50000023457 -9999 1507.50000021156 1497.25000054603 1457.49999916841 1474.49999916246 -9999 -9999 1498.99999966892 1507.49999994444 1497.75000068532 1475.25000029571 1476.99999988659 1483.74999987154 1465.75000015803 1425.50000049173 1415.50000014558 1392.00000049823 1387.49999941001 1377.50000023753 1357.49999949202 1366.99999960906 1343.75000146775 1368.49999823363 1397.2500005363 1374.75000016962 1353.25000007759 1361.99999921956 1382.49999956028 1427.24999960503 1441.49999993644 1448.99999936039 1478.74999975872 1491.74999988671 1475.24999991861 1480.74999942696 -9999 -9999 -9999 -9999 -9999 -9999 -9999 -9999
1441.74999879211 1482.74999973322 1495 1486.25000034191 1485.24999986926 1489.00000007189 1489.74999977054 1493.25000001217 1498.74999961971 1503.00000014836 1504.75000003738 1491.50000005022 1481.75000061982 1468.24999993626 1468.99999915252 -9999 -9999 -9999 1477.74999919346 1487.25000134508 1487.49999908793 1498.00000016209 1487.25000017684 1487.00000021919 1485.49999975169 1490.50000041671 1488.25000020979 1464.99999918325 1479.50000011342 1457.25000104188 1431.25000053156 1429.25000047726 1389.2500004804 1392.50000023446 1394.99999991151 1365.75000054928 1345.25000046315 1361.75000007517 1349.00000060525 1354.99999999998 1356.74999995401 1328.75000038544 1301.99999975179 1331.749999641 1340.4999994032 1380.25000033177 1401.49999891915 1418.25000030379 1431.49999906702 1447.74999972492 1479.24999930008 1477.00000006549 1463.00000039523 -9999 -9999 -9999 -9999 -9999 -9999 -9999
-9999 -9999 1455.74999844466 1476.99999936335 1489.49999997623 1490.49999997604 1490.00000016907 1489.50000014606 1489.74999979146 1509.24999996291 1507.50000007475 1505.24999993723 1497.00000035419 1495.50000002549 1490.50000005136 1471.00000152634 -9999 1485.99999971122 1498.99999960334 1494.75000014649 1487.25000006707 1482.74999979738 1483.50000032649 1482.49999969861 1495.50000011036 1479.0000004445 1476.49999983216 1457.25000088714 1424.75000046782 1399.75000024264 1365.25000050286 1355.74999946489 1372.25000018926 1379.49999956038 1372.50000120948 1352.2499998664 1337.00000005975 1309.00000099237 1279.50000045394 1275.50000045681 1254.25000072017 1245.50000030837 1216.00000003103 1184.50000006248 1239.24999712608 1250.00000104277 1290.7499995391 1334.7499996962 1333.74999776411 1411.49999867312 1441.75000011394 1481.74999962343 1483.24999922599 -9999 -9999 -9999 -9999 -9999 -9999 -9999
1481.50000002303 1439.25000031322 1474.24999989476 1492.49999990568 1491.50000002378 1486.00000033547 1465.25000049512 1469.49999999999 1485.75000008588 1483.49999957966 1496.74999998754 1498.25000001255 1489.4999999241 1489.0000002549 1498.24999970468 1500.50000056915 1492.24999972636 1504.25000006563 1482.25000014543 1491.75000006659 1485.50000024144 1488.49999972983 1464.00000133321 1412.50000057538 1472.75000042765 1477.25000029171 1478.24999998601 1469.50000061959 1441.50000059547 1422.000000628 1374.00000080458 1358.50000000001 1361.25000030573 1372.24999989742 1366.49999976402 1357.49999931713 1371.75000034364 1342.25000058642 1275.50000009079 1251.50000018272 1261.74999980082 1243.49999969165 1246.00000006207 1228.75000035902 1171.75000058106 1179.50000037915 1173.75000004765 1211.24999908853 1272.49999842358 1344.74999894818 1374.74999819323 1434.99999914862 1498.50000019763 1468.75000071223 -9999 -9999 -9999 -9999 -9999 -9999
1508.74999989647 1496.49999974482 1474.50000002339 1494.25000001179 1495.99999978606 1473.00000045527 1496.49999973431 1487.75000015822 1493.5 1484.49999987637 1494.24999996262 1501.4999999749 1481.25000074632 1484.50000010196 1513.25000001284 1506.25000042685 1495.0000001303 1480.00000031503 1469.49999978844 1492.99999965374 1493.49999986587 1496.99999989193 1503.75000014965 1461.75000050688 1428.49999679955 1481.00000019447 1487.5000001958 1474 1474.00000025518 1479.74999992864 1449.50000068962 1423.00000060742 1406.75000027657 1436.24999901814 1432.50000061946 1375.25000057896 1377.00000002988 1355.00000126304 1289.5000008171 1270.49999999999 1232.50000070484 1252.24999942953 1270.99999990693 1252.00000093655 1167.00000119358 1126.00000097956 1087.24999852179 1162.74999736163 1244.99999971046 1284.99999906147 1375.4999983723 1439.49999980353 1467.74999892957 1480.00000013251 -9999 -9999 -9999 -9999 -9999 -9999
1443.00000011501 1469.74999980281 1488.2500004093 1455.99999990568 1476.99999952458 1495.74999979633 1500.24999981885 1491.75000035298 1499.99999977919 1493.50000004945 1492.74999996262 1501.24999986191 1490.50000070838 1482.99999979609 1502.00000046225 1491.75000001293 1474.75000129003 1484.2499996981 1501.99999965623 1476.00000090559 1493.00000034875 1497.49999956772 1487.50000073462 1474.00000046578 1470.24999893778 1487.74999976386 1488.74999979021 1478.50000011266 1479.50000019848 1464.7500000999 1459.49999991379 1472.74999911778 1495.74999995632 1491.25000051289 1456.99999991149 1448.50000080164 1406.00000026894 1339.50000180433 1278.75000065065 1252.0000001218 1261.50000021451 1240.99999922909 1237.25000035682 1200.00000059316 1185.99999987439 1167.50000022121 1160.2500000159 1212.74999931243 1261.99999871314 1280.50000032365 1327.24999822578 1399.24999805166 1474.74999948949 1463.75000071224 1441.25000068302 -9999 -9999 -9999 -9999 -9999
