socal_rasters/bulkdensity5cm_SPHAsouth_aggfac2.asc
NCOLS 210 
NROWS 130 
XLLCORNER -119.45 
YLLCORNER 32.483333333 
CELLSIZE 0.0166666666666667 
NODATA_value -9999 
[rows 104 to 129 of 130, columns 120 to 179 of 210]
-9999 -9999 -9999 -9999 -9999 -9999 -9999 -9999 -9999 -9999 -9999 -9999 1325.74999930426 1378.99999951571 1394.74999960196 1391.99999989652 1413.49999999999 1426.49999997375 1428.50000013221 1416.00000007991 1409.24999995975 1404.99999989193 1417.49999975513 1437.2499998767 1406.49999988964 1446.75000012501 1414.50000075524 1421.74999973244 1423.75000041114 1397.00000068508 1455.74999863511 1419.75000186566 1384.99999994176 1382.50000041032 1360.74999954276 1377.00000020782 1383.49999970119 1378.00000036086 1368.74999974275 1358.24999934523 1319.24999633791 1385.25000038544 1360.50000021718 1378.99999950051 1363.50000053396 1342.75000058457 1325.74999998409 1337.24999998399 1352.75000082037 1343.50000016182 1302.75000060226 1295.74999968893 1305.74999991766 1305.50000003312 1353.4999996335 1295.2500005529 1289.50000020219 1291.0000007795 1317.74999984664 1309.25000005142
-9999 -9999 -9999 -9999 -9999 -9999 -9999 -9999 -9999 -9999 -9999 -9999 1353.74999978496 1377.49999979609 1390.49999997432 1396.5 1407.24999949179 1424.50000028877 1426.00000000001 1441.99999986683 1447.00000016096 1444.50000051333 1432.25000004081 1427.24999998629 1434.74999957236 1424.00000052784 1439.50000011189 1444.99999991552 1417.00000073721 1419.49999937201 1450.49999979886 1461.5000010124 1416.00000043675 1395.25000033705 1408.49999941003 1426.99999982187 1391.25000073206 1402.99999954892 1404.50000051447 1402.00000018272 1339.49999813063 1349.50000101756 1335.00000096183 1331.24999979709 1342.24999857087 1354.24999925744 1349.25000039735 1335.25000075153 1319.99999983915 1306.50000006473 1308.49999879549 1355.74999919776 1346.50000111984 1282.24999985092 1305.25000041646 1301.99999932981 1292.75000082566 1249.25000045753 1271.24999821068 1311.74999974296
-9999 -9999 -9999 -9999 -9999 -9999 -9999 -9999 -9999 -9999 -9999 -9999 1354.74999932958 1379.74999983432 1395.74999957626 1434.99999987064 1413.50000031274 1442.4999995012 1466.74999974877 1462.2500007591 1454.50000008049 1442.75000006754 1427.25000028567 1427.74999954791 1439.24999940681 1450.00000047228 1436.24999948251 1441.24999976062 1443.00000022683 1432.49999985728 1452.50000031607 1464.24999937811 1457.00000043675 1428.99999938453 1446.49999976401 1424.50000032659 1414.49999982071 1395.00000078185 1361.75000065061 1301.74999876656 1379.75000065887 1354.50000040086 1307.00000127212 1277.49999990636 1312.74999954456 1316.75000042657 1293.24999982516 1325.99999968019 1341.49999929223 1361.00000113271 1340.99999928381 1363.2500009005 1365.49999894603 1323.75000183854 1306.49999916704 1342.49999912876 1330.00000111211 1277.50000115231 1264.99999931836 1299.74999888611
-9999 -9999 -9999 -9999 -9999 -9999 -9999 -9999 -9999 -9999 -9999 -9999 1360.24999950667 1381.49999943921 1395.49999976887 1406.74999965075 1453.24999996091 1463.00000007875 1439.50000007932 1445.24999958716 1440.75000004024 1437.99999967579 1433.49999986396 1425.99999917803 1437.49999991723 1452.50000033336 1447.25000001398 1459.25000032388 1461.25000009923 1459.74999995718 1446.74999987069 1459.99999979752 1450.74999975251 1390.00000205158 1432.74999939527 1445.25000096492 1414.0000005976 1401.99999981954 1380.75000086249 1351.99999954319 1377.24999931047 1366.25000090966 1322.25000150483 1313.99999900102 1359.99999805265 1402.2500000158 1384.00000038148 1337.00000015989 1308.00000086862 1347.24999833329 1421.00000022788 1345.75000250499 1324.499999473 1323.50000056317 1315.24999971681 1337.75000008377 1311.50000171872 1258.00000010168 1305.49999965919 1275.00000020561
-9999 -9999 -9999 -9999 -9999 -9999 -9999 -9999 -9999 -9999 1339.24999889118 1338.25000008786 1354.49999964581 1382.24999980884 1393.00000002568 1400.99999968955 1411.99999986969 1434.74999993437 1436.5 1430.25000006659 1425.9999997854 1436.74999987843 1430.00000019045 1410.75000067127 1421.74999990345 1436.24999984721 1439.5000008951 1456.99999994367 1460.24999958886 1440.50000054236 1430.24999981323 1433.50000020248 1438.75000013103 1433.25000024913 1416.99999988202 1392.50000005937 1403.74999968623 1390.2499992933 1405.50000045394 1377.50000006091 1413.24999961694 1412.00000058588 1390.50000071361 1369.74999945367 1389.4999996231 1416.74999963663 1379.00000108083 1370.75000036778 1343.750000563 1331.00000038836 1316.7500006674 1266.00000121158 1249.99999990118 1270.24999912211 1328.99999843404 1363.00000207756 1297.0000003033 1269.00000003389 1301.74999858561 1259.00000116529
-9999 -9999 -9999 -9999 -9999 -9999 -9999 -9999 -9999 -9999 -9999 1381.99999984936 1393.25000008856 1387.24999970686 1409.50000017977 1409.00000020697 1414.75000006516 1419.24999951433 1420.50000021156 1406.50000061261 1405.99999983904 1413.49999978386 1432.25000012243 1404.24999993151 1369.2500009243 1364.24999904153 1426.74999970629 1444.49999966204 1474.99999980152 1459.50000034255 1433.50000017241 1441.74999963843 1441.0000003494 1402.75000124559 1351.24999948379 1395.24999906477 1403.50000017928 1398.00000069166 1381.75000019671 1381.49999951275 1408.24999992339 1412.50000006168 1392.75000060503 1384.75000007804 1351.00000100508 1322.24999995259 1317.25000061988 1296.24999985609 1317.50000041824 1345.00000090617 1297.00000061853 1281.49999983628 1280.75000146568 1282.99999940372 1348.24999875059 1375.2500009215 1315.50000047181 1286.7500005931 1248.50000010226 1226.2499992974
-9999 -9999 -9999 -9999 -9999 -9999 -9999 -9999 -9999 -9999 -9999 1384.2499998368 1395.0000001265 1374.75000019118 1403.49999943502 1406.49999989652 1411.00000002606 1413.74999967185 1420.2499996959 1409.00000042617 1397.99999994635 1401.24999955422 1405.75000025848 1407.2500000685 1408.00000005518 1408.24999951383 1428.24999976224 1426.50000028163 1455.24999922026 1463.25000007137 1452.50000020114 1443.24999995661 1443.2499997234 1439.00000029307 1413.25000007374 1391.99999997032 1412.49999994023 1431.50000033079 1375.0000004237 1365.2499996498 1387.00000024518 1372.00000018503 1347.49999996898 1369.50000003121 1352.75000004709 1352.4999997472 1325.75000046093 1319.99999955228 1333.50000028954 1309.24999995146 1282.0000003581 1258.99999941059 1269.74999988471 1291.99999857553 1330.74999955021 1306.50000023457 1330.74999934287 1295.50000061004 1260.25000005113 1270.24999809785
-9999 -9999 -9999 -9999 -9999 -9999 -9999 -9999 -9999 -9999 -9999 -9999 1365.00000025298 -9999 1336.74999785563 1396.00000002587 1396.24999983061 1404.25000032816 1408.99999978845 1390.24999972033 1396.24999993293 1407.99999962176 1410.50000008163 1400.2499999589 1403.74999995861 1418.2499997083 1421.49999994405 1422.75000004225 1441.49999943292 1449.00000017127 1446.99999965518 1439.99999965289 1440.49999976707 1435.24999978019 1418.75000007375 1411.75000001485 1456.49999973107 1426.50000069165 1397.24999934935 1381.50000091361 -9999 1348.25000029295 1327.9999992243 1372.74999929761 1359.000000691 1335.99999971562 1364.00000003178 1365.74999956827 1330.00000077212 1316.74999978963 1278.74999943029 1254.25000060578 1252.99999897899 1285.99999910557 1319.9999989005 1310.5000006702 1295.99999909009 1310.75000164375 1272.0000005794 1263.24999953732
-9999 -9999 -9999 -9999 -9999 -9999 -9999 -9999 -9999 -9999 -9999 -9999 -9999 -9999 1345.24999885719 1383.74999988359 1396.75000045608 1391.74999961935 1399.75000027767 1399.99999997336 1401.00000016096 1393.74999971632 1405.24999993198 1402.25000034249 1413.49999988964 1410.75000020836 1400.00000016784 1405.50000005632 1408.2499994471 1424.49999997146 1434.4999999138 1432.75000013016 1432.99999976706 1431.0000000293 1387.00000165196 1345.4999978623 1403.50000080681 1380.99999963916 1379.99999987899 1368.0000006091 1378.99999966289 1372.75000044711 1298.50000034128 1316.49999981269 1352.74999979585 1357.74999947862 1387.74999998409 1344.75000126323 1355.74999959785 1300.50000090616 1276.50000071619 1273.74999932872 1328.49999963768 1310.25000044721 1364.74999928366 1367.50000013404 1314.24999954504 1371.49999888158 1345.50000081795 1321.49999931453
-9999 -9999 -9999 -9999 -9999 -9999 -9999 -9999 -9999 -9999 -9999 -9999 1309.75000102463 1330.74999973237 1359.24999944787 1369.74999993533 1368.75000001305 1379.99999984249 1400.49999976201 1418.99999962711 1420.25000014755 1407.25000020264 1403.49999997279 1401.99999991781 1410.50000005518 1401.00000025003 1403.00000000001 1408.24999981694 1415.00000000001 1423.99999980019 1447.24999984197 1444.00000014463 1439.24999975251 1418.5000011137 1364.25000030975 1294.25000028205 1317.50000023907 1291.49999978951 1291.75000089277 1317.99999914728 1369.24999964756 1387.75000007709 1338.00000034129 1351.4999996566 1341.99999981157 1358.5000000632 1357.50000095367 1343.74999985609 1369.25000114209 1319.25000072818 1296.74999985351 1283.50000108062 1304.74999889663 1317.00000023188 1317.74999855065 1355.00000083772 1339.74999903954 1405.99999966109 1358.25000185747 1358.74999946877
-9999 -9999 -9999 -9999 -9999 -9999 -9999 -9999 -9999 -9999 -9999 -9999 1378.24999998735 1380.2500001147 1385.99999938365 1420.00000020696 1414.00000007818 1396.00000002625 1402.25000003966 1407.50000007991 1415.49999975857 1414.74999993245 1425.24999971431 1424.0000000822 1425.24999990343 1418.25000004167 1417.00000002797 1421.2499998451 1426.7499998157 1427.74999981445 1440.75000035918 1428.50000005786 1426.50000026205 1420.24999995605 1392.49999979351 1399.25000022266 1353.50000014935 1356.0000000902 1341.74999992434 1313.75000086795 1268.24999946374 1313.99999935244 1317.24999837111 1300.75000088973 1344.00000018846 1361.50000000003 1369.99999974568 1385.74999985609 1378.75000004824 1368.00000055015 1348.50000100917 1273.50000117882 1245.74999965417 1269.24999932089 1293.74999995001 1315.24999921251 1312.99999999999 1415.74999815293 1406.50000177227 1359.49999958871
-9999 -9999 -9999 -9999 -9999 -9999 -9999 -9999 -9999 -9999 -9999 -9999 1368.74999927897 1358.49999987254 -9999 -9999 1382.00000020848 1398.24999993437 1399.74999966945 1413.49999973365 1411.99999983905 1423.75000006754 1419.99999972792 1426.99999967122 1425.24999993103 1426.25000006946 1426.5000001119 1406.74999964797 1428.49999985823 1423.50000094198 1405.24999995689 1412.25000024586 1390.00000014554 1399.49999929659 1426.49999964602 1445.24999989608 1400.50000041834 1396.74999950381 1392.00000078686 1320.75000126386 1342.75000065889 1329.74999986125 1329.75000048093 1295.75000088973 1301.49999930901 1342.99999946282 1416.74999938011 1385.00000028782 1417.74999953352 1387.25000053399 1380.74999991861 1349.75000116246 1264.4999999012 1275.74999998344 1309.49999870059 1364.25000045238 1350.00000000002 1414.99999942386 1415.75000103952 1424.25000015424
-9999 -9999 -9999 -9999 -9999 -9999 -9999 -9999 -9999 -9999 -9999 -9999 1320.00000174563 -9999 1387.74999980737 -9999 -9999 1390.24999925182 1412.24999985455 1398.75000081237 1412.75000014755 1421.99999913546 1414.00000016325 1418.4999999178 1416.24999990344 1425.25000001389 1439.24999948252 1445.75000018306 -9999 1400.75000049955 1346.75000090515 1373.74999932026 1422.99999979619 1426.49999932591 1456.74999957227 1453.50000074226 1419.00000026894 1403.00000039094 1397.24999968225 1391.000000335 1346.50000021452 1325.75000004625 1316.50000031028 1311.75000051511 1336.99999962309 1320.50000018959 1354.74999918938 1398.49999968019 1412.24999985523 1393.00000100325 1372.75000030925 1339.00000062214 1306.74999998352 1320.74999975152 1351.2499979176 -9999 1432.25000001685 1400.25000015251 1456.99999911386 1416.25000049696
-9999 -9999 -9999 -9999 -9999 -9999 -9999 -9999 -9999 -9999 -9999 -9999 -9999 -9999 -9999 -9999 1347.24999993485 -9999 -9999 1385.25000051938 1402.24999995975 1411.49999989193 1419.00000065299 1403.2500001781 1410.49999961375 1416.75000006945 1420.50000050351 -9999 1405.0000006805 1377.75000004282 1351.49999928165 1389.74999960952 1427.75000039308 1405.49999999999 1404.49999911502 1431.00000002969 1419.7499997759 1418.7499997444 1410.24999959145 1401.75000041113 1361.99999917259 1366.74999949121 1354.00000071363 1318.00000034343 1317.74999998432 1360.74999925743 1361.74999992053 1345.7500005916 1409.24999927613 1404.75000014564 1392.74999982096 1379.50000094962 1336.00000042818 1367.24999978468 -9999 -9999 1427.74999826448 1446.75000059312 1438.99999792097 1431.50000017136
-9999 -9999 -9999 -9999 -9999 -9999 -9999 -9999 -9999 -9999 -9999 -9999 -9999 -9999 -9999 -9999 -9999 -9999 -9999 -9999 1393.25000033533 1410.74999990545 1413.9999996735 1409.2499999589 1413.50000008277 1426.49999991665 1434.74999959441 1442.00000011266 1426.5000003686 1429.24999970027 1436.74999949716 1445.75000030372 1421.50000002911 1409.2499998388 1392.74999995575 1424.50000002969 1420.49999943226 1409.5000002105 1417.75000001512 1418.99999969545 1406.50000052096 1359.00000052421 1363.50000062056 1374.99999962539 1374.25000039262 1358.24999922584 1361.00000063578 1380.74999969618 1374.24999959782 1364.00000019415 1342.00000016277 1355.49999937786 1364.25000004944 1367.99999996688 1355.75000078295 1365.24999998325 1421.74999843296 1473.75000001696 1421.24999967621 1428.50000054836
-9999 -9999 -9999 -9999 -9999 -9999 -9999 -9999 -9999 -9999 -9999 -9999 -9999 -9999 -9999 -9999 -9999 -9999 -9999 -9999 1374.49999986586 1386.99999997297 1396.9999996735 1407.4999999726 1405.75000020693 1411.49999986108 1419.25000004195 1422.49999977469 1416.00000025519 1415.49999988582 1432.49999945404 1431.00000014464 1421.75000030574 1394.75000013191 1408.99999887903 1423.50000035629 1425.24999971612 1416.00000015036 1419.25000025725 1408.74999931479 1409.75000016855 1397.2499997379 1380.49999990692 1378.99999965658 1374.24999970161 1371.99999984201 1391.250000302 1366.2500003038 1388.49999961394 1396.49999925565 1374.00000172538 1390.75000057305 1405.99999996706 1376.00000112634 1321.99999990004 1333.74999964812 1392.499998315 1459.99999942387 1469.9999992843 1466.50000078829
-9999 -9999 -9999 -9999 -9999 -9999 -9999 -9999 -9999 -9999 -9999 -9999 -9999 -9999 -9999 -9999 -9999 -9999 -9999 -9999 1347.99999903425 1401.75000039175 1396.75000042172 1398.9999999726 1401.00000019313 1407.75000001389 1411.2500002937 1411.5000002253 1421.74999995746 1425.00000005709 1421.49999942532 1395.49999811986 1448.75000010192 1457.00000043962 1436.75000010325 1405.25000069774 1379.00000005977 1397.49999951886 1413.75000016646 1415.99999984774 1408.74999992339 1405.50000027753 1392.00000111698 1368.49999956295 1366.74999976443 1388.99999924163 1400.4999999682 1379.74999905659 1372.99999987129 1351.50000077669 1397.9999985676 1441.74999818263 1417.75000215734 1357.75000197108 1305.2500002832 1311.74999914551 1403.24999762414 1495.99999976276 1500.74999947173 1499.99999955445
-9999 -9999 -9999 -9999 -9999 -9999 -9999 -9999 -9999 -9999 -9999 -9999 -9999 -9999 -9999 -9999 -9999 -9999 -9999 -9999 -9999 1413.00000064841 1395.75000039452 1411.49999958901 1423.25000020695 1410.00000011112 1414.00000016783 1424.24999995777 1427.49999965976 1432.00000028545 1429.74999989943 -9999 1406.0000006988 1441.75000010259 1385.50000023598 1378.00000029689 1319.00000059759 1347.74999926321 1364.25000016644 1378.74999980205 1400.74999964759 1424.9999999075 1399.50000052747 1389.00000012489 1393.25000001571 1404.49999977881 1393.00000047685 1381.50000095943 1337.50000073996 1351.24999846275 1464.2499996582 1460.25000070402 1401.00000210791 1341.75000137477 1330.5 1329.74999897798 1402.74999711865 1458.99999952552 1479.50000020449 1472.25000025704
-9999 -9999 -9999 -9999 -9999 -9999 -9999 -9999 -9999 -9999 -9999 -9999 -9999 -9999 -9999 -9999 -9999 -9999 -9999 -9999 -9999 1367.24999820337 1420.74999993197 1432.2499997945 1423.50000019314 1429.24999929158 1445.2499997902 1445.50000016899 1453.24999961721 1458.0000002569 1443.7500001293 1403.2500008533 1412.99999994178 1405.25000030775 1383.00000005901 1341.25000120246 1306.50000044821 1284.24999998495 1279.50000042368 1324.99999878185 1396.74999888145 1416.25000007709 1419.49999996898 1413.74999960978 1412.99999962311 1417.99999968403 1430.50000028611 1410.50000041575 1414.99999961394 1438.49999919092 1442.75000056971 1446.99999986902 1396.25000107043 1341.99999996687 1347.74999998333 1355.49999946384 1425.99999895528 1436.24999927136 1458.99999856856 1480.25000080542
-9999 -9999 -9999 -9999 -9999 -9999 -9999 -9999 -9999 -9999 -9999 -9999 -9999 -9999 -9999 -9999 -9999 -9999 -9999 1378.75000046612 -9999 1391.00000054034 1415.99999980953 1420.50000005479 1413.74999995861 1417.49999991666 1423.99999952447 1444.50000050693 1444.74999998581 1441.99999994291 1457.74999964083 1448.50000020247 1428.25000053863 1387.75000077668 1377.0000002655 1327.49999982188 1341.24999905875 1340.00000018043 1323.75000037829 1337.24999876661 1410.24999986211 1410.75000020043 1436.74999927086 1404.25000113945 1382.5000003141 1366.75000061616 1373.74999928473 1392.0000001599 1438.24999773191 1443.75000063109 1435.7499997884 1440.25000031107 1425.00000085635 1413.99999966874 1409.99999933366 1452.75000041886 1447.99999993259 1429.50000050838 1442.7499989605 1470.2500004284
-9999 -9999 -9999 -9999 -9999 -9999 -9999 -9999 -9999 -9999 -9999 -9999 -9999 -9999 -9999 -9999 -9999 -9999 -9999 1358.74999865493 1417.00000016095 1406.75000036472 1412.99999942864 1423.24999954791 1428.50000016553 1427.25000026392 1418.00000005594 1443.74999936632 1464.99999977317 1457.75000007137 1465.74999955462 1461.50000020248 1445.25000068423 1401.25000101111 1365.50000023596 1382.24999939132 1360.5000002689 1371.24999977445 1371.9999993342 1389.24999986293 1421.74999970887 1420.99999999999 1417.25000041887 1448.2499998283 1413.75000076952 1396.99999990519 1388.24999976157 1437.74999889666 1466.75000004825 1472.25000024272 1469.00000009766 1450.7500001146 1453.50000039523 1426.25000018217 1420.00000043315 1449.74999974869 1448.74999974726 1456.24999977971 1461.50000040899 1467.24999967439
-9999 -9999 -9999 -9999 -9999 -9999 -9999 -9999 -9999 -9999 -9999 -9999 -9999 -9999 -9999 -9999 -9999 -9999 -9999 1339.99999925421 1305.75000060353 1379.49999881121 1380.75000042171 1401.99999950679 1430.5 1449.24999948606 1444.75000012587 1459.99999983102 1449.74999987241 1450.99999968602 1452.50000028736 1466.24999998554 1465.75000001456 1452.25000039566 1439.50000026549 1422.49999964372 1414.2500005528 1405.50000006013 1419.49999945526 1421.25000001525 1439.49999914196 1463.75000035463 1443.00000018619 1443.5000004995 1435.7500000157 1406.00000078996 1425.24999877611 1479.74999976016 1477.25000030564 1458.50000022655 1442.00000035809 1447.24999965616 1451.00000088928 1403.25000097724 1421.49999963349 1436.00000036859 1440.99999969669 1451.49999969497 1460.74999967619 1473.24999991431
-9999 -9999 -9999 -9999 -9999 -9999 -9999 -9999 -9999 -9999 -9999 -9999 -9999 -9999 -9999 -9999 -9999 -9999 -9999 -9999 1376.74999918179 1408.99999986491 1405.25000014963 1423.74999935612 1446.24999993102 1452.74999945826 1437.25000037761 1438.24999984512 1449.9999996314 1474.75000012845 1477.99999988507 1492.00000040496 1480.00000043675 1474.50000026378 1463.75000030974 1458.7499998367 1420.74999986551 1416.50000081195 1377.49999996975 1452.24999894935 1480.24999943307 1490.24999998458 1482.50000027925 1462.25000054631 1436.99999990577 1437.749999763 1433.74999976158 1459.4999996802 1471.00000025737 1460.00000055017 1441.25000040692 1423.49999977077 1410.25000027995 1434.25000008281 1381.25000044979 1373.00000013404 -9999 -9999 -9999 -9999
-9999 -9999 -9999 -9999 -9999 -9999 -9999 -9999 -9999 -9999 -9999 -9999 -9999 -9999 -9999 -9999 -9999 -9999 -9999 -9999 1410.74999966467 1413.50000010807 1428.74999941502 1432.50000030139 1432.49999953096 1458.99999963884 1447.50000061539 1431.75000018306 1447.74999939038 1477.75000027117 1471.75000033045 1478.74999958059 1471.75000018926 1480.75000001466 1485.25000030974 1470.00000053442 1450.24999968625 1432.00000081195 1402.7499995612 1444.24999873616 1477.99999947903 1487.74999995375 1479.75000029476 -9999 -9999 -9999 -9999 -9999 -9999 -9999 -9999 -9999 -9999 -9999 -9999 -9999 -9999 -9999 -9999 -9999
-9999 -9999 -9999 -9999 -9999 -9999 -9999 -9999 -9999 -9999 -9999 -9999 -9999 -9999 -9999 -9999 -9999 -9999 -9999 -9999 1396.49999997318 1421.24999995948 1427.24999990476 1433.0000000822 1423.50000033108 1431.49999963884 1430.75000018181 1450.49999949306 1461.5 1460.74999981446 1464.50000011494 1470.75000018801 1460.74999995632 1473.00000043962 1462.50000020649 1466.75000093524 1454.74999968625 1429.50000051122 -9999 -9999 -9999 -9999 -9999 -9999 -9999 -9999 -9999 -9999 -9999 -9999 -9999 -9999 -9999 -9999 -9999 -9999 -9999 -9999 -9999 -9999
-9999 -9999 -9999 -9999 -9999 -9999 -9999 -9999 -9999 -9999 -9999 -9999 -9999 -9999 -9999 -9999 -9999 -9999 -9999 -9999 1399.99999839043 1407.99999994596 1426.99999961909 -9999 1433.00000016555 -9999 -9999 -9999 -9999 -9999 -9999 -9999 -9999 -9999 -9999 -9999 -9999 -9999 -9999 -9999 -9999 -9999 -9999 -9999 -9999 -9999 -9999 -9999 -9999 -9999 -9999 -9999 -9999 -9999 -9999 -9999 -9999 -9999 -9999 -9999
