socal_rasters/bulkdensity5cm_SPHAsouth_aggfac2.asc
NCOLS 210 
NROWS 130 
XLLCORNER -119.45 
YLLCORNER 32.483333333 
CELLSIZE 0.0166666666666667 
NODATA_value -9999 
[rows 0 to 25 of 130, columns 0 to 59 of 210]
-9999.000000000000000 -9999 -9999 -9999 -9999 -9999 -9999 -9999 -9999 -9999 -9999 -9999 -9999 -9999 -9999 -9999 -9999 -9999 -9999 -9999 -9999 -9999 -9999 -9999 -9999 -9999 -9999 -9999 -9999 -9999 -9999 -9999 -9999 -9999 -9999 -9999 -9999 -9999 -9999 -9999 -9999 -9999 -9999 -9999 -9999 -9999 -9999 -9999 -9999 1343.24999967394 -9999 -9999 -9999 -9999 -9999 -9999 -9999 -9999 -9999 -9999
-9999 -9999 -9999 -9999 -9999 -9999 -9999 -9999 -9999 -9999 -9999 -9999 -9999 -9999 -9999 -9999 -9999 -9999 -9999 -9999 -9999 -9999 -9999 -9999 -9999 -9999 -9999 -9999 -9999 -9999 -9999 -9999 -9999 -9999 -9999 -9999 -9999 -9999 -9999 -9999 -9999 -9999 -9999 -9999 -9999 -9999 1342.74999983576 1359.50000001815 1342.50000023152 1339.49999999057 1333.49999994216 1351.74999992626 -9999 -9999 -9999 -9999 -9999 -9999 -9999 -9999
-9999 -9999 -9999 -9999 -9999 -9999 -9999 -9999 -9999 -9999 -9999 -9999 -9999 -9999 -9999 -9999 -9999 -9999 -9999 -9999 -9999 -9999 -9999 -9999 -9999 -9999 -9999 -9999 -9999 -9999 -9999 -9999 -9999 -9999 -9999 -9999 -9999 -9999 -9999 -9999 -9999 -9999 -9999 1375.99999978406 1370.00000044187 1351.99999999132 1391.99999953836 1405.75000028567 1344.50000017593 1312.25000038275 1308.99999983608 1295.75000014258 1294.24999996494 1343.25000000512 1359.00000012488 -9999 -9999 -9999 -9999 -9999
-9999 -9999 -9999 -9999 -9999 -9999 -9999 -9999 -9999 -9999 -9999 -9999 -9999 -9999 -9999 -9999 -9999 -9999 -9999 -9999 -9999 -9999 -9999 -9999 -9999 -9999 -9999 -9999 -9999 -9999 -9999 -9999 -9999 -9999 -9999 -9999 -9999 -9999 -9999 1358.74999973227 1396.25000013532 1387.50000003962 1359.50000041392 1332.75000018692 1368.24999993627 1370.74999991748 1362.49999976029 1422.50000012697 1397.25000018984 1368.49999998111 1359.25000014944 1355.9999999115 1296.00000033078 1319.75000018899 1297.25000009886 1292.24999990994 1303.49999976266 -9999 -9999 -9999
-9999 -9999 -9999 -9999 -9999 -9999 -9999 -9999 -9999 -9999 -9999 -9999 -9999 -9999 -9999 -9999 -9999 -9999 -9999 -9999 -9999 -9999 -9999 -9999 -9999 -9999 -9999 -9999 -9999 -9999 -9999 -9999 -9999 -9999 -9999 1384.00000004067 1393.5000001324 1355.75000003221 1370.00000011761 1368.99999978129 1421.99999990721 1377.50000011093 1347.99999978088 1387.74999995431 1350.99999997449 1388.99999993919 1345.5000001243 1366.74999965992 -9999 1417.74999997638 1368.00000025067 1340.50000024582 1320.00000002003 1343.00000013278 1305.74999989071 1323.25000005826 1335.49999988131 1366.24999980783 1407.49999975423 -9999
-9999 -9999 -9999 -9999 -9999 -9999 -9999 -9999 -9999 -9999 -9999 -9999 -9999 -9999 -9999 -9999 -9999 -9999 -9999 -9999 -9999 -9999 -9999 -9999 -9999 -9999 -9999 -9999 -9999 -9999 -9999 -9999 -9999 1321.50000051806 1292.24999965419 1347.99999983734 1346.0000000836 1386.2500000179 1390.9999999265 1382.75000018479 1399.24999984923 1401.25000015453 1384.25000006087 1378.49999990863 1394.50000008498 1357.49999998262 1372.99999993785 1420.24999975062 1422.00000021299 -9999 1416.50000022176 1375.50000018683 1373.99999977948 1371.00000002044 1359.49999985433 1411.74999979337 1426.75000010249 1399.25000035681 1338.00000055851 1303.49999979549
-9999 -9999 -9999 -9999 -9999 -9999 -9999 -9999 -9999 -9999 -9999 -9999 -9999 -9999 -9999 -9999 -9999 -9999 -9999 -9999 -9999 -9999 -9999 -9999 -9999 -9999 -9999 -9999 -9999 -9999 1337.50000033189 1330.25000003909 1349.99999994417 1367.75000016309 1316.00000011197 1303.49999978313 1304.4999999373 1297.25000028995 1299.49999993385 1321.99999996231 1346.75000004257 1406.99999981775 1414.75000010956 1414.25000003738 1400.25000014871 1354.25000004779 1379.74999979137 1434.50000010883 1471.49999988888 -9999 1433.25000016873 1368.74999991645 -9999 1405.74999979058 1427.49999982309 1408.250000355 1362.50000006473 1346.50000020861 1326.74999999441 1323.25000018747
-9999 -9999 -9999 -9999 -9999 -9999 -9999 -9999 -9999 -9999 -9999 -9999 -9999 -9999 -9999 -9999 -9999 -9999 -9999 -9999 -9999 -9999 -9999 -9999 -9999 -9999 -9999 -9999 1330.50000007621 1334.99999979159 1282.75000014848 1292.0000001323 1308.24999997828 1349.75000012471 1296.7499999506 1318.74999996951 1337.24999982232 1354.75000008953 1295.99999986036 1296.50000007542 1370.24999960179 1396.00000019022 1406.74999976872 1404.00000006645 1399.74999998726 1394.49999989577 1397.7500002708 1413.49999949214 1474.49999969442 1482.50000032134 -9999 -9999 1409.75000006517 1424.24999985189 1433.00000000001 1426.25000007948 1377.75000041537 1353.74999984081 1348.50000022341 1345.49999976142
-9999 -9999 -9999 -9999 -9999 -9999 -9999 -9999 -9999 -9999 -9999 -9999 -9999 -9999 -9999 -9999 -9999 -9999 -9999 -9999 -9999 -9999 -9999 -9999 1318.49999991111 1311.25000007059 1275.50000003544 1285.24999982936 1326.24999997554 1334.50000017464 1321.99999993595 1306 1316.50000001861 1326.74999987528 1305.00000042154 1305.49999970857 1332.7500000244 1358.25000007518 1326.9999999559 1350.24999976996 1340.49999994586 1374.25000015457 1398.00000003246 1420.99999998339 1399.74999974083 1449.50000001737 1442.00000034624 1397.99999990933 1449.24999953239 1475.74999996693 1445.99999967218 1436.99999992133 1436.00000019044 1437.24999988253 1462.00000011445 1425.24999989932 1421.75000010248 1395.24999995058 1394.25000003907 1411.24999983525
-9999 -9999 -9999 -9999 -9999 -9999 -9999 -9999 -9999 -9999 -9999 -9999 -9999 -9999 -9999 -9999 -9999 -9999 -9999 -9999 -9999 1260.50000016008 1238.24999992914 1294.49999982502 1314.99999989707 1290.50000037007 1249.74999992663 1288.99999989495 1291.25000006804 1283.75000005354 1289.49999997087 1284.24999996691 1314.24999995966 1328.25000001599 1346.25000020749 1287.49999999999 1296.75000000347 1293.50000011455 1329.99999955897 1380.74999990575 1408.25000006573 -9999 1416.74999993102 1411.49999997509 1427.49999980457 1442.50000013899 1418.24999990678 1430.99999974608 1444.49999986111 1462.74999978735 1488.50000014463 1468.74999999508 1455.50000011026 1458.99999983657 1491.75000003642 1474.50000018015 1460.49999994607 1443.49999987923 1448.00000007821 1442.49999982958
-9999 -9999 -9999 -9999 -9999 -9999 -9999 -9999 -9999 -9999 -9999 -9999 -9999 -9999 -9999 -9999 -9999 -9999 -9999 1269.50000002977 1257.99999997259 1225.99999995894 1256.24999996349 1296.24999983624 1295.25000002573 1242.00000029218 1246.50000008603 1268.49999993174 1267.25000014425 1268.7500000479 1291.25000007278 1274.99999978951 1322.99999975179 1349.49999995522 1345.99999984189 1338.0000002982 1332.74999997561 1341.24999993196 1314.25000015068 1314.24999970211 1382.49999993817 -9999 -9999 1449.4999999917 1429.2499999193 1448.75000001302 1451.99999985797 1486.250000068 1456.50000002777 1469.24999989131 1488.24999998553 1484.50000022615 1480.00000012027 1487.00000002043 1482.75000023413 1484.24999987814 1494.24999978962 1481.99999998901 1474.50000025691 1470.49999987502
-9999 -9999 -9999 -9999 -9999 -9999 -9999 -9999 -9999 -9999 -9999 -9999 -9999 -9999 -9999 1379.25000005178 1378.25000008977 1359.0000000568 1339.50000003885 1300.25000001678 1274.75000015069 1264.74999994458 1265.2499999592 1290.74999994841 1272.75000006784 1271.25000006089 1254.24999999748 1238.7500001812 1261.50000001088 1275.75000008732 1281.24999970011 1331.24999999098 1308.49999995654 1346.99999975057 1387.50000001975 1390.74999993561 1365.5000001742 1344.99999980671 1347.00000001471 1357.75000007168 1398.49999962885 1445.74999996434 1430.00000012175 1421.9999998422 1415.75000006375 1429.99999983495 1448.99999985796 1483.24999997733 1481.25000001389 1470.74999991967 1491.24999993732 1483.00000008849 1482.50000009021 1475.25000007661 1459.50000017689 1462.9999999894 1479.00000011867 1482.25000002745 1476.25000009494 1459.25000025564
-9999 -9999 -9999 -9999 -9999 -9999 -9999 -9999 -9999 -9999 -9999 -9999 1428.75000001552 1332.75000001941 1323.99999998343 1372.24999988606 1391.50000007556 1413.4999999198 1401.50000010594 1347.50000006329 1337.50000018396 1307.5000000041 1296.50000007734 1281.25000006058 1261.00000005616 1237.25000009495 1259.25000001263 1284.24999989234 1240.24999997552 1270.4999997859 1307.99999991266 1377.0000000962 1369.99999978904 1382.74999999681 1403.99999993412 1399.50000004743 1397.49999998605 1389.0000003723 1377.49999975743 1392.00000005279 1439.99999982988 1460.9999998415 1456.25000006086 1452.00000021597 1465.75000016571 1435.50000007818 1457.75000003107 1475.49999980956 1468.50000011111 1464.25000000472 1468.24999986019 1478.24999997542 1472.4999999599 1459.75000007662 1439.49999996878 1463.74999981455 1471.25000000539 1468.75000004941 1475.74999999442 1464.25000026699
-9999 -9999 -9999 -9999 -9999 -9999 -9999 -9999 -9999 1425.25000001541 1404.75000001904 1372.25000013067 1327.25000014919 1264.25000000129 1293.24999993213 1289.0000000769 1277.24999997323 1265.00000008685 1284.25000003351 1294.75000005399 1269.7499999354 1328.2499998748 1366.74999995489 1362.50000002244 1342.50000008424 1348.74999999758 1341.25000004811 1334.49999990551 1328.75000003542 1337.74999990706 1360.99999984281 1419.75000000904 1406.74999993487 1415.50000011514 1405.74999997695 1392.24999992881 1395.49999983969 1436.2500000394 1439.7499999596 1455.50000002264 1464.99999988401 1468.25000002772 1443.75000002029 1430.00000002492 1419.74999999575 1421.00000002607 1456.99999973367 1469.74999992291 1477.50000001851 1458.75000001417 1468.25000002411 1454.9999999115 1460.00000001002 1453.99999991829 1460.24999989075 1480.99999997882 1487.24999996224 1482.74999996157 1477.0000001899 1474.24999986934
-9999 -9999 -9999 -9999 -9999 -9999 -9999 -9999 1417.99999999512 1412.00000000907 1303.50000013037 1273.49999996704 1314.25000003459 1308.24999991876 1294.50000003041 1310.99999997333 1331.00000006926 1302.25000002169 1287.99999995408 1354.2499998604 1410.49999991389 1377.75000000615 1394.50000007733 1388.24999987662 1406.25000006783 1386.99999999026 1352.49999958505 1407.74999999211 1393.25000002448 1413.49999979155 1455.99999996506 1455.24999997293 1455.7500000031 1434.4999999808 1445.25000001646 1437.50000002709 1447.49999974215 1452.75000003221 1480.4999999853 1481 1468.2500000348 1472.99999998416 1460.5000000487 1460.50000005814 1445.25000015719 1443.4999999913 1453.75000000444 1462.74999996826 1463.25000002314 1466.75000003307 1471.24999994698 1442.75000011308 1434.99999999999 1437.7499999336 1460.49999987514 1460.24999997351 1465 1447.75000015921 1454.49999976544 1484.24999990344
-9999 -9999 -9999 1274.25000001369 1266.75000001674 -9999 -9999 1354.49999991839 1412.74999999431 1365.25000008255 1330.49999999403 1357.74999998133 1373.24999992243 1364.00000008509 1360.24999999311 1340.00000000001 1349.49999990237 1357.99999998334 1410.49999993998 1378.49999994788 1392.00000012913 1374.74999995281 1417.49999995706 1405.25000009646 1403.74999986197 1416.25000002678 1385.99999986845 1420.99999992648 1432.4999999619 1442.74999996338 1475.49999985443 1485.74999998497 1493.2499999969 1466.5000001471 1456.25000004281 1457.49999993223 1467.24999994774 1478.00000002864 1463.25000006247 1461.50000008294 1437.00000020876 1391.75000013073 1383.49999989448 1430.49999977571 1404.25000014871 1435.24999966555 1443.25000008432 1469.99999989116 1448.75000013424 1451.99999985821 1442.75000010124 1438.24999989675 1432.50000007017 1428.5000000715 1453.74999981789 1453.00000010597 1455.74999998381 1472.50000006588 1440.25000022899 1438.74999985797
1333.75000000222 1271.75000000613 1276.00000001812 1320.99999996458 1297.00000005752 1239.75000008869 -9999 1336.49999996993 1381.0000000081 1367.2499999628 1355.50000005413 1368.49999984845 1418.49999999283 1381.00000011087 1328.00000004432 1359.74999988314 1418.24999996378 1422.7499999649 1422.50000003532 1407.75000000185 1416.49999999216 1427.99999994665 1454.0000000988 1442.99999995963 1422.2499999649 1430.74999999269 1430.50000005566 1430.99999998424 1463.24999985577 1454.75000005353 1443.75000006697 1437.75000000301 1440.2499999845 1453.00000014071 1444.99999988804 1433.75000004406 1384.25000019863 1391.49999979955 1365.00000008821 1357.50000007544 1331.49999990719 1339.00000008712 1354.75000001215 1343.99999991694 1386.99999991505 1392.50000006953 1379.99999989348 1389.00000000001 1397.99999998147 1363.50000003782 1373.49999990361 1419.99999998036 1417.25000000502 1434.75000012768 1428.49999994797 1442.74999988874 1449.99999988132 1440.75000026902 1357.25000043009 1315.50000002275
-9999 1369.25000000729 1313.00000001336 1328.49999998329 1288.75000004164 1248.5000000105 1245.7499999758 1264.49999995129 1360.74999993424 1386.99999992562 1390.75000002708 1412.99999990338 1410.00000006207 1331.50000006446 1334.74999994322 1393.74999983875 1453.00000000945 1458.99999998663 1424.00000009535 1391.74999999439 1398.00000001567 1405.24999993639 1438.49999995704 1453.49999998655 1442.2500000772 1418.50000004869 1401.75000003289 1419.25000001313 1414.49999994013 1413.0000000676 1380.0000000524 1423.49999978349 1446.75000013961 1392.50000010236 1382.49999990123 1397.24999997629 1408.49999984668 1394.50000017185 1396.25000009189 1394.25000000377 1387.49999981441 1401.25000002774 1390.00000011362 1382.00000018275 1381.24999999577 1396.49999967859 1387.00000036399 1342.50000021767 1308.25000028241 1286.49999990547 1300.4999997493 1325.49999981318 1373.74999998495 1398.24999979058 1397.50000037461 1368.75000017481 1416.99999977342 1359.50000029642 1292.00000021223 1263.74999998297
-9999 -9999 -9999 1346.24999999165 1362.25000000986 1323.49999999995 1311.00000000493 1307.50000002143 1334.74999990501 1426.75000003176 1411.74999999701 1419.00000000222 1392.75000002029 1353.25000002704 1351.00000000552 1351.49999989052 1411.5000000315 1394.25000005178 1421.24999996645 1436.49999995532 1435.49999999999 1435.50000004925 1438.50000001289 1422.75000007404 1378.75000010996 1360.5000000341 1339.25000003797 1390.99999970592 1443.75000003536 1441.74999987887 1464.50000001164 1449.00000000601 1461.75000007755 1444.7500001247 1428.00000003292 1418.49999986445 1418.75000017072 1403.2499999606 1408.75000019477 1381.24999998864 1391.2499998028 1394.25000000399 1436.74999987421 1443.50000011628 1433.25000010622 1434.25000011726 1432.74999997779 1391.99999990026 1385.74999992127 1338.00000005667 1292.00000026996 1273.74999962144 1297.24999998498 1319.49999987744 1317.99999987518 1357.49999970331 1411.49999979501 1361.75000049954 1316.49999986592 1334.24999991477
-9999 -9999 -9999 1284.00000002003 1295.24999995577 1378.74999998583 1384.99999998636 1407.25000001791 1421.25000004305 1442.9999999855 1412.74999998299 1427.49999997805 1405.75000003701 1405.99999996648 1385.00000003324 1391.25000001922 1406.74999997637 1418.74999997827 1443.49999999294 1451.99999997766 1458.7500000411 1448.50000011492 1399.50000012886 1373.25000008302 1365.99999995792 1422.24999994889 1456.74999985072 1452.24999997111 1443.25000016056 1448.24999991268 1464.75000019506 1460.25000006314 1458.24999999067 1437.4999999872 1458.5000000461 1450.99999996613 1450.25000002441 1425.25000011816 1425.49999997061 1412.25000007165 1408.24999984921 1415.50000006339 1427.75000007709 1441.24999984633 1460.00000006798 1431.50000022583 1415.74999986237 1388.00000038085 1376.749999662 1396.2499997401 1391.50000006749 1340.5000003835 1311.50000001008 1311.75000001537 1296.75000025498 1355.9999989933 1438.24999991909 1433.74999998354 1429.75000002793 1425.25000005114
-9999 -9999 -9999 -9999 -9999 -9999 1350.99999999752 1357.99999996278 1412.24999994238 1437.5000000617 1438.24999993482 1422.00000008126 1412.75000000358 1439.24999998067 1413.00000003324 1400.49999994082 1421.74999997636 1438.7499999716 1447.24999996645 1453.50000005955 1446.50000013308 1425.74999998154 1437.74999993769 1461.25000002467 1445.00000005614 1458.74999991479 1461.50000004049 1442.74999996588 1433.75000013336 1385.00000028167 1412.99999970886 1448.4999999579 1448.25000004653 1439.75000006075 1451.49999998024 1457.99999993223 1476.50000001395 1482.75000018259 1468.9999999412 1456.50000012067 1440.99999999998 1427.99999999206 1449.24999999594 1466.2499998131 1448.24999993626 1439.00000013029 1420.75000003106 1384.5000001179 1357.50000003706 1385.24999980628 1410.49999997106 1403.25000019173 1393.00000008017 1395.99999993871 1395.25000011966 1383.25000002648 1424.99999948215 1456.24999993962 1464.25000011729 1455.00000004544
-9999 -9999 -9999 -9999 -9999 -9999 -9999 1373.99999993987 1406.25000000729 1408.49999998366 1411.74999999699 1421.24999999889 1406.24999995583 1422.50000003352 1423.49999997231 1424.74999994823 1435.25000001102 1454.24999994154 1477.99999996822 1452.25000022894 1415.99999998827 1427.4999999138 1444.50000005154 1442.49999997308 1432.99999994853 1450.9999999513 1441.49999997975 1439.50000002102 1425.49999998912 1434.50000001127 1443.99999993012 1462.49999989175 1479.2499999969 1472.24999998401 1467.25000006916 1454.75000004405 1443.24999996863 1452.7499998747 1462.24999995221 1465.50000006033 1454.99999999227 1457.25000001981 1461.24999999594 1463.24999998754 1465.75000004673 1461.99999996525 1453.75000003108 1432.50000013604 1396.9999999815 1367.49999995277 1405.99999941185 1447.2499997591 1441.50000014035 1424.74999988255 1435.99999995839 1436.7500000159 1423.99999989212 1438.75000008236 1425.49999911755 1460.50000004544
-9999 -9999 -9999 -9999 -9999 -9999 -9999 -9999 -9999 -9999 1382.74999993283 1396.24999999011 1407.74999997971 1414.25000003739 1422.74999995431 1432.50000002367 1431.49999997795 1462.7499999482 1478.75000001236 1479.00000004466 1432.50000004695 1449.50000010261 1439.25000000215 1434.75000006505 1429.99999992046 1454.24999997808 1440.99999995446 1447.25000008665 1431.5000000381 1416.75000008731 1431.49999990101 1450.74999993687 1454.50000004965 1445.75000002879 1451.25000000988 1454.75000001017 1432.75000003135 1445.5000000358 1435.24999982727 1461.74999998115 1459.750000058 1462.25000001189 1459.50000003246 1454.75000004569 1458.74999992777 1450.00000002607 1448.24999991566 1443.00000017231 1434.50000016667 1406.49999978263 1449.74999990841 1460.99999991151 1458.25000005514 1441.00000002043 1431.25000002602 1440.74999994173 1446.50000003237 1449.249999731 1462.24999994973 1461.49999976141
-9999 -9999 -9999 -9999 -9999 -9999 -9999 -9999 -9999 -9999 -9999 1389.24999998132 1411.74999997015 1414.50000002321 1422.99999997785 1437.74999988904 1479.50000000945 1470.49999995322 1481.7499999064 1487.25000004281 1474.50000011348 1438.25000001026 1436.99999996133 1425.5000000314 1411.50000005614 1409.25000006573 1445.49999981783 1429.00000014704 1422.50000003265 1388.25000017746 1371.24999990975 1421.99999993985 1424.00000003103 1426.75000000959 1435.74999995718 1448.75000009149 1439.99999993728 1443.75000004654 1422.74999995222 1429.99999993966 1439.25000006572 1447.49999994452 1444.7500000284 1465.24999995432 1465.75000014871 1436.00000006949 1393.00000010651 1393.49999990023 1400.50000000002 1404.74999959834 1451.74999972521 1469 1439.9999999599 1442.00000001022 1435.75000000521 1446.50000018016 1441.99999993527 1451.2500000604 1445.74999984919 1456.24999985798
-9999 -9999 -9999 -9999 -9999 -9999 -9999 -9999 -9999 -9999 -9999 1338.999999877 1368.74999993436 1403.49999993813 1433.9999999917 1451.74999998077 1452.25000004566 1471.49999993986 1443.0000000777 1474.49999995905 1460.75000010763 1428.74999999384 1431.74999999355 1429.50000012114 1419.50000001871 1434.49999991722 1464.75000006326 1428.99999998425 1420.50000001088 1417.00000000001 1433.99999992432 1424.74999999098 1430.74999993484 1419.25000004158 1418.7499999506 1418.2500000305 1416.00000009757 -9999 1418.24999993017 1430.7500000264 1405.75000008122 1394.2500002021 1359.74999992292 1415.99999989206 1396.00000005949 1372.74999993484 1402.50000011538 1432 1434.99999992591 1457.99999999054 1466.49999992286 1483.00000010816 1454.50000019043 1446.00000002041 1444.50000009365 1454.25000012187 1447.49999994606 1447.49999990119 1451.25000010612 1458.2499998807
-9999 -9999 -9999 -9999 -9999 -9999 -9999 -9999 -9999 -9999 -9999 1331.74999984295 1388.50000001193 1415.49999990717 1424.49999998062 1444.50000000887 1449.24999997953 1458.00000006012 1453.49999998587 1466.49999996649 1456.75000007632 1471.24999996513 1458.25000013532 1433 1433.2499999462 1459.74999995862 1452.00000007591 1430.49999999475 1401.50000006531 1377.24999988453 1387.50000009898 1381.49999992181 1407.75000009618 1427.49999991685 1425.25000008892 1422.74999991527 1427.99999997212 1434.24999999643 1417.25000024625 1366.75000022247 1317.75000005024 1309.74999994847 1322.50000000002 1373.49999989204 1394.00000020392 1419.74999991746 1403.00000012428 1420.24999978687 1451.49999999073 1460.5000000945 1439.74999992768 1440.00000018682 1433.99999981957 1451.99999984678 1466.50000007283 1444.50000001059 1453.24999977884 1462.25000019215 1446.24999988272 1453.74999990343
