socal_rasters/claycontent5cm_SPHAsouth_aggfac2.asc
NCOLS 210 
NROWS 130 
XLLCORNER -119.45 
YLLCORNER 32.483333333 
CELLSIZE 0.0166666666666667 
NODATA_value -9999 
[rows 0 to 26 of 130, columns 0 to 59 of 210]
-9999.000000000000000 -9999 -9999 -9999 -9999 -9999 -9999 -9999 -9999 -9999 -9999 -9999 -9999 -9999 -9999 -9999 -9999 -9999 -9999 -9999 -9999 -9999 -9999 -9999 -9999 -9999 -9999 -9999 -9999 -9999 -9999 -9999 -9999 -9999 -9999 -9999 -9999 -9999 -9999 -9999 -9999 -9999 -9999 -9999 -9999 -9999 -9999 -9999 -9999 16.7499999858232 -9999 -9999 -9999 -9999 -9999 -9999 -9999 -9999 -9999 -9999
-9999 -9999 -9999 -9999 -9999 -9999 -9999 -9999 -9999 -9999 -9999 -9999 -9999 -9999 -9999 -9999 -9999 -9999 -9999 -9999 -9999 -9999 -9999 -9999 -9999 -9999 -9999 -9999 -9999 -9999 -9999 -9999 -9999 -9999 -9999 -9999 -9999 -9999 -9999 -9999 -9999 -9999 -9999 -9999 -9999 -9999 19.0000000088774 19.2500000045346 18.7500000046305 17.4999999905492 16.5000000000004 15.2500000049153 -9999 -9999 -9999 -9999 -9999 -9999 -9999 -9999
-9999 -9999 -9999 -9999 -9999 -9999 -9999 -9999 -9999 -9999 -9999 -9999 -9999 -9999 -9999 -9999 -9999 -9999 -9999 -9999 -9999 -9999 -9999 -9999 -9999 -9999 -9999 -9999 -9999 -9999 -9999 -9999 -9999 -9999 -9999 -9999 -9999 -9999 -9999 -9999 -9999 -9999 -9999 25.4999999916952 20.5000000254926 19.7499999869696 22.9999999733653 25.0000000181372 20.2500000231488 18.749999995274 18.2500000048203 17.9999999999996 17.2500000050125 18.4999999897857 20.9999999999996 -9999 -9999 -9999 -9999 -9999
-9999 -9999 -9999 -9999 -9999 -9999 -9999 -9999 -9999 -9999 -9999 -9999 -9999 -9999 -9999 -9999 -9999 -9999 -9999 -9999 -9999 -9999 -9999 -9999 -9999 -9999 -9999 -9999 -9999 -9999 -9999 -9999 -9999 -9999 -9999 -9999 -9999 -9999 -9999 24.4999999924583 23.0000000231994 21.2500000039616 20.9999999918832 21.9999999916943 22.2500000127473 21.4999999826264 25.2499999689279 26.2500000136043 20.2500000138895 18.9999999999996 18.5000000000004 19.2500000049157 17.2500000350834 18.7500000153219 19.4999999895934 20.499999989402 20.000000021578 -9999 -9999 -9999
-9999 -9999 -9999 -9999 -9999 -9999 -9999 -9999 -9999 -9999 -9999 -9999 -9999 -9999 -9999 -9999 -9999 -9999 -9999 -9999 -9999 -9999 -9999 -9999 -9999 -9999 -9999 -9999 -9999 -9999 -9999 -9999 -9999 -9999 -9999 28 28.5000000069683 26.2500000035805 29.5 28.249999981146 29.2500000038666 22.7500000435839 18.7499999959416 20.9999999667752 24.7499999872514 26.5000000086855 23.4999999911226 22.999999972794 -9999 23.5000000378023 20 19.7500000049162 19 19.5 18.5000000104053 18.4999999999996 20.2499999946055 21.99999998902 21.9999999888294 -9999
-9999 -9999 -9999 -9999 -9999 -9999 -9999 -9999 -9999 -9999 -9999 -9999 -9999 -9999 -9999 -9999 -9999 -9999 -9999 -9999 -9999 -9999 -9999 -9999 -9999 -9999 -9999 -9999 -9999 -9999 -9999 -9999 -9999 25 23.249999996706 24.4999999999987 26.4999999930304 27.2500000107389 27.4999999852982 27.7499999962294 27.9999999922669 27.9999999999991 21.7500000121765 21.9999999833869 24.7499999702572 25.7499999956564 28.2500000310725 28.2499999773286 27.2500000138903 -9999 22.2500000241051 20.5000000000009 20.4999999899767 20.2500000255367 18.7499999947978 19.9999999894037 24.9999999892118 24.5000000109787 22.0000000223395 19.4999999999996
-9999 -9999 -9999 -9999 -9999 -9999 -9999 -9999 -9999 -9999 -9999 -9999 -9999 -9999 -9999 -9999 -9999 -9999 -9999 -9999 -9999 -9999 -9999 -9999 -9999 -9999 -9999 -9999 -9999 -9999 26.2500000203799 24.0000000060142 25.7499999906927 24.750000009593 21.5000000000004 22.0000000000009 22.5000000000009 24.0000000000004 25.2499999963261 25.7499999886885 27.2499999961351 28.9999999841509 30.250000004058 28.7499999875396 28.4999999999996 26.2500000043423 27.4999999911218 30.2500000045333 28.5000000185192 -9999 22.7500000241047 21.2499999852511 -9999 19.750000005108 18.5000000104062 22.7499999523148 24.2500000161827 22.2500000164692 20.7500000055851 20.5000000113616
-9999 -9999 -9999 -9999 -9999 -9999 -9999 -9999 -9999 -9999 -9999 -9999 -9999 -9999 -9999 -9999 -9999 -9999 -9999 -9999 -9999 -9999 -9999 -9999 -9999 -9999 -9999 -9999 24.9999999945592 25.749999985917 25.7500000145562 23.2500000210479 24.2499999844879 26.7500000223853 21.7499999967064 22.2499999966109 22.0000000069683 21.9999999928407 21.5000000000009 23.7499999811447 28.2499999729354 29.2499999960384 29 29.2500000041535 28.7500000127469 28.2499999956577 28.2500000133173 28.9999999909316 31.5000000092598 29.9999999905501 -9999 -9999 20.9999999899762 19.2500000153224 20.9999999687844 26.5 24.5000000215776 22.2499999945108 22.0000000111719 23.7499999829583
-9999 -9999 -9999 -9999 -9999 -9999 -9999 -9999 -9999 -9999 -9999 -9999 -9999 -9999 -9999 -9999 -9999 -9999 -9999 -9999 -9999 -9999 -9999 -9999 23.5000000046785 23.9999999999996 21.9999999999996 21.4999999947498 21.500000005445 22.7499999971848 22.9999999941777 23.2499999969925 25.7500000031017 26.4999999936034 22.0000000263461 21.2499999966109 21.5000000000004 20.7499999964199 20.7499999963249 26.4999999698319 29.2500000115997 29.2499999881143 29.2499999878278 29.75000001246 30.7499999872531 30.5000000086872 32.2499999955605 31.2500000136038 30 29.5000000094529 26.2499999951789 23.4999999999996 23.2500000050104 22.4999999999996 24.2499999739858 24.7500000158949 26.499999989211 26.5000000000004 26.5 25.4999999772777
-9999 -9999 -9999 -9999 -9999 -9999 -9999 -9999 -9999 -9999 -9999 -9999 -9999 -9999 -9999 -9999 -9999 -9999 -9999 -9999 -9999 21.4999999876852 22.0000000042948 21.749999997756 23.4999999953215 24.0000000048691 20.7500000075905 20.0000000052511 19.7499999918361 21.5000000112674 22.7499999912665 24.24999999098 25.4999999999996 26.9999999936043 24.2500000230525 20.7500000101668 20.4999999860626 21.7499999892619 25.2499999742732 27.9999999924587 28.7500000038666 -9999 30.7500000040571 30.2499999958461 29.9999999999996 32.4999999826272 31.0000000088778 29.2499999863974 30.5000000000004 23.5000000283507 22.4999999903574 24.2499999950825 24.2499999949879 24.4999999897857 27.0000000104062 25.7499999947018 26.2499999838165 28.2500000054896 26.2500000055864 26.2499999715967
-9999 -9999 -9999 -9999 -9999 -9999 -9999 -9999 -9999 -9999 -9999 -9999 -9999 -9999 -9999 -9999 -9999 -9999 -9999 20.0000000074441 19 20.5000000041051 20.5000000000009 20.5000000000004 20.7499999976622 20.0000000000004 19.2499999974695 18.7500000026255 19.5000000000004 19.7500000028174 22.4999999883545 25.2500000090217 27.7499999906918 27.7500000159896 25.5000000065855 22.7500000169432 22.2499999756093 24.9999999999991 24.7499999963244 25.2499999962298 27.9999999922682 -9999 -9999 26.2499999958482 27.4999999915042 29.7499999782836 29.2500000044395 24.7499999954671 23.7500000138925 21.7500000141777 21.7500000144629 22.7500000049162 22.4999999899767 22.0000000000026 22.500000031219 19.7499999947035 22.74999997303 24.7500000054909 25.5000000111723 26.7499999943186
-9999 -9999 -9999 -9999 -9999 -9999 -9999 -9999 -9999 -9999 -9999 -9999 -9999 -9999 -9999 20.2499999985209 21.9999999937002 22.7499999983286 24.7499999982331 24.5000000000004 20.0000000039149 19.0000000000004 19.2500000021489 19.7500000022435 19.9999999999996 20.0000000048691 19.2499999924095 18.7500000026251 17.4999999999996 20.4999999943665 23.7499999912669 24.2499999969942 25.7499999906918 27.5000000063953 27.4999999868278 27.7499999966114 30.2499999965159 28.7499999964208 27.2500000036751 26.0000000075408 27.7499999652035 28.5000000079254 26.7499999959429 26.2499999958482 26.7500000042507 28.4999999826281 27.5000000177552 25.0000000181367 23.7499999953703 20.7500000236259 22.2499999951797 22.0000000000004 21.9999999999987 21.0000000102152 18.7500000052022 17.9999999894028 18.7499999838173 20.0000000000004 21.7499999720738 23.4999999999991
-9999 -9999 -9999 -9999 -9999 -9999 -9999 -9999 -9999 -9999 -9999 -9999 22 21.7500000012881 21.7500000041531 21.74999999852 23.250000011022 22.4999999966589 22.7500000017669 22.7500000018616 23.2499999980442 22.249999997947 21.4999999999996 21.9999999999996 20.9999999999987 21.0000000097364 19.2499999974695 19.250000002626 19.5000000054429 23.0000000056335 24.7499999970888 26.000000006015 26.2499999906927 27.7499999968019 30.5000000000009 30.7500000033886 30.0000000069687 30.2500000107402 28.000000014701 29.9999999999996 30.2500000038666 28.2500000198107 28.499999991884 30.7499999792318 30.7500000042477 31.2499999956564 30.5000000088778 25.2500000045338 26.5000000092585 23.5000000189007 24.499999980716 24.2500000344145 22.2500000050117 19.7500000051076 18.4999999999996 18.2500000052982 18.999999978422 20.7500000164687 20.999999966487 23.7499999943199
-9999 -9999 -9999 -9999 -9999 -9999 -9999 -9999 -9999 22 23.4999999979954 23.7499999989033 23.5 22.2499999987102 22.9999999999996 22.2500000044361 21.0000000031497 20.7499999983294 21.249999994701 21.5000000111689 20.249999994131 23.2500000020534 23.7499999978528 25.2500000022435 23.2500000070184 22.9999999951314 22.4999999898803 22.7499999921234 22.7499999972798 25.2499999915492 23.7500000029112 24.2499999969925 26.2499999906918 26.9999999936043 28.249999996706 29.5000000067764 28.9999999999987 28.2500000035801 26.9999999926497 28.0000000075417 26.999999992266 29.2499999960371 29.9999999918836 32.4999999999996 32.749999995751 32.75000001303 31.0000000355116 27.7500000136026 26.2499999861101 24.2500000330788 24.7499999951806 22.2500000147498 22.2499999949883 19.250000005108 19.249999984392 18.9999999894037 19.7500000161831 19.50000002196 18.7500000055851 20.2499999829566
-9999 -9999 -9999 -9999 -9999 -9999 -9999 -9999 23.4999999967535 23.7500000009079 22.2500000030088 21.9999999978036 25.2499999988056 24.4999999999983 25.2499999986142 23.2500000014787 22.9999999968512 23.2499999983282 22.7500000017639 24.4999999925529 27.2500000019562 26.0000000082085 24.7499999935563 26.7499999977573 25.7500000070184 25.499999990261 26 27.7500000078762 25.0000000163278 22.7499999971839 21.7499999970884 23.0000000000004 23.7499999844901 25.500000006397 26.7499999967064 27.5 26.5000000000013 26.0000000000013 24.0000000000009 21.4999999999996 24.4999999922669 25.7499999960375 26.249999995942 27.2499999875417 27.7499999872556 29.2499999956577 28.5000000177573 25.2500000045342 24.2500000046297 27.2499999858232 28.2499999855371 24.5000000393315 18.750000015035 18.5 19.9999999895951 22.0000000000009 22.0000000000009 20.5000000329375 19.2499999832439 19.4999999886388
-9999 -9999 -9999 22.2499999996668 22.0000000000004 -9999 -9999 23.9999999985684 21.7500000056823 23.499999998186 24.2499999949883 25.4999999978053 27.4999999976122 28.2500000012894 29.5000000027694 28.0000000029583 26.9999999968499 25.9999999966589 25.0000000000004 25.7500000055842 26.7499999980438 26.5000000041047 24.2500000064437 22.4999999955129 23.9999999953206 25.7499999975642 23.2500000075909 23.2500000131285 22.2499999972786 21.9999999887331 23.2500000087348 22.2500000090204 22.9999999937957 23 24.9999999868278 26.2499999966114 25.50000000697 23.7500000107415 23.2500000036768 24.4999999924592 26.2499999961339 25.2500000118883 24.4999999918853 26.999999991693 26.2500000127469 29.2499999956572 29.500000017756 29.7500000045359 28.0000000000013 29 27.750000024103 23.5000000294975 19.7499999949879 19.5000000102152 19 19.0000000105968 19.9999999784228 22.2499999945096 21.7500000167569 21.750000005681
23.5000000000004 22.2499999995713 24.4999999999987 25.2499999996647 26.2500000012873 26.4999999979016 -9999 24.5000000028628 24.7500000008107 23.7499999990921 25.2499999969912 26.2499999967047 27.2499999964204 27.7499999987119 26.0000000027707 26.0000000000013 26.7500000015751 26.2499999983294 26.750000008829 27 24.7500000019566 28.4999999958953 28.0000000085926 22.7500000022444 23.2499999976618 23.7499999975655 22.4999999999991 22.5000000052502 22.2499999972786 23.25000000845 21.0000000116464 21.7500000030062 23.7499999906935 25.4999999744158 26.9999999999991 28.4999999864437 29.2499999895463 28.0000000071593 30.4999999852982 30.5000000226255 27.7499999961343 25.7500000039621 26.7500000040571 27 27.0000000000004 28.0000000000013 27.2499999955617 25.7500000045355 26.2500000046301 26.7500000047265 26.0000000096431 26.7500000049166 23.7499999949875 22.7500000153207 19.5000000208111 19.9999999894028 19.5000000215772 22.5000000000004 19.2500000167582 20.7499999943194
-9999 23.2499999992861 24.9999999999991 26.2499999983299 24.5000000042922 22.2499999994746 24.7499999993782 23.5000000014316 23.9999999967527 25.7499999954641 28.7500000010029 27.2499999967064 27.7499999988056 27.500000002578 27.9999999944616 27.7499999955622 28.5000000031493 29.7499999983299 27.7500000017661 26.2500000055825 23.2500000058699 25.250000010261 23.2500000021472 22.2499999932707 22.2500000023399 23.0000000097394 21.7500000075901 23.9999999842473 22.7500000027214 23.7499999971839 22.750000002912 22.7500000090208 27.2499999782845 29.7500000031985 29.2499999967064 30.4999999932227 30.4999999930304 29.7500000107385 28 28.9999999924574 26.7500000115971 25.5000000079241 26.249999995942 28.2499999958465 27.7500000127473 27.7499999956568 26.500000026633 24.7499999954658 23.0000000092598 22.7500000047243 24.4999999999991 25.0000000000009 24.5000000100233 25.2499999846772 23.2500000468274 20.4999999894037 21.9999999892118 22.2500000054913 19.2500000055847 18.0000000000009
-9999 -9999 -9999 25.5000000013353 25.0000000008586 22.7500000005233 24.5000000024804 24.4999999999991 24.2500000024341 24.4999999981864 27.99999999599 27.9999999999996 27.0000000023874 27.4999999948436 27.2499999986155 28.7499999926026 27.7500000047252 25.2500000016714 24.0000000035334 24.2500000093078 21.0000000039145 21.9999999917907 23.4999999999996 23.7500000067293 23.4999999953215 24.9999999951292 26.75000000253 26.9999999894966 30.2499999863923 31.7500000028165 31 31.9999999939863 30.5000000124099 27.5 28.249999983533 28.999999993221 30.49999999303 30.9999999928399 30.0000000220525 28.9999999999987 28.7499999961322 26.7500000039616 27.2499999959424 27.4999999833874 27.9999999915029 28.2499999869696 28.2499999955609 25.0000000181372 23.2499999861097 23.4999999999991 23.2499999951793 24.2499999852511 24.5000000100242 23.0000000000004 23.9999999895947 24.7499999947014 24.5 23.5000000000004 21.2499999832439 21.7500000056801
-9999 -9999 -9999 25.2499999996664 25.0000000000009 25.2500000015751 25.9999999987585 26.7499999992831 24.7500000008107 22.9999999999996 24.4999999979954 26.7500000011001 26.7500000011939 26.5000000000004 27.4999999999996 28.7499999926035 29.7499999952752 24.2500000083511 20.7500000052977 20.7500000018616 20.9999999960868 23.7499999815301 24.7499999935572 24.7500000067302 27.249999992982 29.0000000048699 29.5000000000004 29.2499999921213 32.250000002721 28.2500000084487 27.7500000029095 25.2499999909779 23.9999999999983 22.0000000063945 22.749999990118 26.999999993221 30.2499999965154 31.2499999892611 30.2499999963253 29.7500000037715 31.2499999961356 30.5000000000004 30.2499999878273 30.2500000041535 27.5000000000004 29.4999999826272 29.2500000133169 27.5000000181376 25.249999986111 24.9999999999996 25.2500000048211 22.7500000147498 21.9999999899762 22 23.2499999947986 24.7499999841051 24.5000000107886 22.5000000109787 21.2499999944132 20.9999999886363
-9999 -9999 -9999 -9999 -9999 -9999 26.750000001859 25.7499999992823 24.000000001623 23.5 27.7499999929808 29.7500000032936 29.7499999988056 28.7499999987123 29.7499999986159 27.7500000044395 24.2500000047256 21.7500000050121 20.7500000017661 21.2500000018611 22.999999992171 24.9999999958949 28.9999999957039 28.2500000112173 27.7499999929837 27.5000000097407 26.0000000101214 24.0000000052528 23.5000000054438 21.7499999971839 22.2500000029116 21.0000000060142 21.7500000031022 20.0000000000009 20.7500000032936 21.749999983055 26.0000000069713 27.2499999892611 27.999999985299 30.7500000037711 30.2499999961339 31.250000019812 29.0000000081168 27.5000000166118 29.749999995751 29.7499999956581 30.000000017756 29.750000013603 27.2500000138895 28.4999999716472 29.0000000096418 27.0000000196651 26.0000000100233 24.9999999795709 26.2500000052027 26 21.7500000269721 20.5000000219596 19.7500000167565 18.5000000227219
-9999 -9999 -9999 -9999 -9999 -9999 -9999 26.2499999992836 24.750000004058 26.000000001814 27.9999999979941 29.4999999999979 28.9999999952252 26.250000006445 21.7500000041539 22.5 21.7500000015751 22.0000000000013 23.2499999982365 22.7499999981389 24.5000000039137 26.500000004103 25.250000006442 23.2499999977552 21.750000011696 21.2499999926955 23.000000010121 21.249999997374 21.2500000027206 20.2499999971831 19.2499999912657 20.5 23.2499999968978 24.9999999936047 23.7500000098803 21.7500000101672 21.5000000000017 25.2499999821014 26.4999999999991 27.0000000150813 27.7499999884003 24.5000000079237 23.7499999959395 21.5000000083048 20.0000000084979 22.2499999956568 24.7499999866818 25.9999999909303 27.2500000046293 26.9999999999996 27.9999999807152 28.5000000294975 25.5000000200475 21.7500000153207 22.2499999843903 21.2500000264904 17.7500000053945 17.7499999835304 22.249999972072 19.7500000284033
-9999 -9999 -9999 -9999 -9999 -9999 -9999 -9999 -9999 -9999 22.7500000030088 22.750000001098 21.7500000011939 19.5000000025788 20.2499999930758 21.2499999985196 19.7500000047243 19.9999999899775 23.999999985872 25.2500000093052 22.0000000039145 20.9999999958958 21.0000000042961 20.7499999977569 20.7500000023399 20.2499999975646 20.5000000101205 18.5 19.2499999972794 20.2500000028165 20.999999994176 21.2499999969925 22.2499999968983 22.5000000063957 20.5 22.2499999830568 25.749999989548 29.2499999821005 27.0000000220525 24.5000000075417 22.000000015465 20.0000000158491 19.7499999959424 19.4999999999996 21.9999999830032 21.7500000043419 21.9999999911222 23.7500000045355 25.4999999814817 25.7500000236255 24.9999999807156 24.7499999950847 22.2500000050121 19.5000000102143 18.2500000052031 17.7499999947023 18.0000000107882 17.2499999945108 18.9999999888294 20.7500000284042
-9999 -9999 -9999 -9999 -9999 -9999 -9999 -9999 -9999 -9999 -9999 24.249999996706 25.5000000000009 23.0000000000017 20.2500000013853 21.4999999881652 22.5 26.7499999849667 25.2500000052965 24.0000000000004 23.5000000000017 21.2500000020525 22.4999999957039 22.750000002244 23.2499999976622 23.250000007304 20.2499999974695 21.5000000052523 22.4999999945575 24.2500000084491 22 21 23.4999999751819 25.2500000031994 24.9999999934145 25.7499999966114 26.9999999930321 29.7499999821009 27.5000000220496 21.9999999999996 22.2499999961334 21.0000000000004 20.5000000000009 26.999999966776 28.249999995751 29.0000000086864 26.0000000177573 24.7499999863979 25.2499999953703 25.0000000283515 24.5000000096414 22.2500000049166 20.9999999999996 20.7500000051067 20.0000000000009 20.7500000052994 19.0000000000004 18.2500000164692 17.4999999999996 17.9999999886384
-9999 -9999 -9999 -9999 -9999 -9999 -9999 -9999 -9999 -9999 -9999 26.4999999978036 25.5000000023883 25.749999998711 25.5 23.0000000059174 24.000000006299 24.2499999949922 23.5000000141263 24.9999999925534 25.0000000078269 21.2500000020513 19.4999999957039 20.750000002244 20.2500000023412 20.4999999951322 22.000000005063 19.2500000026272 19.7500000027219 20.9999999887331 21.2500000087335 23.0000000000004 22.5 24.7499999904058 25.9999999868265 28.4999999932218 26.7500000174229 -9999 24.7500000036747 25.2500000188523 24.499999992266 24.5000000000009 27.0000000081151 28.4999999916943 27.5 27.7499999956568 27.5000000088778 25.2500000136038 24.2500000046297 24.9999999999991 24.9999999903569 22.7500000049166 22.7500000050112 21.2500000051059 20.0000000104049 20.5 21.2500000053937 19.7500000054887 19.7500000055864 19
-9999 -9999 -9999 -9999 -9999 -9999 -9999 -9999 -9999 -9999 -9999 25.000000004392 24.5000000000004 25.249999996133 22.0000000027698 21.4999999970422 20.7499999952752 20.9999999933191 25.9999999894045 27.0000000074458 26.7500000019566 23.5000000082115 23.4999999957073 20.5000000044862 18.7499999976605 19.4999999951301 19.2500000075905 18.2499999921226 22.9999999836722 26.74999999155 27.2500000029112 27.4999999939863 27.7499999906944 26.9999999999996 24.9999999999983 24.2500000033878 24.2499999965146 27.2499999749387 28.250000003676 26.7499999962315 26.0000000154654 26.2499999960371 26.5000000081155 27.9999999916939 29.0000000084975 27.749999995656 28.2500000044391 26.5000000090688 26.4999999999991 24.9999999905462 24.5000000096401 22.2500000442473 19.4999999899762 19.9999999999987 20.4999999999991 18.9999999999996 20.7499999946051 22.2499999945117 20.5000000111719 21.249999994319
-9999 -9999 -9999 -9999 -9999 -9999 -9999 -9999 -9999 -9999 -9999 -9999 24.7499999964187 25.250000001289 25.7500000041548 23.2500000073961 21.7499999921247 21.2499999983299 25.7499999805764 26.7499999981402 27.7500000019566 25.250000002053 25.4999999914095 25.2500000022427 24.2500000023382 23.749999992696 23.7499999873486 24.2500000026242 24.5000000163274 25.7499999859174 28.2499999970893 27.0000000000004 25.0000000062043 23.25000001599 22.9999999934128 21.4999999999996 23.4999999930313 26.7499999892598 26.0000000073503 24.0000000150843 24.999999984535 26.5 26.000000008116 26.999999991693 27.4999999915021 25.75000001303 24.9999999911226 25.250000031741 20.7500000231497 19.5 20 21.5000000294992 19.5000000000004 18.2499999948928 18.5 18.4999999999996 18.000000010789 22.4999999670625 20.7500000279284 19.5000000000017
