socal_rasters/claycontent5cm_SPHAsouth_aggfac2.asc
NCOLS 210 
NROWS 130 
XLLCORNER -119.45 
YLLCORNER 32.483333333 
CELLSIZE 0.0166666666666667 
NODATA_value -9999 
[rows 27 to 53 of 130, columns 120 to 179 of 210]
20.2500000115038 20.7499999652027 19.5000000000017 18.2499999410505 17.9999999762294 17.7500000359437 17.4999999758474 18.4999999756555 18.0000000245359 18.4999999752735 19.4999999999987 17.4999999748928 17.2500000126501 15.7499999872556 14.7500000128399 14.5000000000009 14.0000000000009 13.5000000000004 12.7500000396668 12.9999999467298 13.7500000402394 -9999 -9999 -9999 -9999 -9999 -9999 -9999 -9999 -9999 -9999 -9999 -9999 -9999 -9999 -9999 -9999 -9999 -9999 -9999 -9999 -9999 -9999 -9999 -9999 -9999 -9999 -9999 -9999 -9999 -9999 -9999 -9999 -9999 -9999 -9999 -9999 -9999 -9999 -9999
22.7500000345108 20.5000000463966 19.4999999766109 18.7500000117902 18.5 18.9999999760375 18.2499999879241 17.2500000121718 16.7500000122677 17.7499999629112 18.2499999875426 19.2499999623373 18.9999999999996 18.2500000382339 17.7499999871593 16.2500000129345 15.250000065153 14.2500000393774 12.7500000132219 13 13.7499999865867 13 -9999 -9999 -9999 -9999 -9999 -9999 -9999 -9999 -9999 -9999 -9999 -9999 -9999 -9999 -9999 -9999 -9999 -9999 -9999 -9999 -9999 -9999 -9999 -9999 -9999 -9999 -9999 -9999 -9999 -9999 -9999 -9999 -9999 -9999 -9999 -9999 -9999 -9999
22.0000000000004 19.7500000579958 17.2500000116948 17.2500000117898 17.7499999881134 16.5000000239621 15.7499999637698 21.4999999756551 22.000000024535 17.2500000370888 16.7500000373762 16.2499999874449 18.9999999746997 20.2499999872544 21.2499999871606 20.7500000129358 18.7500000130317 16.5000000262527 13.7499999867781 13.2500000133178 14.5000000000004 14.0000000000004 12.5000000272077 12 -9999 -9999 -9999 -9999 -9999 -9999 -9999 -9999 -9999 -9999 -9999 -9999 -9999 -9999 -9999 -9999 -9999 -9999 -9999 -9999 -9999 -9999 -9999 -9999 -9999 -9999 -9999 -9999 -9999 -9999 -9999 -9999 -9999 -9999 -9999 -9999
19.0000000230067 19.2500000115997 17.5000000233887 16 17.2499999643445 18.0000000000009 15.7500000362298 16.7499999391405 15.7500000368032 15.7500000123628 16.9999999750834 15.7500000125542 15.7500000126493 16.9999999745104 18.4999999743198 19.9999999741306 21.9999999999996 21.5000000787551 19.7500000132206 18.0000001065384 15.250000040239 13.4999999999991 13.4999999727915 14.4999999726009 14.2500000137944 13.0000000555622 -9999 -9999 -9999 -9999 -9999 -9999 -9999 -9999 -9999 -9999 -9999 -9999 -9999 -9999 -9999 -9999 -9999 -9999 -9999 -9999 -9999 -9999 -9999 -9999 -9999 -9999 -9999 -9999 -9999 -9999 -9999 -9999 -9999 -9999
18.2500000115046 18.2499999884016 18.7500000350843 17.0000000235801 15.5000000000004 15.4999999520755 18.5000000483061 14.5000000243445 15.499999975465 15.7500000123637 16.4999999501664 16.2500000627703 15.7499999620508 17.2500000892135 15.7499999871593 16.2500000129349 17.75000001303 19.4999999474942 22.0000000000004 21.2499999866822 18.7500000402398 16.25000001351 15.5000000000013 14.7500000136998 13.7500000137944 13.0000000277815 13.2499999580417 -9999 -9999 -9999 -9999 -9999 -9999 -9999 -9999 -9999 -9999 -9999 -9999 -9999 -9999 -9999 -9999 -9999 -9999 -9999 -9999 -9999 -9999 -9999 -9999 -9999 -9999 -9999 -9999 -9999 -9999 -9999 -9999 -9999
18.0000000230075 17.4999999768028 18 15.4999999999996 15.0000000237706 15.7499999880179 15.7499999879233 17.750000036515 16.7499999631959 17.4999999999991 19.2500000124583 18.2499999623395 16.9999999747001 16.2500000127439 16.9999999999991 16.7500000129349 15.4999999999996 15.9999999737473 17.4999999735559 19.499999946731 18.7500000134128 19.5000000540346 17.7500000136043 16.5000000000004 16.4999999999996 14.7500000416701 12.0000000279721 11.2500000140822 -9999 -9999 -9999 -9999 -9999 -9999 -9999 -9999 -9999 -9999 -9999 -9999 -9999 -9999 -9999 -9999 -9999 -9999 -9999 -9999 -9999 -9999 -9999 -9999 -9999 -9999 -9999 -9999 -9999 -9999 -9999 -9999
18.0000000230071 15.7499999884003 17.5000000233895 17.0000000235788 16.7500000356555 16.2499999880192 14.4999999999996 17.2499999391392 17.2500000122673 19.4999999752744 19.0000000249166 18.2499999874458 18.7500000126501 18.2500000382361 18.749999987161 16.2500000646768 15.2499999609083 15.4999999999996 14.9999999999991 17.4999999733645 16.999999973173 18.9999999729825 20.000000027209 18.9999999726013 18.7499999862056 18 17.0000000559433 14.2500000985714 14.7500000708867 13.4999999714558 -9999 -9999 -9999 -9999 -9999 -9999 -9999 -9999 -9999 -9999 -9999 -9999 -9999 -9999 -9999 -9999 -9999 -9999 -9999 -9999 -9999 -9999 -9999 -9999 -9999 -9999 -9999 -9999 -9999 -9999
16 17.2499999884003 17.5000000233882 15.7499999882102 16.7500000118849 16.9999999760362 15.5000000241526 15.999999975656 17.9999999509299 19.2499999876363 17.5000000498341 16.2500000125542 16.7499999114541 20.49999992353 19.5000000000017 17.7500001422868 13.7500000130304 15.9999999474959 15.5000000000013 16.2500000399546 14.9999999195217 17.999999972982 18.9999999727919 18.5000000000004 17.2500000413866 16.4999999999996 16.5000000279721 15.2499999577552 14.4999999716455 13.5000000000009 12.7500000143678 -9999 -9999 -9999 -9999 -9999 -9999 -9999 -9999 -9999 -9999 -9999 -9999 -9999 -9999 -9999 -9999 -9999 -9999 -9999 -9999 -9999 -9999 -9999 -9999 -9999 -9999 -9999 -9999 -9999
17.5 17.9999999999991 17.250000011693 17.7500000117902 17.7499999643428 19.4999999760379 20.5000000000004 17.2499999878278 18.2500000122665 15.5000000247248 16 15.7499999623378 15.9999999746997 17.7500000382352 16.2500000128411 14.7500000388052 15.0000000260621 14.2500000131264 14.2499999867777 15.7499999866831 17.9999999731743 19.2499999594741 19.0000000272081 19.2500000137002 15.5000000275901 15.4999999722181 18.0000000000004 17.0000000281631 16.2500000141777 15.5000000000004 13.5000000287352 14.7499999566126 15.9999999417665 -9999 -9999 -9999 -9999 -9999 -9999 -9999 -9999 -9999 -9999 -9999 -9999 -9999 -9999 -9999 -9999 -9999 -9999 -9999 -9999 -9999 -9999 -9999 -9999 -9999 -9999 -9999
21.0000000460129 23.7499999883999 20.2500000584708 16.2499999646284 17.9999999762285 19.4999999760375 20.4999999999991 17.249999987829 16.2499999877335 17.9999999505471 18.7499999626238 17.7500000125517 17.4999999999987 15.9999999745104 14.5000000256814 13.7499999870655 14.7499999869696 14.4999999737477 16.2500000132214 16 17.2500000134133 18.5000000000004 18.7499999591902 17.7500000958992 15.4999999724099 15.7499999583282 17.5000000279721 16.2500000422444 16.0000000000004 16.0000000570901 16.249999985633 15.7500000433878 16.2500000436747 15.2500000146539 15 -9999 -9999 -9999 -9999 -9999 -9999 -9999 -9999 -9999 -9999 -9999 -9999 -9999 -9999 -9999 -9999 -9999 -9999 -9999 -9999 -9999 -9999 -9999 -9999 -9999
24.250000080525 19.7499999883995 21.9999999532227 19.7500000353703 17.7500000118857 17.9999999520742 19.5000000724579 16.2499999878273 16.9999999509303 20.7499999629124 20.0000000747524 20.7499999874453 22.4999999747006 23.5 18.2500000642023 17.7500000129349 15.9999999739387 16.7500000393786 16.9999999735559 17.0000000266343 14.4999999731752 15.0000000270167 14.7500000136038 14.7499999863007 15.9999999724095 15.7499999583282 16.9999999720279 18.0000000844896 15.5 16.4999999999996 16.2500000431013 16.0000000289258 16 15.4999999706922 16.5 14.750000044535 15.9999999701184 -9999 -9999 -9999 -9999 -9999 -9999 -9999 -9999 -9999 -9999 -9999 -9999 -9999 -9999 -9999 -9999 -9999 -9999 -9999 -9999 -9999 -9999 -9999
18.7499999654887 17.7499999884007 22.7499999415292 21.750000011789 18.2500000356572 18.4999999520772 15.9999999999996 18 19.249999987731 21.4999998763703 21.2500000373753 20.9999999748928 19.2500000126501 21.7500000127465 22 20.2500000129345 18.2500000912139 19.2499999343699 20.2500000132223 19.9999999999983 18.7500000134133 19.499999972982 18.5000000272072 15.5000000273987 14.7500000137953 14.4999999722193 15.4999999720279 16.5000000281639 15 16.4999999999996 16.4999999712661 16.0000000289253 15.9999999708832 16.0000000000004 14.750000044249 14.9999999703094 15.5000000298812 16.749999954892 16.7499999848682 -9999 -9999 -9999 -9999 -9999 -9999 -9999 -9999 -9999 -9999 -9999 -9999 -9999 -9999 -9999 -9999 -9999 -9999 -9999 -9999 -9999
19.2499999424812 18.0000000231985 18.2499999883057 18.7499999882102 17.4999999762281 17.2500000119808 16.9999999758461 19.4999999756538 21.7499999877323 21.5000000000009 19.999999975083 19.7499999372297 19.5000000253003 18.2500000127448 17.9999999486376 20.4999999482577 20.7500000130313 19.2500000131276 20.7500000132219 21.2499999600467 21.0000000268265 19.7500000135083 19.5000000272085 17.5000000273999 15.5000000275909 16.2500000138925 17.0000000279725 16.7500000422452 15.2500000141777 16.4999999714549 16.5000000000004 16.7499999566122 17.0000000291163 15.5 15.5000000294992 15.2499999851556 17.2500000149404 17.0000000300713 17.2500000453945 15.2499999847731 15.7500000153228 -9999 -9999 -9999 -9999 -9999 -9999 -9999 -9999 -9999 -9999 -9999 -9999 -9999 -9999 -9999 -9999 -9999 -9999 -9999
19.4999999769921 20.4999999536026 19.7499999883052 18.5 16.9999999999996 15.5000000239621 15.7500000120763 16.0000000243445 18.2499999631977 20.7500000123632 19.7500000124579 17.2500000125559 19.4999999494045 19.2500000382357 19.4999999999991 18.7500000129345 21.2499999087866 22.4999999737469 22.5000000264433 21.5000000266343 19.0000000268261 18.7499999864929 20.249999986397 20.5000000547973 17.9999999999996 18 18.2500000419579 16.7500000422448 14.5000000283536 15.2499999571831 16.4999999712661 17.2500000144625 16 15.7500000146539 15.7499999852506 16 16.4999999701188 18.2500000150354 17.499999969736 17.5000000609083 16.4999999693553 17.0000000308366 17.2500000155142 -9999 -9999 -9999 -9999 -9999 -9999 -9999 -9999 -9999 -9999 -9999 -9999 -9999 -9999 -9999 -9999 -9999
18.0000000230071 17.499999953603 17.5000000233882 16.2500000117898 16.9999999524583 18.4999999999991 18.7499999879245 16.7499999634841 18.9999999509282 20.9999999752727 23.2500000373762 16.2500000878783 14.5 15.7499999617648 18.7500000385192 18.9999999741301 17.250000091213 16.4999999474925 23.4999999735546 22.7500000932227 21.4999999999996 20.250000067543 19.7500000408132 17.2500000410993 14.5000000275901 14.4999999999983 16.4999999999979 15.749999985917 16.2500000425309 17.4999999714558 18.2499999281648 19.9999999710751 18.0000000873494 17.2499999560375 18.7500000442498 18.5000000593812 18.4999999701193 18.7500000150359 19.9999999697368 19.7500000456823 20.0000000000013 19.7499999845834 20.5000000000013 19.2500000156093 18.7499999842944 21.0000000000013 -9999 -9999 -9999 -9999 -9999 -9999 -9999 -9999 -9999 -9999 -9999 -9999 -9999 -9999
17.2500000115038 15.7499999884007 16.0000000233887 15.5000000235801 16.2499999881151 16.2499999880192 15.7499999879241 20.2499999634829 18.5000000490692 15.7500000123624 17.2499999875413 15.5000000251076 16 16.2499999617652 15.2500000128399 14.4999999482598 15.4999999478761 16.2500000131255 17.9999999735563 22.2499999866835 22.9999999731739 23.0000000270163 21.0000000272068 19.750000041098 15.7500000689733 15.749999986108 15.750000013985 14.7499999859183 14.5000000283549 14.2499999857281 16.4999999425317 16.7499999566122 18.5000000291163 18.2499999853461 17.0000000295009 15.5000000000009 14.2499999850601 16.9999999398561 18.9999999697373 19.0000000304546 20.4999999693544 20.0000000925088 19.7500000155138 21.4999999687823 21.7499999842961 22.7500000473982 22.2500000158966 -9999 -9999 -9999 -9999 -9999 -9999 -9999 -9999 -9999 -9999 -9999 -9999 -9999
15.7499999884958 17.2500000347978 16.9999999766118 17.249999988211 15.2500000118853 17.7499999640563 16.7499999879241 18.4999999756564 20.0000000245355 17.2500000370897 15.7500000124583 15.2499999874453 15.499999974701 15.4999999999996 15.000000025681 14.7499999611952 17.0000000260587 15.2500000131255 18.2500000396656 17.9999999733649 20.7499999597589 23.4999999729829 22.7500000136038 22.2500000137002 21.5000000275901 17.2500000694525 17.0000000279721 15.7500000140813 14.5 14 14.7499999568983 14.4999999710738 15.7499999854425 15.5000000293086 13.750000044249 13.9999999703094 14.7499999850592 16.2500000150363 16.9999999697364 18.2500000152273 18.2499999846772 19.7500000154174 20.7500000465401 18.0000000312181 18.49999996859 19.2499999841993 20.4999999999996 20.5000000319804 19.7500000160851 18.4999999676363 -9999 -9999 -9999 -9999 -9999 -9999 -9999 -9999 -9999 -9999
16.74999996549 18.250000011598 17.7500000584733 17.4999999764208 17.2500000118857 20.7499999880188 16.5000000241522 17 20.7499999631959 19.5000000494516 17.7499999626238 17.0000000000004 16.7500000379487 16.2499999872552 15.999999922957 17.9999999999996 16.5000000000009 18.4999999474959 20.4999999735554 19.4999999999991 19.750000013412 20.9999999729816 22.7500000136043 21.7499999863007 21.0000000551806 19.2500000694529 18.0000000279729 16.5000000563253 16.0000000283553 15.5000000570893 14.750000014367 13.7499999566113 14.5 15.9999999999996 17.7499999852485 16.4999999703094 17.7499999850596 17 16.9999999697373 18.749999954319 19 18.7500000154187 18.5000000620555 17.499999937565 18.0000000000004 17.5000000631977 16.7499999841064 18.2499999840092 19.2499999517419 20.250000016181 20.4999999674449 -9999 -9999 -9999 -9999 -9999 -9999 -9999 -9999 -9999
19.2499999884967 20.249999988402 20.0000000701668 18.499999952842 16.2499999881147 18.4999999520759 16.9999999758482 17.9999999756551 19 16.500000024726 17.4999999999996 18.2499999874458 17.2499999620521 16.7500000382344 15.7500000128407 16.2499999870659 15.4999999478787 20.2499999868745 21.4999999471117 22.4999999733636 22.5000000268265 -9999 22.7500000408128 21.0000000000004 21.000000055181 20.7499999861101 21.0000000559442 18.9999999436739 18.2499999574704 17.7500000428182 16.0000000000013 17.0000000000004 16.0000000291163 16.750000014653 14.2499999852493 15.9999999406188 16.7500000149404 14.5 15.4999999394741 16.5000000609083 15.5000000000004 15.4999999999991 14.2499999534587 15.0000000312168 15.2499999842948 15.4999999684007 16.7500000158949 16.4999999680196 18.7499999195713 19.4999999999991 20.2499999837214 21.2500000163728 -9999 -9999 -9999 -9999 -9999 -9999 -9999 -9999
19.00000006902 21.9999999536043 21.2500000116939 18.7500000353682 17.4999999762285 18.2499999880175 18.9999999999991 17.750000012171 20.4999999509299 20.2500000618153 17.250000012457 20.4999999497835 21.9999999999996 18.0000000509783 16.2499999614779 20.2499999870651 18.7500000390921 -9999 18.4999999206693 22.2500000399516 23.2499999061097 25 -9999 -9999 23.0000000275897 21.4999999999987 20.7500000139858 20.5000000281622 19.2499999574683 19.2500000142727 19.0000000000004 15.000000086776 14.2499999854433 14.5000000293086 14.2500000442494 14.7499999851551 15.9999999701193 15.7500000150376 16.0000000302627 14.5000000000009 13.7499999846781 13.2499999845817 13.9999999999983 14.7499999843907 13.2499999842948 14 15.7500000476847 17.0000000639612 16.2500000804283 18.4999999029103 18.7500000162773 18.5 -9999 -9999 -9999 -9999 -9999 -9999 -9999 -9999
18.7500001265405 19.5000000231981 22.2500000116952 21.5000000471618 18.2500000356568 17.4999999760371 18.7499999879224 18.4999999513123 18.5000000490705 17.9999999505467 19.2499999377055 20.2500000376627 23.000000025299 20.2500000382357 17.2500000642031 -9999 -9999 -9999 19.4999999735567 21.9999999467293 21.5000000268257 23.5000000000004 22.2499999863957 22.7500000136964 22.2500000413845 20.4999999722172 22.7499999580412 21.5000000563261 20.9999999999996 19.7500000428169 19.2500000431022 15.5000000578498 13.7500000145584 14.2500000146539 12.9999999705 14.4999999703094 14.499999970118 13 13.4999999999996 12.2499999847723 13 12.2499999845813 13.2499999844858 13.9999999999996 12.9999999685905 15.2499999526026 14.500000031789 15.4999999040593 15.7500000160855 17.9999999999991 18.2500000813841 19.249999950882 20.9999999341271 -9999 -9999 -9999 -9999 -9999 -9999 -9999
-9999 -9999 21.5000000000013 22.2499999646314 22.5000000950847 19.250000035942 19.2500000120759 19 19.0000000736051 15.5000000247269 17.2499999626251 16.2499999623382 17.2499999873516 20.2499999872556 18.250000064204 17.7499999870659 -9999 19.4999999737481 20.2499999603344 20.7499999866814 20.5000000268261 19.7500000405246 17.4999999455834 18.0000000273995 20.0000000275909 19.2499999861097 19.2499999860142 20.4999999718391 21.4999999999996 20.7500000428174 18.4999999712657 17.7500000144625 14.0000000582322 11.7500000439625 12.7500000147498 14.5000000000004 14.5000000298807 15.2499999548911 14.2500000151305 13.250000045681 12.7500000153228 12.7499999229099 12.500000031028 12.2499999843912 14.2499999842957 16.999999968402 15.2500000158949 14.5000000000004 15.0000000321718 15.7499999838203 16.4999999674453 17.9999999672548 19 -9999 -9999 -9999 -9999 -9999 -9999 -9999
22.5000000000017 21.7500000116005 21.0000000233882 18.4999999999996 18.7500000118849 15.9999999999996 17.9999999033886 18.0000000243432 18.4999999754645 18.0000000494529 19.499999975083 19.0000000251089 17.9999999494003 18.7500000382339 17.7500000385209 16.2499999611952 18.2499999869696 21.2499999868749 21.4999999735554 18.2500000932223 17.2499999865859 20.4999999729842 19.0000000544171 17.9999999452022 20.7499999586151 21.5000000277815 20.2500001258746 18.5000000281644 17.2499999858215 19.2500000142727 19.2499999856322 18.0000000289253 17.0000000582322 14.0000000293099 13 14.4999999406188 15.0000000298807 15.4999999699274 14.7500000151318 12.7499999543186 12.0000000306443 11.499999969163 10.5000000620538 10.4999999999996 11.4999999685909 13.4999999052052 15.7499999523165 15.2499999840096 14.5000000321705 17.2500000161814 19.0000000325538 16.0000000654896 15.7499998847226 19.9999999006188 -9999 -9999 -9999 -9999 -9999 -9999
27.7499999884958 26.9999999999979 20.7500000584712 19.249999964628 20.4999999524557 16.0000000479237 17.249999939618 18.2500000365163 16.7500000122669 20.0000000247243 17.7500000373753 19.5 17.4999999747001 19.0000000509813 15.2500000128403 16.0000000517414 17.9999999999991 21.499999947495 18.7500001189988 17.7499999866809 17.9999999999996 19.4999999459658 17.7500000136055 17.9999999726022 19.7500000137948 20.9999999722198 22.0000000839167 19.0000000000004 17.250000042533 14.5000000000004 17.7499999281652 21.4999999999991 20.999999970882 21.4999999999974 19.5000000589958 14.7499999851551 13.9999999999991 14.4999999999996 15.2500000151314 12.5000000304541 11.0000000306447 9.25000004625356 9.74999992243282 10.4999999687827 12 12.9999999052052 14.4999999682119 15.5000000319812 14.7500000160872 15.9999999029107 15.0000000325542 14.250000049118 15.4999999011914 19.4999999668719 -9999 -9999 -9999 -9999 -9999 -9999
29.7499999654879 28.7500000115958 26.5000000233878 23.5000000471593 21.0000000237702 16.7500000119812 16.9999999999996 19.2499999634824 19.7499999631964 20.750000012362 19.500000024917 16.9999999999987 16.7500000126506 15.7500000127452 17.4999998972773 23.5000000000021 25.5000000260617 20.250000118135 17.2500000132219 16.0000000266343 15.2499999865863 15.4999999459641 15.7500000408119 16.7499999589011 18.4999999724103 17.9999999999996 19.2499999580412 17.0000000281622 13.4999999999991 13.9999999714549 17.0000000287343 17.4999999710742 20.9999999708832 21.2499999853448 19.7499999557502 18.0000000890714 16.7499999850605 15.0000000000004 14.5000000302636 13.5000000304541 13 13.2500000154187 9.74999998448622 10.749999953173 12.7500000157048 13.4999999684024 13.0000000317898 13.74999998401 15.7499999839154 18.2499999514558 16.5000000000013 15.2500000163715 16.2499999176588 20.4999999668719 20.5000000333178 -9999 -9999 -9999 -9999 -9999
28.4999999539862 28.250000057995 23.9999999999996 23.7499999410488 24.750000059427 20.9999999999979 19.9999999758461 20.0000000243445 20.2499999631964 18.9999999999991 18.2500000124579 18.2500000125542 17.4999999747006 16.2499999362748 21.9999998972747 26.7499999870634 23.0000001042451 18.2499999868741 17.2499999603344 15.999999973364 15.7500000134124 16.5000000270167 17.2499999863957 16.7499999863007 18.5000000551815 15.0000000277811 16 16.0000000563261 14.9999999716459 13.9999999714545 13.5 13.2500000433878 14.2499999854429 17.2500000146543 16.9999999705004 19.2499999851547 19.2500001045843 12.7499999849637 13.7500000151318 14.2500000152277 12.9999999999991 12.7499999845813 10.0000000310271 10.9999999687819 11.7499999842961 12.0000000000009 13.2499999841055 14 15.5000000000009 16.499999935274 17.0000000976635 17.5000000327461 16.4999999670642 20.2500000496897 19.7499999833407 21.9999999329812 -9999 -9999 -9999 -9999
27.2499999424812 27.4999999999991 25.5000000701681 27.2499998938895 28.2499999881155 26.0000000479241 21.2500000603828 21.0000000243445 24.249999914128 23.2500000865422 19.2499999875417 19.5000000000013 19.7500000379492 21.9999999490217 25.4999999486388 25.5000000776096 19.0000001042447 16.2500000393774 15.2500000396656 16.000000026633 16.2500000134133 15.7499999864917 16.499999972791 17.0000000273978 15.2499999586142 18.4999999999991 15.9999999999996 15.5000000281639 15.7500000141772 14.7499999571818 15.7499999856339 13.9999999710742 14.7500000436734 14.7499999560375 16.9999999705008 19.2499999851547 19.7500000448215 16.7500001052549 12.7500000453945 13.2499999543186 13.2500000153224 12.7500000154179 11.5000000000009 10.2499999843907 9.99999996859046 11.249999984201 12.5 12.9999999680188 17.4999999678286 19.999999967638 19.0000000000009 17.0000000327444 17.4999999011914 21.0000000331276 19.2499999833407 23.7500000167548 -9999 -9999 -9999 -9999
