socal_rasters/climaticMoistureIndex_SPHAsouth_aggfac2.asc
NCOLS 210 
NROWS 130 
XLLCORNER -119.45 
YLLCORNER 32.483333333 
CELLSIZE 0.0166666666666667 
NODATA_value -9999 
[rows 25 to 49 of 130, columns 116 to 173 of 210]
-0.420000001788071 -0.452499992584534 -0.532499983793614 -0.529999986519102 -0.555000007382632 -0.607500000976187 -0.642499997861035 -0.642500012995136 -0.615000009774458 -0.590000004055532 -0.58499999271891 -0.567500010497987 -0.569999994074216 -0.557499975089707 -0.454999994249728 -0.404999993239437 -0.349999994039587 -0.380000002937178 -0.384999997143484 -0.409999997717304 -0.362499997150132 -0.377500003885091 -0.329999998740752 -9999 -9999 -9999 -9999 -9999 -9999 -9999 -9999 -9999 -9999 -9999 -9999 -9999 -9999 -9999 -9999 -9999 -9999 -9999 -9999 -9999 -9999 -9999 -9999 -9999 -9999 -9999 -9999 -9999 -9999 -9999 -9999 -9999 -9999 -9999
-0.307499997651427 -0.342499999958168 -0.47249998704995 -0.557499974851962 -0.564999998306018 -0.589999987747177 -0.649999990825416 -0.672500013951416 -0.687500000118849 -0.679999992491 -0.662499993918747 -0.630000011106543 -0.577500001454749 -0.587500004847782 -0.594999985152576 -0.577499999215099 -0.565000013022939 -0.585000008599533 -0.579999997698223 -0.572499990851304 -0.509999999998698 -0.49749999716506 -0.322500006025532 -0.335000000627727 -9999 -9999 -9999 -9999 -9999 -9999 -9999 -9999 -9999 -9999 -9999 -9999 -9999 -9999 -9999 -9999 -9999 -9999 -9999 -9999 -9999 -9999 -9999 -9999 -9999 -9999 -9999 -9999 -9999 -9999 -9999 -9999 -9999 -9999
-0.45249999347917 -0.48999999396255 -0.497499995273009 -0.527500003005852 -0.612500011575825 -0.639999985230928 -0.655000001426 -0.670000000844941 -0.699999987841365 -0.715000003576283 -0.727500021336913 -0.732500001909875 -0.707500010851539 -0.677500010896712 -0.685000001885874 -0.677500009160155 -0.665000006556503 -0.632500008385844 -0.622499986584204 -0.647499992796738 -0.649999991841155 -0.525000000872623 -0.454999984368524 -0.422499998738146 -0.385000000328192 -9999 -9999 -9999 -9999 -9999 -9999 -9999 -9999 -9999 -9999 -9999 -9999 -9999 -9999 -9999 -9999 -9999 -9999 -9999 -9999 -9999 -9999 -9999 -9999 -9999 -9999 -9999 -9999 -9999 -9999 -9999 -9999 -9999
-0.579999997989391 -0.577499999810787 -0.584999993443429 -0.612499996449312 -0.637499987964025 -0.65249998832714 -0.682500004417534 -0.707499980808611 -0.717500015974396 -0.732500016569488 -0.740000009536743 -0.754999994988188 -0.764999985449535 -0.772499978665952 -0.764999985944043 -0.734999999906101 -0.692499996117071 -0.674999982373481 -0.670000003842624 -0.647500006663088 -0.665000008120196 -0.594999998807928 -0.612499981986358 -0.605000004705015 -0.522499994918897 -0.442499987105558 -9999 -9999 -9999 -9999 -9999 -9999 -9999 -9999 -9999 -9999 -9999 -9999 -9999 -9999 -9999 -9999 -9999 -9999 -9999 -9999 -9999 -9999 -9999 -9999 -9999 -9999 -9999 -9999 -9999 -9999 -9999 -9999
-0.662500008607047 -0.675000011696588 -0.68500000238419 -0.675000011920933 -0.670000016689309 -0.677500009420759 -0.697499990346314 -0.715000003340477 -0.735000014067404 -0.740000009297127 -0.752499997495055 -0.747500002505917 -0.762499987465698 -0.777499973650328 -0.779999971389771 -0.784999996423726 -0.767499983437205 -0.75249999799817 -0.677500010435611 -0.692499994067493 -0.650000008045367 -0.547499991297089 -0.637500001525812 -0.637499988744946 -0.579999999016648 -0.530000000921922 -0.609999983958639 -0.630000010132807 -9999 -9999 -9999 -9999 -9999 -9999 -9999 -9999 -9999 -9999 -9999 -9999 -9999 -9999 -9999 -9999 -9999 -9999 -9999 -9999 -9999 -9999 -9999 -9999 -9999 -9999 -9999 -9999 -9999 -9999
-0.697499990352031 -0.702499985582704 -0.699999988305326 -0.694999992847438 -0.694999992847438 -0.699999988079063 -0.715000003576274 -0.72750002133977 -0.737500011802072 -0.757499992727635 -0.762499987958304 -0.772499978420606 -0.779999971389771 -0.784999996423717 -0.790000021457672 -0.792500018947944 -0.795000016689296 -0.792500018946034 -0.782500014094277 -0.769999995827663 -0.732500002700261 -0.679999992251363 -0.692500010000549 -0.692500011331363 -0.622500017955985 -0.627499997750885 -0.660000009964461 -0.659999996971733 -0.644999995551807 -0.542500007644985 -9999 -9999 -9999 -9999 -9999 -9999 -9999 -9999 -9999 -9999 -9999 -9999 -9999 -9999 -9999 -9999 -9999 -9999 -9999 -9999 -9999 -9999 -9999 -9999 -9999 -9999 -9999 -9999
-0.717500015982036 -0.722500026113871 -0.720000013709073 -0.715000003576283 -0.715000003576283 -0.725000023841862 -0.732500016572357 -0.737500011803031 -0.745000004768376 -0.757499992727635 -0.772499978421565 -0.777499973652238 -0.787500008818023 -0.792500018949858 -0.800000011920929 -0.805000007152562 -0.805000007152562 -0.807500004895824 -0.80250000966515 -0.802500009407394 -0.787499994169852 -0.76249998847287 -0.745000005032825 -0.717500001325275 -0.655000001192093 -0.712500005555236 -0.697499990599295 -0.640000000870055 -0.57749998666055 -0.500000008839626 -0.414999999385668 -9999 -9999 -9999 -9999 -9999 -9999 -9999 -9999 -9999 -9999 -9999 -9999 -9999 -9999 -9999 -9999 -9999 -9999 -9999 -9999 -9999 -9999 -9999 -9999 -9999 -9999 -9999
-0.735000014305111 -0.735000014305111 -0.735000014305111 -0.735000014305111 -0.735000014305111 -0.737500011804937 -0.747500002267238 -0.752499997497912 -0.757499992728585 -0.767499983190887 -0.774999975916612 -0.784999996423717 -0.790000021457672 -0.802500009413111 -0.810000002384186 -0.810000002384186 -0.810000002384186 -0.810000002384186 -0.810000002384186 -0.810000002384186 -0.807500004898676 -0.800000011920929 -0.797500014437333 -0.772500009276869 -0.734999984771028 -0.687500016927451 -0.615000009536752 -0.609999999951923 -0.56499999789174 -0.584999993165661 -0.562500001258708 -0.532499991498109 -9999 -9999 -9999 -9999 -9999 -9999 -9999 -9999 -9999 -9999 -9999 -9999 -9999 -9999 -9999 -9999 -9999 -9999 -9999 -9999 -9999 -9999 -9999 -9999 -9999 -9999
-0.747500002272968 -0.747500002496363 -0.747500002497318 -0.75 -0.747500002269153 -0.754999995231633 -0.759999990463257 -0.76499998569489 -0.772499978423475 -0.777499973654148 -0.784999996423726 -0.792500018951768 -0.800000011920929 -0.810000002384186 -0.810000002384186 -0.810000002384186 -0.810000002384186 -0.810000002384186 -0.807500004896774 -0.805000007152553 -0.80500000741317 -0.800000011920929 -0.790000021457672 -0.784999996690074 -0.767499983713089 -0.732500002463574 -0.677499995315795 -0.642500013250045 -0.622500001970371 -0.569999995069895 -0.494999997317765 -0.487500004611102 -0.489999995202612 -0.437499994690275 -9999 -9999 -9999 -9999 -9999 -9999 -9999 -9999 -9999 -9999 -9999 -9999 -9999 -9999 -9999 -9999 -9999 -9999 -9999 -9999 -9999 -9999 -9999 -9999
-0.764999985694881 -0.764999985694881 -0.764999985694881 -0.764999985694881 -0.764999985694881 -0.767499983194707 -0.772499978425381 -0.779999971389771 -0.784999996423717 -0.787500008820884 -0.797500014184347 -0.805000007152553 -0.807500004645694 -0.810000002384186 -0.810000002384186 -0.810000002384186 -0.810000002384186 -0.810000002384186 -0.802500009665146 -0.800000011920929 -0.800000011920929 -0.790000021457672 -0.790000021457672 -0.779999971389771 -0.764999985963146 -0.737500012326183 -0.70999999398766 -0.682500005179368 -0.672500014443067 -0.635000005920023 -0.584999994562346 -0.467499995572068 -0.434999996634833 -0.387499995957821 -0.35499999729644 -9999 -9999 -9999 -9999 -9999 -9999 -9999 -9999 -9999 -9999 -9999 -9999 -9999 -9999 -9999 -9999 -9999 -9999 -9999 -9999 -9999 -9999 -9999
-0.774999976158146 -0.777499973886133 -0.779999971389771 -0.777499973888043 -0.779999971389771 -0.779999971389771 -0.784999996423726 -0.792500018955588 -0.797500014186262 -0.805000007152562 -0.81000000214266 -0.814999997615818 -0.817499995108955 -0.817499995355261 -0.812500000124587 -0.810000002384186 -0.810000002384186 -0.810000002384186 -0.805000007409367 -0.800000011920929 -0.795000016949913 -0.790000021457672 -0.784999996423717 -0.77749997390713 -0.750000000536517 -0.685000003464873 -0.634999991007423 -0.642499996978912 -0.670000016689305 -0.660000011602698 -0.637499988218933 -0.622500002525003 -0.569999993130979 -0.474999994895916 -0.412500002208498 -0.359999999693237 -0.304999996850223 -9999 -9999 -9999 -9999 -9999 -9999 -9999 -9999 -9999 -9999 -9999 -9999 -9999 -9999 -9999 -9999 -9999 -9999 -9999 -9999 -9999
-0.795000016689296 -0.790000021457672 -0.777500003689419 -0.770000011413361 -0.747499987598088 -0.747499987367053 -0.787500009057649 -0.802500009418841 -0.812499999881143 -0.819999992847443 -0.81000000214266 -0.817499995353351 -0.812500000122681 -0.800000011920933 -0.787500009065285 -0.787499994165086 -0.795000001535153 -0.802500009664195 -0.797500014433522 -0.79250001920284 -0.784999996423726 -0.777499973642697 -0.764999985959326 -0.740000010069454 -0.725000024110123 -0.707500010863898 -0.695000008292745 -0.694999993121429 -0.68250000518222 -0.660000011602698 -0.61999999070639 -0.589999989520022 -0.502499991441176 -0.447499997485681 -0.467499993885178 -0.437499993272546 -0.415000006556498 -0.429999999408878 -0.414999999400905 -9999 -9999 -9999 -9999 -9999 -9999 -9999 -9999 -9999 -9999 -9999 -9999 -9999 -9999 -9999 -9999 -9999 -9999 -9999
-0.802500009425526 -0.792500004508865 -0.765000015723497 -0.777499989245552 -0.745000004078192 -0.795000016689305 -0.772499993794324 -0.807500004414677 -0.819999992609736 -0.827499985575077 -0.812499999879241 -0.814999997859254 -0.797500000017323 -0.730000002936003 -0.782499999181666 -0.764999985945965 -0.73999999488856 -0.764999985439977 -0.787499993654317 -0.789999991655358 -0.767499983701621 -0.747500002515441 -0.735000014569547 -0.725000023841854 -0.732500016286907 -0.742500007287645 -0.717500001600214 -0.702499985831883 -0.685000002660086 -0.665000007112141 -0.627499997755689 -0.622500002806638 -0.562500001559489 -0.5424999894139 -0.52249999387452 -0.517499983166079 -0.492499992105842 -0.519999995827684 -0.497499995376091 -0.454999998508758 -0.414999999404755 -9999 -9999 -9999 -9999 -9999 -9999 -9999 -9999 -9999 -9999 -9999 -9999 -9999 -9999 -9999 -9999 -9999
-0.81499999761581 -0.819999992847443 -0.817499995344756 -0.812500000114082 -0.805000007152557 -0.81499999761581 -0.819999992613548 -0.824999988079067 -0.8299999833107 -0.829999983310699 -0.819999992847443 -0.814999997859254 -0.795000002033495 -0.792500019197118 -0.749999986095541 -0.752499997239209 -0.745000005021357 -0.714999989184914 -0.747500001742172 -0.772500008474017 -0.785000011064273 -0.764999985957399 -0.752499998012465 -0.742500007285722 -0.747500002250062 -0.730000019613832 -0.715000003848361 -0.702499985831883 -0.694999993123343 -0.675000012198739 -0.655000001751531 -0.625000000000008 -0.610000014872196 -0.594999999093345 -0.582499996258688 -0.554999993119156 -0.577499999868131 -0.54999999672667 -0.567500009395295 -0.557500005213683 -0.555000007152506 -0.537499993287705 -0.51499999344808 -9999 -9999 -9999 -9999 -9999 -9999 -9999 -9999 -9999 -9999 -9999 -9999 -9999 -9999 -9999
-0.819999992847443 -0.822499990351084 -0.822499990576389 -0.807500004882458 -0.78499999642373 -0.822499990347269 -0.8299999833107 -0.827499985812783 -0.829999983310699 -0.827499985814693 -0.82249999058402 -0.797500000256002 -0.745000005995145 -0.695000007501322 -0.705000013362196 -0.625000001757591 -0.637499985928632 -0.704999998976557 -0.664999990884893 -0.69750000497634 -0.734999999143323 -0.767499998080585 -0.767499983442931 -0.742499992650942 -0.730000019073495 -0.717500016228338 -0.717500015957211 -0.709999993717485 -0.697499990601209 -0.67500001219874 -0.649999991339029 -0.619999990148859 -0.637500003122018 -0.639999985694894 -0.622500002527872 -0.607500001643523 -0.612500011775358 -0.629999995524723 -0.627499996288366 -0.655000001192102 -0.662499993890141 -0.637500018332499 -0.587500005809181 -0.637499986708653 -0.627500012670225 -9999 -9999 -9999 -9999 -9999 -9999 -9999 -9999 -9999 -9999 -9999 -9999 -9999
-0.827499985806103 -0.829999983310699 -0.829999983310699 -0.824999988079067 -0.824999988079067 -0.834999978542324 -0.832499981043457 -0.829999983310699 -0.8299999833107 -0.824999988318691 -0.819999992847443 -0.812500000121722 -0.762500019721523 -0.600000009682482 -0.682500017551596 -0.73500001430511 -0.705000012860006 -0.669999988671279 -0.642499998083453 -0.649999991576697 -0.68999999709458 -0.71999999880792 -0.727500006424305 -0.742500007285752 -0.74500000476838 -0.740000009536743 -0.737500012329044 -0.722500026363037 -0.715000003852181 -0.694999993125245 -0.675000012200641 -0.677500009677552 -0.675000011920925 -0.665000006841954 -0.657500014140078 -0.637499988223691 -0.642499982873953 -0.667500018926943 -0.675000011920925 -0.692499995380077 -0.689999997317007 -0.715000003877002 -0.689999997615801 -0.697499990920062 -0.672499999557161 -0.65500000119205 -0.672499998628243 -9999 -9999 -9999 -9999 -9999 -9999 -9999 -9999 -9999 -9999 -9999
-0.819999992847434 -0.819999992847434 -0.829999983310699 -0.832499981040596 -0.827499985809918 -0.829999983310699 -0.8299999833107 -0.829999983310699 -0.827499985813738 -0.819999992847443 -0.819999992847443 -0.807500004890094 -0.782499999175936 -0.704999999448213 -0.645000009233836 -0.752499997490276 -0.75249999774232 -0.720000014218886 -0.70000001839503 -0.705000012336931 -0.73000000391172 -0.730000004434857 -0.7125000060927 -0.702499985561716 -0.704999983042438 -0.707499995692582 -0.712500005552328 -0.717500001877073 -0.709999978542328 -0.702499985833793 -0.694999992847447 -0.689999997615814 -0.687499999858232 -0.689999997615814 -0.68500000238419 -0.672500014449752 -0.665000006556519 -0.68749999956038 -0.697499990905746 -0.722499996275285 -0.742500007301978 -0.747500002534557 -0.73000000386971 -0.720000014622705 -0.73000000447879 -0.749999999691652 -0.752500011741321 -0.774999990434953 -0.757499993004507 -0.807499988445293 -9999 -9999 -9999 -9999 -9999 -9999 -9999 -9999
-0.792500003616236 -0.82249999035108 -0.829999983310699 -0.829999983310699 -0.832499981041547 -0.832499981042502 -0.829999983310699 -0.829999983310699 -0.822499990582114 -0.800000011920937 -0.79749999952473 -0.795000016932745 -0.767499983188022 -0.777499973897584 -0.764999985944047 -0.767499983185157 -0.772499978415831 -0.767499983438143 -0.76249998795066 -0.757499992718081 -0.762499988209371 -0.764999985694881 -0.767499983442913 -0.757499993246954 -0.745000004768363 -0.737500012056008 -0.710000008344638 -0.717500015956256 -0.720000028610229 -0.712500006377184 -0.699999988079071 -0.699999988079071 -0.689999997615814 -0.692499995088901 -0.702499985551212 -0.704999983310695 -0.69999998837023 -0.712500005520831 -0.735000014010119 -0.754999994934727 -0.77249997839292 -0.77749998852475 -0.777499989129059 -0.774999990754753 -0.787499994499212 -0.799999997328117 -0.810000002073906 -0.824999987766877 -0.837499990902251 -0.850000008940691 -0.819999993165323 -9999 -9999 -9999 -9999 -9999 -9999 -9999
-0.807499989311105 -0.829999983310699 -0.832499980813386 -0.829999983310699 -0.829999983310699 -0.829999983310699 -0.827499985811828 -0.822499990581155 -0.805000007390264 -0.789999991655341 -0.769999996310728 -0.754999995231624 -0.774999976158138 -0.779999971389771 -0.782499984031334 -0.784999996423726 -0.784999996423726 -0.790000021457672 -0.784999996423726 -0.784999996423726 -0.777500003445983 -0.784999996423726 -0.790000006292073 -0.795000016689305 -0.782499998942044 -0.774999976158146 -0.762499988215122 -0.750000000000009 -0.722500012014641 -0.70749998078761 -0.694999992847438 -0.697499990322439 -0.694999992847447 -0.699999988079071 -0.709999978542328 -0.722500026081419 -0.730000018782327 -0.740000009243666 -0.752499997468321 -0.767499983162251 -0.782499983757341 -0.792500018923128 -0.800000011920933 -0.800000011616392 -0.817499995078405 -0.829999983002343 -0.842499986135797 -0.855000019073491 -0.860000013991028 -0.870000004768372 -0.875000000000004 -0.875000000319812 -0.872500002223335 -0.882499992361997 -9999 -9999 -9999 -9999
-0.7974999986254 -0.837499976045965 -0.839999973773956 -0.832499981040596 -0.829999983310699 -0.824999988079075 -0.819999992847443 -0.819999992847443 -0.802500009655601 -0.774999991538545 -0.76499998569489 -0.757499992969165 -0.752499997738496 -0.777499973650328 -0.790000021457672 -0.792500018947944 -0.797500014431608 -0.800000011920929 -0.800000011920929 -0.800000011920929 -0.800000011920929 -0.767500014556921 -0.745000003975077 -0.805000007152553 -0.805000007152553 -0.807500004903455 -0.790000006828588 -0.779999986564919 -0.742500008118203 -0.730000019351293 -0.704999998771298 -0.689999997334179 -0.694999992847438 -0.699999987793621 -0.709999978542328 -0.725000023552605 -0.737500011775345 -0.75 -0.747500002531696 -0.754999994637843 -0.752499997466428 -0.784999996123009 -0.807500004314427 -0.819999992847443 -0.829999983004244 -0.839999973773956 -0.850000023841858 -0.845000014333444 -0.852500007027659 -0.859999998140026 -0.879999995231629 -0.889999985694885 -0.889999985694885 -0.892499983148881 -0.899999976158142 -9999 -9999 -9999
-0.834999978542332 -0.832499981263031 -0.832499981039641 -0.82499998830724 -0.82249999057829 -0.812500000115984 -0.810000002384186 -0.787500009294387 -0.772499993562334 -0.767499983430508 -0.759999990463257 -0.747500002749344 -0.740000009291397 -0.769999980431993 -0.79000000630734 -0.800000011920929 -0.800000011920929 -0.802500009409295 -0.805000007152562 -0.780000001450779 -0.769999996348897 -0.739999995423172 -0.774999975893705 -0.810000002384186 -0.814999997347553 -9999 -0.812500000136047 -0.797499999814951 -0.742500007014605 -0.759999990463257 -0.73749999771908 -0.720000013427441 -0.707499995402366 -0.715000003576283 -0.727500021314003 -0.712500005815844 -0.722499996278129 -0.707500011168435 -0.665000007146486 -0.652500003130912 -0.662500009687677 -0.697500019814478 -0.735000013397213 -0.775000005960422 -0.735000014305068 -0.807499974811841 -0.785000013186484 -0.745000006017067 -0.732500000060619 -0.829999996631932 -0.872500002225232 -0.86499999431576 -0.862499997502316 -0.897499978380514 -0.902499988512348 -0.910000026226044 -9999 -9999
-0.822499990574487 -0.782499999593138 -0.747499987596174 -0.792499989157094 -0.787499994154577 -0.782499999155882 -0.780000001192106 -0.787499994157438 -0.767499983429548 -0.750000000479245 -0.740000009536743 -0.75 -0.747500002261509 -0.757499992723819 -0.782499998434153 -0.800000011920929 -0.800000011920929 -0.805000006897657 -0.787499995195183 -0.714999987381578 -0.780000000931472 -9999 -0.78750000907292 -0.805000006886206 -0.8174999950975 -0.819999992847443 -9999 -9999 -0.799999997847458 -0.777499988258394 -0.762499988498654 -0.737500012343372 -0.717500001333861 -0.737500011778197 -0.747500002240508 -0.725000009519208 -0.685000002966525 -0.640000016669527 -0.607499987034455 -0.579999983607609 -0.605000003574702 -0.639999999393169 -0.667500003718397 -0.687500000152281 -0.67500001222738 -0.652500002497043 -0.667500006499384 -0.549999996707624 -0.652500002162913 -0.747500000646277 -0.820000007748624 -0.745000004448593 -0.779999998296699 -0.862499996534334 -0.837499991873187 -0.897500007526025 -9999 -9999
-0.767499998767966 -0.754999995007279 -0.750000000678782 -0.757499992277013 -0.767499983195662 -0.764999985926866 -0.745000005002262 -0.75749999249374 -0.769999981164224 -0.76499998569489 -0.759999990704787 -0.75 -0.754999994986278 -0.757499992971075 -0.772499992820561 -0.795000016438221 -0.805000006899567 -0.810000002384186 -0.807500004896779 -9999 -9999 -9999 -0.775000005167137 -0.810000002384186 -0.812499999865867 -0.819999992847443 -0.819999992847443 -0.819999992847443 -0.817499995369581 -0.810000002384186 -0.777500019736198 -0.759999990181635 -0.757499992989223 -0.757499993561062 -0.752499997472136 -0.73750001264406 -0.675000012503259 -0.657500014148685 -0.617500007595047 -0.612499997168234 -0.59999999433836 -0.597499995972629 -0.624999999394725 -0.647500007887824 -0.634999991076151 -0.532499994286752 -0.439999998546611 -0.424999996083216 -0.570000004293576 -0.687499999841972 -0.71999999817209 -0.625000003517814 -0.629999993301311 -0.722500010515757 -0.755000008830625 -0.812499983297859 -0.897499978377645 -9999
-0.792500005395728 -0.772499993106958 -0.769999981152773 -9999 -9999 -9999 -0.76249998819601 -0.767499983192797 -0.769999980926514 -0.759999990463253 -0.749999999999991 -0.752499997494088 -0.757499992724765 -0.759999990463257 -0.764999985445715 -0.787500008815158 -0.800000011920929 -0.805000007152562 -0.810000002384186 -0.805000007411256 -9999 -0.757499993241199 -0.807500004636149 -0.810000002384186 -0.810000002384186 -0.810000002384186 -0.812500000136042 -0.814999997615818 -0.819999992847443 -0.819999992847443 -0.817499995371486 -0.787500009926376 -0.700000018164938 -0.667500003744172 -0.637500002836579 -0.677499994490974 -0.647499994171404 -0.622500002530724 -0.615000009241743 -0.634999990760162 -0.597499996871949 -0.542499990323688 -0.539999991352744 -0.56750000998055 -0.540000000331775 -0.437500002621098 -0.34749999750969 -0.33250000281002 -0.429999996875191 -0.457500005964169 -0.517499990284509 -0.530000011520926 -0.482499999053595 -0.654999999573892 -0.797499983363396 -0.825000002980253 -0.864999992988789 -9999
-0.812500000111222 -0.787500009501564 -0.767499983650082 -0.752499997729897 -0.747500002499219 -0.757499992731446 -0.757499992964377 -0.745000004768359 -0.722499996304838 -0.732500001428689 -0.722499996302924 -0.730000004415749 -0.737500011798247 -0.752499997492178 -0.757499992722851 -0.774999990557134 -0.795000016436311 -0.800000011920929 -0.807500004639964 -0.797500014434464 -0.785000011846113 -0.810000002384186 -0.810000002384186 -0.807500004901545 -0.805000007152553 -0.792500004577572 -0.724999995672022 -0.74750000032923 -0.810000002384186 -0.814999997338004 -0.819999992847443 -0.819999992847443 -0.795000003205864 -0.705000015111235 -0.620000020244233 -0.612500011776304 -0.619999991031872 -0.650000005960477 -0.652500018034958 -0.615000010130542 -0.620000004469569 -0.614999994936321 -0.562500000756599 -0.482500003158582 -0.422500000476535 -0.355000005097418 -0.362499996864668 -0.375000001248742 -0.270000005433073 -0.197500001397894 -0.197500003660628 -0.33499999376325 -0.402499992104239 -0.579999995622746 -0.645000009101065 -0.704999996902027 -0.81999999120061 -0.900000019867797
