socal_rasters/climaticMoistureIndex_SPHAsouth_aggfac2.asc
NCOLS 210 
NROWS 130 
XLLCORNER -119.45 
YLLCORNER 32.483333333 
CELLSIZE 0.0166666666666667 
NODATA_value -9999 
[rows 100 to 124 of 130, columns 116 to 173 of 210]
-9999 -9999 -9999 -9999 -9999 -9999 -9999 -9999 -9999 -9999 -9999 -9999 -9999 -9999 -9999 -0.75 -0.754999995231633 -0.754999995231633 -0.752499997744225 -0.754999995231633 -0.747500002775107 -0.747500002515445 -0.742500007284776 -0.722500011724403 -0.697499990597377 -0.730000018803311 -0.732500016553262 -0.742500007289551 -0.747500002246233 -0.740000009814558 -0.722500011744462 -0.689999998179075 -0.6700000166893 -0.632500008462224 -0.647500007626288 -0.697499990029379 -0.709999993734649 -0.725000008354516 -0.72750002160517 -0.712499991207749 -0.704999983310695 -0.679999993153574 -0.652500018023507 -0.677500009079938 -0.704999997598949 -0.754999995231616 -0.772499978387195 -0.745000005392738 -0.697500006777851 -0.642499997737895 -0.63250000822543 -0.600000009260497 -0.584999994730314 -0.512500006054793 -0.382499993010212 -0.39249999772068 -0.405000000862731 -0.41749998910553
-9999 -9999 -9999 -9999 -9999 -9999 -9999 -9999 -9999 -9999 -9999 -9999 -9999 -9999 -9999 -0.740000009536739 -0.740000009789729 -0.737500012048381 -0.742500007024155 -0.747500002254837 -0.75 -0.745000004768372 -0.745000005032813 -0.732500016822478 -0.735000014305119 -0.735000014845452 -0.727500005876315 -0.747500002521183 -0.747500002246238 -0.747500002523093 -0.745000004768376 -0.725000009503954 -0.689999997615818 -0.677500009679479 -0.685000002096851 -0.692499995087004 -0.727500006119772 -0.717500001631696 -0.70499999791686 -0.720000014005966 -0.707499980777106 -0.682499990919738 -0.672499999252643 -0.677499993569681 -0.737500010848356 -0.777499973928135 -0.747500003470132 -0.689999998240168 -0.662499994824763 -0.607500002262127 -0.594999998489988 -0.609999999723745 -0.564999998580951 -0.435000005944142 -0.37250000254695 -0.387499995038467 -0.4025000034116 -0.427499994469952
-9999 -9999 -9999 -9999 -9999 -9999 -9999 -9999 -9999 -9999 -9999 -9999 -9999 -9999 -9999 -0.740000009536739 -0.740000009283749 -0.747500002256734 -0.747500002512593 -0.747500002513539 -0.742500007022249 -0.747500002252922 -0.754999995231624 -0.754999995231628 -0.745000004768376 -0.74500000476838 -0.745000004768376 -0.742500007289559 -0.727500021595625 -0.727500021318769 -0.730000019353211 -0.719999998807907 -0.715000003859811 -0.707499995399496 -0.712499990915624 -0.70749999510453 -0.749999999999992 -0.687500015340774 -0.717500015945755 -0.717500015944805 -0.717500016242658 -0.699999988379801 -0.635000005969715 -0.667500018921214 -0.757499991468406 -0.752499997461649 -0.709999994374312 -0.667500004640595 -0.655000001506186 -0.649999991375279 -0.657499998966835 -0.629999997150452 -0.549999997663204 -0.417499998825361 -0.374999992874949 -0.389999999941142 -0.42249999858055 -0.484999990628264
-9999 -9999 -9999 -9999 -9999 -9999 -9999 -9999 -9999 -9999 -9999 -9999 -9999 -9999 -9999 -9999 -0.75 -0.737500012048381 -0.742500007024155 -0.747500002513543 -0.745000004768367 -0.742500007021298 -0.747500002251967 -0.747500002517359 -0.722499997094377 -0.72750002159276 -0.722500011188835 -0.732500016278308 -0.73500001430511 -0.722500026364947 -0.720000013988794 -0.732500016266857 -0.725000023841858 -0.725000008940706 -0.740000008962057 -9999 -9999 -0.714999989554354 -0.707500010876321 -0.692499995380068 -0.642499998660042 -0.585000008946063 -0.592499999830244 -0.692500008762356 -0.762499989151639 -0.687499999537456 -0.680000007152549 -0.670000016689301 -0.675000011606847 -0.695000008064604 -0.65999999833106 -0.642500013912512 -0.574999990009359 -0.504999996526188 -0.449999990357897 -0.417499997212934 -0.457500002454874 -0.499999986755186
-9999 -9999 -9999 -9999 -9999 -9999 -9999 -9999 -9999 -9999 -9999 -9999 -9999 -9999 -9999 -9999 -0.735000014052129 -0.747500002511634 -0.747500002255783 -0.742500007281911 -0.740000009536743 -0.745000004768367 -0.75 -0.747500002517359 -0.740000009805 -0.732500016554213 -0.730000019073486 -0.722500026089046 -0.722500026363992 -0.722500026087136 -0.732500016829159 -0.737500011780107 -0.735000014588655 -0.735000013734218 -0.752499997472136 -0.750000000867759 -0.71500000386745 -0.704999983310695 -0.682500004915857 -0.692500009984319 -0.675000012219693 -0.592500002545313 -0.635000004759133 -0.702500013517682 -0.742499994243336 -0.670000016380931 -0.687499999224293 -0.719999998495709 -0.727500006399458 -0.700000019145335 -0.597499997536353 -0.62000000412876 -0.602500007360785 -0.579999998859117 -0.537500009754563 -0.502499997124626 -0.514999985694885 -0.46750000202028
-9999 -9999 -9999 -9999 -9999 -9999 -9999 -9999 -9999 -9999 -9999 -9999 -9999 -9999 -9999 -9999 -0.730000019073486 -0.740000009536739 -0.745000004768372 -0.740000009536743 -0.75 -0.747500002252922 -0.75 -0.75 -0.747500002518318 -0.735000014575286 -0.735000014305119 -0.730000019347473 -0.725000023841858 -0.73000001879568 -0.740000010096188 -0.747500002243377 -0.727500021882985 -0.732500016546577 -0.754999994944285 -0.769999980926514 -0.71750001653001 -0.71999999880792 -0.734999998224004 -0.769999980332719 -0.769999980926518 -0.749999999699296 -0.729999989876461 -0.747499986721681 -0.762499989151644 -0.719999998191164 -0.722500012410813 -0.692499993514617 -0.717500001663233 -0.689999998247786 -0.647499994556133 -0.634999990463253 -0.582499996631962 -0.522499992958029 -0.510000004387795 -0.530000000864637 -0.52750000374097 -0.442500003179111
-9999 -9999 -9999 -9999 -9999 -9999 -9999 -9999 -9999 -9999 -9999 -9999 -9999 -9999 -9999 -9999 -0.730000019073486 -0.730000019073486 -0.735000014048305 -0.740000009536743 -0.740000009536743 -0.747500002252922 -0.75 -0.75 -0.75 -0.75 -0.730000019345567 -0.735000014305111 -0.740000009260838 -0.74250000701365 -0.762499987939209 -0.745000005050002 -0.750000000283532 -0.745000004482921 -0.759999990463248 -0.77249997810845 -0.769999980926505 -0.759999990463244 -0.764999985694894 -0.754999995528543 -0.722500011474283 -0.722500010873798 -0.727499990596149 -0.747499988853476 -0.68999999761581 -0.650000007193915 -0.632500008214035 -0.607500000695541 -0.664999991969458 -0.650000006908433 -0.597500012119654 -0.582499996627204 -0.577500001078624 -0.560000002384182 -0.542500004335084 -0.564999997288354 -0.542500003678271 -0.500000000331243
-9999 -9999 -9999 -9999 -9999 -9999 -9999 -9999 -9999 -9999 -9999 -9999 -9999 -9999 -9999 -9999 -0.730000019073486 -0.735000014050215 -0.737500012049332 -0.740000009536743 -0.742500007022253 -0.745000004505849 -0.75 -0.75 -0.75 -0.75 -0.735000014577196 -0.735000013757129 -0.749999999724104 -0.75 -0.769999980926514 -0.759999990463265 -0.769999980926514 -0.772499978399605 -0.774999976158142 -0.77999997138977 -0.774999976449305 -0.759999990463257 -0.752499997763308 -0.75 -0.742500007301965 -0.73250001714038 -0.735000013699857 -0.735000014609652 -0.712500006113688 -0.680000008385997 -0.604999991443067 -0.522499992350866 -0.642500011699617 -0.66250000941468 -0.632500007907575 -0.56000000398318 -0.530000000870367 -0.56000000141329 -0.579999983310699 -0.567499996377716 -0.562500000494036 -0.542500004669236
-9999 -9999 -9999 -9999 -9999 -9999 -9999 -9999 -9999 -9999 -9999 -9999 -9999 -9999 -0.740000009536743 -0.720000013960153 -0.727500006177032 -0.732500016816748 -0.737500011792526 -0.740000009536743 -0.742500007022253 -0.745000004505849 -0.75 -0.75 -0.757499992981575 -0.752499997750897 -0.740000009536743 -0.727500021868652 -0.762499987941123 -0.769999980926514 -0.769999980926514 -0.769999980926514 -0.77249997840056 -0.769999981211972 -0.757499992703773 -0.764999985694889 -0.769999981217677 -0.76249998822561 -0.757499992994941 -0.727500007298763 -0.685000002981813 -0.71250000490794 -0.737500012072247 -0.720000014013606 -0.697499990616476 -0.682500004922546 -0.667500004327447 -0.639999999659477 -0.6700000166893 -0.665000021457676 -0.657499984383594 -0.602499977873466 -0.570000008391993 -0.57000000807222 -0.567499995394414 -0.527499997926675 -0.482500001294082 -0.537500008443786
-9999 -9999 -9999 -9999 -9999 -9999 -9999 -9999 -9999 -9999 -9999 -9999 -9999 -9999 -9999 -0.717500016218797 -0.725000023588868 -0.737500012048381 -0.732500016560893 -0.740000009536743 -0.740000009536743 -0.742500007021294 -0.75 -0.75 -0.752499997749942 -0.754999995231633 -0.747500002520228 -0.75749999298444 -0.732500002201989 -0.740000008981114 -0.754999994951904 -0.764999985694881 -0.769999980926514 -0.769999980926514 -0.759999990463265 -0.757499992992071 -0.757499992993022 -0.740000009829812 -0.720000014004052 -0.720000013412157 -0.730000018774679 -0.740000009536756 -0.712500006414401 -0.704999998211853 -0.699999988385518 -0.69249999507745 -0.689999997926089 -0.680000007776923 -0.670000016375214 -0.677500009378766 -0.660000011960662 -0.625000015220945 -0.597499996906281 -0.582499981088332 -0.555000007803641 -0.542499990089798 -0.529999985961573 -0.57750000009914
-9999 -9999 -9999 -9999 -9999 -9999 -9999 -9999 -9999 -9999 -9999 -9999 -9999 -9999 -9999 -0.732500016563758 -0.73500001430511 -0.742500006770205 -0.740000009536743 -0.740000009536743 -0.740000009536743 -0.740000009536743 -0.75 -0.75 -0.759999990463257 -0.767499983175612 -0.764999985966966 -0.75749999298444 -0.742500007566411 -0.734999998848323 -0.747500002244323 -0.75 -0.769999980926514 -0.769999980926514 -0.769999980926514 -0.767499983455324 -0.764999985694881 -0.735000014891274 -0.712499991206798 -0.720000013115256 -0.764999985993697 -0.75499999523162 -0.74500000507099 -0.709999993138938 -0.714999989288012 -0.697499990309074 -0.709999993753761 -0.704999998211868 -0.664999992911719 -0.63249999268944 -0.610000013987213 -0.610000000043557 -0.61500000953673 -0.592499986776378 -0.594999998156806 -0.569999993174882 -0.58500000768591 -0.57499998841033
-9999 -9999 -9999 -9999 -9999 -9999 -9999 -9999 -9999 -9999 -9999 -9999 -9999 -9999 -9999 -9999 -0.740000009536743 -9999 -0.745000005025181 -0.740000009536743 -0.740000009536743 -0.742500007021298 -0.745000004503931 -0.754999995231633 -0.762499987676682 -0.764999985965056 -0.759999990463257 -0.747500002521179 -0.75 -0.75 -0.752499997475956 -0.752499997756632 -0.769999980926514 -0.769999980926514 -0.769999980926514 -0.772499978686952 -0.769999980926514 -0.762499987932537 -0.737499997462271 -0.740000009239846 -0.777499973923364 -0.769999981227239 -0.730000019678749 -0.72249999596692 -9999 -0.727500007019047 -0.745000005078643 -0.727500021613756 -0.72250001148194 -0.680000007468533 -0.657500013868018 -0.639999986014693 -0.644999996149398 -0.664999991979007 -0.650000007913701 -0.587500006124163 -0.557500005262404 -0.569999992847434
-9999 -9999 -9999 -9999 -9999 -9999 -9999 -9999 -9999 -9999 -9999 -9999 -9999 -9999 -9999 -9999 -9999 -9999 -0.747500002512589 -0.740000009536743 -0.742500007022249 -0.75 -0.754999994967187 -0.75749999298062 -0.754999995231633 -0.759999990463257 -0.759999990463257 -0.759999990463257 -0.759999990463257 -0.759999990463257 -0.759999990463257 -0.75000000028163 -0.754999994948097 -0.762499988221803 -0.762499988222745 -0.769999980926514 -0.76249998822465 -0.775000005081218 -0.782500014151563 -0.775000005663576 -0.779999986589744 -0.759999990763965 -0.75499999523162 -0.747500003145537 -0.709999993443493 -0.685000002692547 -0.655000000881835 -0.685000002072009 -0.69499999253336 -0.68250000492637 -0.654999986926711 -0.644999980926514 -0.692499994427342 -0.667500005628681 -0.567499996371023 -0.532500013217883 -0.555000007152553 -0.550000011920933
-9999 -9999 -9999 -9999 -9999 -9999 -9999 -9999 -9999 -9999 -9999 -9999 -9999 -9999 -9999 -9999 -0.740000009536743 -0.740000009536743 -0.74250000702415 -0.742500007023204 -0.742500007022249 -0.747500002252922 -0.75 -0.75 -0.754999994963367 -0.759999990463257 -0.759999990463257 -0.759999990463257 -0.759999990463257 -0.759999990463257 -0.762499987939213 -0.762499988219893 -0.757499992989219 -0.759999990463261 -0.772499978398658 -0.782499984051375 -0.782499983761166 -0.784999996716803 -0.757500008781068 -0.722500010582609 -0.765000000596028 -0.727500007609026 -0.680000008060427 -0.712500020404807 -0.707499981079741 -0.694999992847447 -0.685000002694457 -0.640000001220409 -0.639999999967855 -0.65500000119208 -0.665000021457672 -0.689999996656423 -0.702500001400325 -0.652500004061731 -0.61000000005506 -0.560000003039119 -0.545000001458772 -0.552500009371114
-9999 -9999 -9999 -9999 -9999 -9999 -9999 -9999 -9999 -9999 -9999 -9999 -9999 -9999 -9999 -9999 -0.735000014305119 -0.737500011793481 -0.74250000702415 -0.747500002513539 -0.740000009536743 -0.745000004505849 -0.75 -0.75 -0.754999995231624 -0.762499987943983 -0.759999990463257 -0.762499987942074 -0.762499987941119 -0.769999980926514 -0.777499973634094 -0.774999976439777 -0.767499983168931 -0.769999980926514 -0.787500008797022 -0.787500008796071 -0.79250001921907 -0.78249998405329 -0.75999999105324 -0.727499991803786 -0.712500006109872 -0.717500016544335 -0.699999988381698 -0.68500000238419 -0.682500004921604 -0.685000001767468 -0.682500004613243 -0.627500015482712 -0.615000007966283 -0.652500003418263 -0.684999987165113 -0.704999997252445 -0.674999998628349 -0.640000000919684 -0.595000000435619 -0.572500005528168 -0.542500002360849 -0.609999998741392
-9999 -9999 -9999 -9999 -9999 -9999 -9999 -9999 -9999 -9999 -9999 -9999 -9999 -9999 -9999 -9999 -0.730000019073486 -0.740000009536743 -9999 -9999 -0.75 -0.747500002252927 -0.75 -0.757499992714269 -0.762499987944943 -0.764999985694885 -0.764999985694889 -0.767499983447697 -0.767499983172751 -0.769999980926514 -0.779999971389771 -0.759999990181631 -0.774999976158142 -0.777499973631229 -0.785000011612222 -0.774999990770041 -0.774999976158138 -0.767499983457242 -0.754999994936641 -0.757499992995895 -0.745000005365994 -0.699999987778345 -0.71000000864729 -0.672500015066478 -0.662500008787477 -0.652500003730466 -0.61500000984701 -0.600000023841858 -0.669999985316526 -0.712499990585333 -0.732500016848249 -0.707500010888736 -0.665000006234805 -0.675000012244561 -0.655000016418801 -0.599999995349369 -0.569999992518098 -0.602499990827166
-9999 -9999 -9999 -9999 -9999 -9999 -9999 -9999 -9999 -9999 -9999 -9999 -9999 -9999 -9999 -9999 -0.735000014052125 -9999 -0.75 -9999 -9999 -0.752499997484551 -0.752499997483592 -0.759999990463257 -0.767499983176567 -0.769999980926514 -0.772499978678366 -0.772499978405335 -0.77249997868028 -0.774999975880332 -0.782499983766883 -0.784999996423717 -9999 -0.790000006556506 -0.742499992682431 -0.745000004479131 -0.757499992701855 -0.759999990463253 -0.762499987931573 -0.767499983756045 -0.752499998064029 -0.725000008038519 -0.745000004465732 -0.727500007317858 -0.670000003626864 -0.639999999979353 -0.662500008785567 -0.672499998935662 -0.710000008030551 -0.7049999833107 -0.747500002225237 -0.712500007399589 -0.687500000482568 -0.672500014790556 -0.644999981252051 -0.632499993011171 -0.610000014634481 -0.59999999337699
-9999 -9999 -9999 -9999 -9999 -9999 -9999 -9999 -9999 -9999 -9999 -9999 -9999 -9999 -9999 -9999 -9999 -9999 -9999 -9999 -0.75249999748551 -9999 -9999 -0.767499983177526 -0.769999980926514 -0.772499978407245 -0.777499973909999 -0.777499973910954 -0.77249997868028 -0.779999986013125 -0.790000006556514 -9999 -0.782499984332051 -0.757499992704707 -0.694999993134803 -0.730000003593831 -0.769999980926518 -0.757499992993977 -0.767499982573219 -0.7824999840552 -0.77749998882453 -0.777499973924319 -0.762499988835647 -0.722499997185074 -0.652500003729519 -0.662499993577013 -0.657499999893868 -0.647499993287391 -0.675000010664542 -0.705000012797021 -0.742500006675715 -0.737500012080833 -0.732500001627298 -0.705000013436671 -0.692500010295581 -0.66249999485818 -0.634999990463265 -0.642499999040047
-9999 -9999 -9999 -9999 -9999 -9999 -9999 -9999 -9999 -9999 -9999 -9999 -9999 -9999 -9999 -9999 -9999 -9999 -9999 -9999 -9999 -9999 -9999 -9999 -0.779999971389771 -0.779999971389771 -0.779999971389771 -0.779999971389771 -0.787500008802743 -0.79500001641149 -0.800000011920929 -0.797500014445932 -0.774999976441682 -0.764999985409431 -0.77249997839865 -0.784999996423717 -0.774999976449305 -0.739999994928652 -0.774999990469315 -0.784999996423726 -0.787499993591315 -0.790000006857229 -0.780000001494716 -0.749999999999987 -0.747500002230954 -0.694999993155804 -0.677500010002152 -0.667500019541756 -0.670000016375205 -0.692499994757647 -0.727500006079667 -0.705000013432834 -0.692500025194831 -0.717500001353937 -0.724999994039561 -0.722499996587466 -0.735000013975744 -0.730000004834861
-9999 -9999 -9999 -9999 -9999 -9999 -9999 -9999 -9999 -9999 -9999 -9999 -9999 -9999 -9999 -9999 -9999 -9999 -9999 -9999 -9999 -9999 -9999 -9999 -0.77999997138977 -0.784999996423726 -0.790000021457672 -0.792500018936493 -0.800000011920929 -0.792500004033413 -0.790000021457672 -0.787500009081511 -0.782499984048515 -0.782499984049474 -0.787500008797026 -0.784999996712976 -0.750000000582326 -0.742500007299096 -0.790000005966523 -0.792500004320783 -0.797499999852169 -0.784999996423717 -0.792500004323644 -0.780000001192101 -0.764999985388438 -0.704999999445319 -0.667500019228624 -0.647499993911764 -0.680000006524376 -0.717500000402138 -0.762500004092872 -0.722500011804595 -0.70750001056799 -0.712500005475017 -0.697499991277114 -0.682500004604652 -0.717500016257938 -0.682500005265273
-9999 -9999 -9999 -9999 -9999 -9999 -9999 -9999 -9999 -9999 -9999 -9999 -9999 -9999 -9999 -9999 -9999 -9999 -9999 -9999 -9999 -9999 -9999 -9999 -0.784999996155459 -0.790000021457672 -0.790000021457672 -0.792500019210484 -0.792500019211434 -0.790000021457672 -0.790000021457672 -0.790000021457672 -0.790000021457672 -0.787500008797973 -0.795000016689296 -0.797500014449739 -0.795000016689296 -0.787499994186061 -0.797500014157621 -0.78249999925327 -0.772499993592911 -0.777499973924315 -0.787499993888226 -0.779999986595478 -0.782499984059974 -0.742499993639015 -0.692499995386753 -0.659999996735881 -0.687499999528862 -0.754999993019728 -0.780000002781567 -0.707499996307383 -0.694999993169156 -0.680000007152549 -0.694999992521892 -0.71250002037044 -0.720000028610229 -0.687500000828177
-9999 -9999 -9999 -9999 -9999 -9999 -9999 -9999 -9999 -9999 -9999 -9999 -9999 -9999 -9999 -9999 -9999 -9999 -9999 -9999 -9999 -9999 -9999 -9999 -9999 -0.792500018938403 -0.792500019209529 -0.797500014168122 -0.792500019211439 -0.790000021457672 -0.790000021457672 -0.795000016689305 -0.790000021457672 -0.792500018930763 -0.802500009680417 -9999 -0.807500004913951 -0.800000011920925 -0.784999996718704 -0.754999996419238 -0.677499993888525 -0.759999990162531 -0.76249998823038 -0.76999999643675 -0.762499987619392 -0.764999986003246 -0.72499999528063 -0.732499987043096 -0.734999984188727 -0.792500002750417 -0.757500008861218 -0.709999993443493 -0.682500005894367 -0.702500014364491 -0.717500015930484 -0.717500016256979 -0.704999998870581 -0.665000008212862
-9999 -9999 -9999 -9999 -9999 -9999 -9999 -9999 -9999 -9999 -9999 -9999 -9999 -9999 -9999 -9999 -9999 -9999 -9999 -9999 -9999 -9999 -9999 -9999 -9999 -0.797500014170027 -0.800000011920929 -0.800000011920929 -0.800000011920929 -0.800000011920929 -0.797500014444973 -0.800000011920929 -0.797500014446883 -0.805000007152553 -0.81499999761581 -0.807500004912996 -0.777500003721871 -0.772499993590041 -0.735000000878916 -0.702500001932119 -0.602499991804775 -0.677499994184531 -0.707500010577548 -0.725000008027077 -0.757499992387755 -0.769999980309796 -0.774999976158142 -0.794999985638253 -0.814999997929909 -0.810000003016153 -0.7775000050068 -0.730000019393286 -0.722500011485734 -0.720000028610229 -0.720000028610229 -0.712500006124197 -0.699999988079067 -0.69249999473471
-9999 -9999 -9999 -9999 -9999 -9999 -9999 -9999 -9999 -9999 -9999 -9999 -9999 -9999 -9999 -9999 -9999 -9999 -9999 -9999 -9999 -9999 -9999 -0.79500001642295 -9999 -0.800000011920929 -0.802500009400705 -0.807500004631374 -0.810000002384186 -0.810000002384186 -0.810000002384186 -0.812500000140817 -0.810000002100654 -0.81499999761581 -0.81499999761581 -0.80500000744181 -0.782499999244667 -0.762500004299115 -0.705000013998002 -0.642500014745975 -0.624999998804787 -0.622500002835291 -0.670000002090805 -0.71250000367641 -0.784999996423721 -0.800000011304203 -0.799999997640336 -0.77500000627262 -0.719999998807886 -0.707500010254837 -0.737499996542907 -0.745000004768359 -0.735000014305115 -0.735000014305123 -0.735000014630665 -0.72000001403653 -0.717500015599217 -0.740000009868019
-9999 -9999 -9999 -9999 -9999 -9999 -9999 -9999 -9999 -9999 -9999 -9999 -9999 -9999 -9999 -9999 -9999 -9999 -9999 -9999 -9999 -9999 -9999 -0.797500014171937 -0.800000011920929 -0.80250000940166 -0.807500004632329 -0.810000002384186 -0.805000007152553 -0.795000016967111 -0.800000011920929 -0.800000011920929 -0.802500009394971 -0.810000002384186 -0.810000002384186 -0.807500004912996 -0.797499999840693 -0.777499989114743 -0.737499997757258 -0.685000002087267 -0.68499998628777 -0.712500007012961 -0.752499997161838 -0.772499991159404 -0.832499980773282 -0.829999982693969 -0.819999994088522 -0.739999995884298 -0.687499986512259 -0.627500011727 -0.722499995628983 -0.74250000667285 -0.747500002223327 -0.75 -0.752499997778583 -0.745000005095819 -0.749999999999996 -0.740000009868023
