socal_rasters/climaticMoistureIndex_SPHAsouth_aggfac2.asc
NCOLS 210 
NROWS 130 
XLLCORNER -119.45 
YLLCORNER 32.483333333 
CELLSIZE 0.0166666666666667 
NODATA_value -9999 
[rows 0 to 24 of 130, columns 0 to 57 of 210]
-9999.000000000000000 -9999 -9999 -9999 -9999 -9999 -9999 -9999 -9999 -9999 -9999 -9999 -9999 -9999 -9999 -9999 -9999 -9999 -9999 -9999 -9999 -9999 -9999 -9999 -9999 -9999 -9999 -9999 -9999 -9999 -9999 -9999 -9999 -9999 -9999 -9999 -9999 -9999 -9999 -9999 -9999 -9999 -9999 -9999 -9999 -9999 -9999 -9999 -9999 -0.694999992847438 -9999 -9999 -9999 -9999 -9999 -9999 -9999 -9999
-9999 -9999 -9999 -9999 -9999 -9999 -9999 -9999 -9999 -9999 -9999 -9999 -9999 -9999 -9999 -9999 -9999 -9999 -9999 -9999 -9999 -9999 -9999 -9999 -9999 -9999 -9999 -9999 -9999 -9999 -9999 -9999 -9999 -9999 -9999 -9999 -9999 -9999 -9999 -9999 -9999 -9999 -9999 -9999 -9999 -9999 -0.680000007152557 -0.69249999527697 -0.689999997523221 -0.689999997615814 -0.689999997615814 -0.689999997615814 -9999 -9999 -9999 -9999 -9999 -9999
-9999 -9999 -9999 -9999 -9999 -9999 -9999 -9999 -9999 -9999 -9999 -9999 -9999 -9999 -9999 -9999 -9999 -9999 -9999 -9999 -9999 -9999 -9999 -9999 -9999 -9999 -9999 -9999 -9999 -9999 -9999 -9999 -9999 -9999 -9999 -9999 -9999 -9999 -9999 -9999 -9999 -9999 -9999 -0.675000011920933 -0.6700000166893 -0.6700000166893 -0.687499999866831 -0.700000003161604 -0.682500004814673 -0.68250000472112 -0.68500000238419 -0.687499999950838 -0.692499995181512 -0.702499985745961 -0.702499985746912 -9999 -9999 -9999
-9999 -9999 -9999 -9999 -9999 -9999 -9999 -9999 -9999 -9999 -9999 -9999 -9999 -9999 -9999 -9999 -9999 -9999 -9999 -9999 -9999 -9999 -9999 -9999 -9999 -9999 -9999 -9999 -9999 -9999 -9999 -9999 -9999 -9999 -9999 -9999 -9999 -9999 -9999 -0.657499998694779 -0.675000011920929 -0.660000026226044 -0.660000026226044 -0.662500023800323 -0.665000021457668 -0.670000016689301 -0.677500009403574 -0.712500006005815 -0.685000002476788 -0.682500004815628 -0.680000007152557 -0.680000007152557 -0.682500004718251 -0.69499999294959 -0.689999997615814 -0.692499995178643 -0.697499990409312 -9999
-9999 -9999 -9999 -9999 -9999 -9999 -9999 -9999 -9999 -9999 -9999 -9999 -9999 -9999 -9999 -9999 -9999 -9999 -9999 -9999 -9999 -9999 -9999 -9999 -9999 -9999 -9999 -9999 -9999 -9999 -9999 -9999 -9999 -9999 -9999 -0.639999985694885 -0.644999980996201 -0.63749998804327 -0.649999976158142 -0.662500008902982 -0.687500000193311 -0.655000001192097 -0.655000001192097 -0.657500013667538 -0.660000026226044 -0.662500023798426 -0.665000021457676 -0.68250000463235 -9999 -0.702500000737802 -0.682500004816578 -0.680000007152557 -0.680000007152557 -0.704999998314004 -0.687499999947973 -0.689999997615814 -0.697499990409312 -0.70249998563999
-9999 -9999 -9999 -9999 -9999 -9999 -9999 -9999 -9999 -9999 -9999 -9999 -9999 -9999 -9999 -9999 -9999 -9999 -9999 -9999 -9999 -9999 -9999 -9999 -9999 -9999 -9999 -9999 -9999 -9999 -9999 -9999 -9999 -0.612500011888948 -0.620000004768363 -0.627499997581924 -0.647499978507482 -0.647499993550887 -0.649999990985796 -0.657499998845618 -0.689999997693133 -0.657500013748693 -0.652499988715697 -0.657499998683311 -0.662500023799368 -0.660000026226044 -0.662500023886249 -0.672500014350461 -0.685000002291584 -9999 -0.699999988175489 -0.694999992749123 -0.704999997911143 -0.694999992745304 -0.694999992847447 -0.697499990304308 -0.709999993443494 -0.715000018587232
-9999 -9999 -9999 -9999 -9999 -9999 -9999 -9999 -9999 -9999 -9999 -9999 -9999 -9999 -9999 -9999 -9999 -9999 -9999 -9999 -9999 -9999 -9999 -9999 -9999 -9999 -9999 -9999 -9999 -9999 -0.615000009594971 -0.607500016659234 -0.610000014305115 -0.612500012016863 -0.577500000694845 -0.615000009401193 -0.627499997580973 -0.637499988043279 -0.657499998844671 -0.657499998619371 -0.675000011688957 -0.702499985813747 -0.670000016608137 -0.682500004726832 -0.665000006726461 -0.652499988631685 -0.662500023797471 -0.682500004723025 -0.692499995277921 -9999 -0.704999983407117 -0.717500016044088 -9999 -0.689999997615814 -0.697499990515283 -0.702500000649028 -0.689999997615814 -0.689999997615814
-9999 -9999 -9999 -9999 -9999 -9999 -9999 -9999 -9999 -9999 -9999 -9999 -9999 -9999 -9999 -9999 -9999 -9999 -9999 -9999 -9999 -9999 -9999 -9999 -9999 -9999 -9999 -9999 -0.562499984908376 -0.612500011780099 -0.600000009057143 -0.592500001162018 -0.610000014305115 -0.612500011952905 -0.587500006191007 -0.584999978474551 -0.610000014235423 -0.622500002348385 -0.627499997579059 -0.63499999038784 -0.65000000580581 -0.692499995033521 -0.687499999959424 -0.667499989561886 -0.652499988717607 -0.652499988631685 -0.660000011324887 -0.677500009310021 -0.699999988079075 -0.704999983310704 -9999 -9999 -0.692499995281745 -0.694999992745295 -0.704999998003745 -0.700000003192163 -0.680000007152557 -0.685000002384181
-9999 -9999 -9999 -9999 -9999 -9999 -9999 -9999 -9999 -9999 -9999 -9999 -9999 -9999 -9999 -9999 -9999 -9999 -9999 -9999 -9999 -9999 -9999 -9999 -0.502499997498858 -0.540000006459125 -0.560000002384199 -0.569999992794941 -0.602500006474876 -0.622500002412351 -0.60750000187547 -0.594999998807903 -0.605000019011439 -0.610000014305115 -0.60250000665531 -0.602500006454847 -0.612500011886083 -0.620000004768372 -0.624999999926493 -0.639999985619464 -0.662500008747386 -0.702499985576019 -0.670000001788152 -0.670000016606231 -0.665000021457672 -0.672500014348547 -0.670000016778079 -0.675000011739557 -0.699999987986477 -0.715000018382927 -0.727500021505883 -0.702499985645719 -0.710000008344642 -0.702499985745961 -0.717500015833104 -0.69749999062221 -0.685000002384182 -0.680000007152557
-9999 -9999 -9999 -9999 -9999 -9999 -9999 -9999 -9999 -9999 -9999 -9999 -9999 -9999 -9999 -9999 -9999 -9999 -9999 -9999 -9999 -0.330000005416157 -0.444999992761521 -0.49999999241482 -0.479999996815323 -0.497499987458658 -0.514999985593676 -0.555000007047524 -0.579999983256271 -0.599999993926862 -0.632499992934786 -0.607500016719371 -0.612500011889907 -0.607500016721277 -0.605000019139354 -0.597499996322053 -0.615000009467056 -0.620000004768376 -0.624999999926497 -0.642499983197576 -0.665000006633847 -9999 -0.689999997696974 -0.670000016772361 -0.682500004555936 -0.675000012007797 -0.660000011324887 -0.665000006465827 -0.685000002291588 -0.715000018382928 -0.72250002627425 -0.715000003576274 -0.704999983310699 -0.694999992745299 -0.727500021509699 -0.702499985853838 -0.704999983202818 -0.697499990627953
-9999 -9999 -9999 -9999 -9999 -9999 -9999 -9999 -9999 -9999 -9999 -9999 -9999 -9999 -9999 -9999 -9999 -9999 -9999 -0.532499998789287 -0.514999978361706 -0.447500005343867 -0.50750000014766 -0.547500014282675 -0.53000000128565 -0.479999996916516 -0.507499992720928 -0.534999996318696 -0.569999992793022 -0.597499996339217 -0.630000010249232 -0.610000014184831 -0.610000014305106 -0.597500011420825 -0.592499986323868 -0.592500001090425 -0.612500011816396 -0.622500002491575 -0.625000000000009 -0.644999995676854 -0.672500014266462 -9999 -9999 -0.692499995273163 -0.682500004810861 -0.665000021457676 -0.675000011832151 -0.687499999954654 -0.685000002384181 -0.702499985553121 -0.722500026274255 -0.709999978542328 -0.699999988179304 -0.71250000580724 -0.725000023945915 -0.710000008556586 -0.709999978542328 -0.702499985639985
-9999 -9999 -9999 -9999 -9999 -9999 -9999 -9999 -9999 -9999 -9999 -9999 -9999 -9999 -9999 -0.617500007167353 -0.600000008972202 -0.577500000612765 -0.557500004786036 -0.555000007189788 -0.5425000041919 -0.54749999934239 -0.552499994614114 -0.567499995254064 -0.549999997113346 -0.527500003649336 -0.497499987710748 -0.514999992987939 -0.567499995095565 -0.614999994466574 -0.640000015438959 -0.670000016749442 -0.630000010318919 -0.592499986258955 -0.597499996522525 -0.597500011290996 -0.612500011816405 -0.637499988114872 -0.61500000961025 -0.610000014229694 -0.64750000815133 -0.694999992609711 -0.672499999525697 -0.662499994081057 -0.65500000127706 -0.660000011238014 -0.677500009492356 -0.689999997615814 -0.702499985648589 -0.709999993348985 -0.720000028610229 -0.709999978542328 -0.707499980876397 -0.720000028610229 -0.720000028610229 -0.709999978542328 -0.717500016147199 -0.715000018587232
-9999 -9999 -9999 -9999 -9999 -9999 -9999 -9999 -9999 -9999 -9999 -9999 -0.632499992835503 -0.625000000025788 -0.609999999403966 -0.605000019103078 -0.595000013740561 -0.592500001175383 -0.587499976175798 -0.579999983347922 -0.579999983310691 -0.59749999632109 -0.587500005981945 -0.570000007838354 -0.542500004289311 -0.527499996247463 -0.507499992720933 -0.549999996914734 -0.572500005228367 -0.605000004059647 -0.64999999094284 -0.69499999290758 -0.619999990115392 -0.612500011824987 -0.605000019073482 -0.620000004768363 -0.62749999744159 -0.652500003755278 -0.617500007189313 -0.634999990312419 -0.657500013515744 -0.699999987999826 -0.685000002384186 -0.682500004892971 -0.66750001911598 -0.667500019030046 -0.685000002384186 -0.697499990417915 -0.697499990416956 -0.71500000348177 -0.720000028610229 -0.712500005911294 -0.717500016143371 -0.720000028610229 -0.712499991007276 -0.712499991006317 -0.710000008452545 -0.697499990518161
-9999 -9999 -9999 -9999 -9999 -9999 -9999 -9999 -9999 -0.629999995249769 -0.627499997585739 -0.632499992880387 -0.620000004792242 -0.589999988700906 -0.584999993471174 -0.579999998211848 -0.564999997615806 -0.567499995214914 -0.562500000017643 -0.572500005308563 -0.585000008305497 -0.617499992148773 -0.610000014391032 -0.574999988123942 -0.552500009560146 -0.555000007103871 -0.564999997666428 -0.582499995748909 -0.595000013600232 -0.634999990350592 -0.667500004084994 -0.697499990493328 -0.63749998817214 -0.632499992623594 -0.627499997714622 -0.622500002282514 -0.665000006347441 -0.662500009191293 -0.665000006483016 -0.67249999936626 -0.69499999277012 -0.687500000039612 -0.67000001677046 -0.670000016689309 -0.652499988632627 -0.657499998590734 -0.689999997527032 -0.702499985649548 -0.707499980880217 -0.712500006007712 -0.702499985646674 -0.712500005911294 -0.715000003576274 -0.715000003576274 -0.715000003576274 -0.709999993549457 -0.707499980872573 -0.709999978542328
-9999 -9999 -9999 -9999 -9999 -9999 -9999 -9999 -0.650000005944221 -0.629999995267913 -0.632499992877539 -0.577499985749802 -0.539999991631492 -0.544999986886995 -0.549999997047458 -0.537499994083905 -0.545000001756634 -0.545000001721317 -0.567499995213951 -0.60500000413509 -0.620000004729226 -0.624999999917907 -0.634999990549157 -0.610000014349977 -0.5874999910359 -0.597499996399359 -0.612500011845015 -0.622500002357918 -0.657499998726255 -0.677500009452235 -0.697499990434141 -0.699999988079071 -0.685000002446229 -0.657499998839879 -0.645000010728823 -0.647500008378524 -0.667500003928405 -0.692499995267421 -0.699999988079071 -0.699999988079071 -0.697499990501918 -0.697499990502877 -0.699999988079071 -0.699999988162136 -0.69249999527411 -0.699999987992199 -0.70249998565049 -0.702499985740236 -0.692499995277929 -0.68750000004726 -0.68500000238419 -0.687499999950843 -0.69749999041314 -0.704999983310704 -0.707499980874487 -0.699999988079075 -0.694999992847451 -0.689999997615823
-9999 -9999 -9999 -0.56749999524833 -0.567499995210169 -9999 -9999 -0.625000000042948 -0.650000005992934 -0.634999990499533 -0.584999993503648 -0.575000002980249 -0.579999998211873 -0.589999988675122 -0.579999983310708 -0.587499991044516 -0.6000000089092 -0.602500006506407 -0.622500002366534 -0.617500007059493 -0.637499988059501 -0.63749998805855 -0.660000011281926 -0.640000000730659 -0.629999995231637 -0.640000000498661 -0.647500008319358 -0.675000011920933 -0.68500000238419 -0.692499995203463 -0.699999988079071 -0.699999988079071 -0.699999988079071 -0.699999988079071 -0.699999988079071 -0.69749999042937 -0.699999988079071 -0.699999988079071 -0.697499990500008 -0.687500000037698 -0.687500000038657 -0.677500009497106 -0.664999991736488 -0.685000002301112 -0.677499994678055 -0.682500004724927 -0.692499995187237 -0.689999997525122 -0.682500004722066 -0.682500004815623 -0.659999996616557 -0.665000021359344 -0.680000007152557 -0.692499995180552 -0.699999988079071 -0.69499999295341 -0.68500000238419 -0.670000016689305
-0.564999997618632 -0.512500002987371 -0.572500005357279 -0.555000007152557 -0.567499995201575 -0.610000014284127 -9999 -0.630000010175725 -0.670000016689301 -0.615000009536743 -0.605000019073482 -0.612500011887985 -0.620000004744493 -0.605000004223889 -0.584999978514634 -0.61000001430511 -0.624999999968499 -0.622500002334073 -0.632499992935732 -0.637499988097674 -0.649999976158142 -0.650000005837324 -0.662500023863334 -0.675000011965791 -0.677499994565394 -0.687500000024345 -0.68999999761581 -0.694999992847438 -0.699999988079071 -0.699999988079071 -0.699999988079071 -0.694999992847447 -0.692499995262658 -0.680000007216528 -0.685000002384194 -0.670000001855925 -0.647500008449196 -0.664999991655362 -0.637500017918166 -0.624999999924596 -0.614999994790253 -0.602499991694983 -0.607499986846415 -0.635000005198304 -0.657499998850401 -0.647499993400065 -0.630000010310359 -0.64749999348884 -0.635000005549627 -0.627499997663079 -0.637499988127286 -0.65749999875875 -0.670000016589067 -0.68500000238419 -0.68500000238419 -0.687499999947018 -0.68500000238419 -0.672500014360019
-9999 -0.609999999403966 -0.59499999883176 -0.569999992860808 -0.534999996423709 -0.522500008360388 -0.550000011871283 -0.622500002319736 -0.657499998816031 -0.632500007685109 -0.62000000478843 -0.637500002947296 -0.625000000047744 -0.594999998833678 -0.58249999586921 -0.592500001118123 -0.637500002901496 -0.647499993426792 -0.64499998096183 -0.652500018421593 -0.662499994019978 -0.659999996300585 -0.680000007152566 -0.689999997615814 -0.689999997615814 -0.694999992798748 -0.694999992847438 -0.694999992847438 -0.692499995258834 -0.687500000028157 -0.677500009565851 -0.670000016689296 -0.645000010852914 -0.619999989931151 -0.61500000953673 -0.620000019805075 -0.602500021422831 -0.612500011956725 -0.597500011361638 -0.589999988750539 -0.589999988597795 -0.594999998807911 -0.592499986331512 -0.592499986249397 -0.607499986844476 -0.602500006599952 -0.59249998624654 -0.597499996378371 -0.604999989363749 -0.594999998807903 -0.600000008844274 -0.615000009438411 -0.644999995727433 -0.662500008889616 -0.660000011428936 -0.662500008887706 -0.660000011324879 -0.650000006070252
-9999 -9999 -9999 -0.612499997043133 -0.605000004180898 -0.569999992868435 -0.537499994008501 -0.557500004703935 -0.637500017808332 -0.682500004777442 -0.65500000121216 -0.640000000596055 -0.615000009584487 -0.582499980965192 -0.557500004754518 -0.59250000108854 -0.629999995168639 -0.655000001192089 -0.662500008958344 -0.665000006482044 -0.682500004748797 -0.689999997615814 -0.689999997615814 -0.685000002429056 -0.665000006603305 -0.637500003101984 -0.619999989867231 -0.642500013139294 -0.647500008535139 -0.625000000056339 -0.622500002413297 -0.627499997585748 -0.629999995231637 -0.620000004832329 -0.6200000047025 -0.622500002418081 -0.617500007187407 -0.607500016725105 -0.597499996460481 -0.594999998807911 -0.59249998625227 -0.602500006437645 -0.617500007111978 -0.617500007111023 -0.617500007195043 -0.612499996889459 -0.610000014305115 -0.594999998807903 -0.594999998807903 -0.587499976205394 -0.587499976109935 -0.594999983808422 -0.605000019173728 -0.617500006999342 -0.632499992795424 -0.627499997562837 -0.634999990247485 -0.617500007317249
-9999 -9999 -9999 -0.662500008937369 -0.649999991085092 -0.630000010174778 -0.597499996392712 -0.61750000714541 -0.644999995795214 -0.687500000009074 -0.627499997665944 -0.615000009536752 -0.615000009512877 -0.587499976171036 -0.584999978542332 -0.602500006630485 -0.629999995200127 -0.657500013625553 -0.682500004750715 -0.689999997615814 -0.694999992847447 -0.694999992888485 -0.667499989335571 -0.617499992363543 -0.594999984000308 -0.590000003478902 -0.609999999403966 -0.632499992768673 -0.650000005960456 -0.637499988107241 -0.639999985753117 -0.634999990463261 -0.63749998804805 -0.642499983278727 -0.639999985629022 -0.639999985694894 -0.637500003015091 -0.634999990463261 -0.629999995231633 -0.622500002497322 -0.617500007268554 -0.600000009019946 -0.607500016567565 -0.627499997491218 -0.632499992889932 -0.627499997572382 -0.607500016733692 -0.607500016825334 -0.594999998807899 -0.597500011372139 -0.579999983310699 -0.58749997610898 -0.584999978542324 -0.592499986239855 -0.594999998807903 -0.617500006887637 -0.649999990843523 -0.665000006446719
-9999 -9999 -9999 -9999 -9999 -9999 -0.617500007171147 -0.624999999985701 -0.670000001723202 -0.689999997633954 -0.640000000616114 -0.620000019603631 -0.620000004792254 -0.610000014279326 -0.612500011879386 -0.627499997571427 -0.644999995796169 -0.674999996952945 -0.689999997615814 -0.697499990444641 -0.699999988079071 -0.67749999482029 -0.629999995231624 -0.622499987370848 -0.637499988102457 -0.637499988054717 -0.642499983285391 -0.644999980979028 -0.644999980980943 -0.647499978514159 -0.655000001192089 -0.655000001192089 -0.655000001192089 -0.649999976158142 -0.649999976158142 -0.657500013675177 -0.660000011394566 -0.657500013744869 -0.652499988638362 -0.649999991134721 -0.642499983349357 -0.632499992887059 -0.634999990544412 -0.642499983186104 -0.639999985779856 -0.639999985781749 -0.625000000177556 -0.587499991195333 -0.589999988582524 -0.605000019073482 -0.607500001836338 -0.612499997068917 -0.60000000904093 -0.602500006403287 -0.617500007100527 -0.624999984886887 -0.665000021349786 -0.682500004713472
-9999 -9999 -9999 -9999 -9999 -9999 -9999 -0.644999995784735 -0.694999992831212 -0.680000007225135 -0.640000000616114 -0.644999995805715 -0.639999985671019 -0.639999985694894 -0.650000005960473 -0.662500008896327 -0.680000007121065 -0.694999992814036 -0.699999988079071 -0.699999988116298 -0.667499989329845 -0.634999990463261 -0.650000005917516 -0.66250000891827 -0.660000011324887 -0.660000011276192 -0.657500013683768 -0.665000006556519 -0.667500019100705 -0.667500019045321 -0.670000016689301 -0.665000021457676 -0.667500019042465 -0.667500019105471 -0.670000016689309 -0.672500014339005 -0.672500014339956 -0.665000006628112 -0.660000011398394 -0.649999991059308 -0.647499978580993 -0.644999980926518 -0.649999990978152 -0.655000001109027 -0.657500013666583 -0.655000001192097 -0.642499998167478 -0.619999990048599 -0.584999993536091 -0.605000003983305 -0.62999999532805 -0.64749999349266 -0.634999990363019 -0.644999980926518 -0.649999991059308 -0.660000011218919 -0.670000016581419 -0.68250000460368
-9999 -9999 -9999 -9999 -9999 -9999 -9999 -9999 -9999 -9999 -0.70249998570491 -0.697499990474237 -0.694999992847438 -0.685000002384181 -0.687500000013845 -0.687499999985204 -0.692499995215878 -0.704999983277293 -0.709999978542328 -0.707499980945125 -0.692499995329464 -0.680000007152549 -0.677500009558219 -0.67750000955917 -0.675000011920925 -0.675000011920925 -0.680000007152557 -0.680000007152557 -0.682500004741157 -0.677500009564908 -0.680000007152553 -0.680000007152557 -0.680000007152557 -0.675000011920933 -0.675000011920933 -0.657499998841798 -0.644999995827666 -0.662500023877654 -0.662500008903949 -0.660000026226044 -0.660000026226044 -0.657500013748689 -0.657500013668488 -0.660000026226044 -0.660000026226044 -0.660000026226044 -0.660000026226044 -0.645000011000896 -0.602500006695397 -0.627499997285031 -0.657499998566856 -0.66500000665483 -0.665000021457668 -0.670000016689296 -0.670000016689292 -0.682500004715386 -0.694999992739557 -0.70249998563999
-9999 -9999 -9999 -9999 -9999 -9999 -9999 -9999 -9999 -9999 -9999 -0.704999983310704 -0.707499980938453 -0.699999988079071 -0.699999988079075 -0.702499985680094 -0.707499980910767 -0.709999978542328 -0.709999978542328 -0.709999978542328 -0.707499980946084 -0.699999988079071 -0.689999997615814 -0.685000002429048 -0.664999991655337 -0.667500004099272 -0.689999997615819 -0.687500000026255 -0.677500009563945 -0.664999991711672 -0.655000001192089 -0.660000026226044 -0.652500003607287 -0.657499998839875 -0.660000026226044 -0.670000016689301 -0.662500023876699 -0.639999985766478 -0.639999985621382 -0.655000001192089 -0.655000001192089 -0.655000001192089 -0.655000001192089 -0.644999995910732 -0.644999981011493 -0.634999990550121 -0.635000005275627 -0.624999999999979 -0.599999994132125 -0.647500007919367 -0.675000011824511 -0.680000007152557 -0.68500000238419 -0.682500004819452 -0.687499999947973 -0.689999997615814 -0.699999988079071 -0.702499985639985
-9999 -9999 -9999 -9999 -9999 -9999 -9999 -9999 -9999 -9999 -9999 -0.709999978542328 -0.709999978542328 -0.709999978542328 -0.709999978542328 -0.717500016078458 -0.71249999107505 -0.709999978542328 -0.71249999107696 -0.715000003576274 -0.71750001611282 -0.704999983310695 -0.687500000064428 -0.680000007107678 -0.694999992800649 -0.699999988079067 -0.699999988079071 -0.687500000026251 -0.685000002384169 -0.692499995203455 -0.692499995202508 -0.692499995261691 -0.687500000031017 -0.680000007280468 -0.660000011390758 -0.642499998313537 -0.63499999060264 -9999 -0.639999985694894 -0.637499988116786 -0.62999999530896 -0.622500002423815 -0.617500007030831 -0.622500002425725 -0.609999999488942 -0.599999994126421 -0.589999988763904 -0.597499996378362 -0.645000010636225 -0.665000006461999 -0.675000011824511 -0.680000007152557 -0.685000002283948 -0.689999997615814 -0.694999992847438 -0.699999988079071 -0.699999988079071 -0.699999988079071
