socal_rasters/continentality_SPHAsouth_aggfac2.asc
NCOLS 210 
NROWS 130 
XLLCORNER -119.45 
YLLCORNER 32.483333333 
CELLSIZE 0.0166666666666667 
NODATA_value -9999 
[rows 104 to 129 of 130, columns 120 to 179 of 210]
-9999 -9999 -9999 -9999 -9999 -9999 -9999 -9999 -9999 -9999 -9999 -9999 8.82500004641875 8.81249999681378 8.91249990270653 9.14999961853027 9.31249999804544 9.47500014042599 9.63750004305603 9.74999999866824 9.96250009067289 10.1749999509655 10.4000000953675 10.5875000919426 10.7125000919187 10.7999999550945 10.900000089773 11.0250000939593 11.1625001366715 11.3125002405595 11.2499997601448 11.4999999913224 11.9625000917278 12.237499953049 12.5125000454714 12.6000001445358 12.8624999500756 13.6624998933557 13.56250000227 13.1000001537101 13.0125000331273 13.6750001922768 13.7249999061841 13.5999999046327 13.7625000468985 14.0250000827281 14.937500231266 14.9375000007995 15.1499998521232 15.3374998496672 15.650000092112 15.8250000444092 15.9249999490227 16.0374996637294 16.1499996185303 16.2125000928542 16.3375000962099 16.3249998041815 16.3249998126734 16.4000005722046
-9999 -9999 -9999 -9999 -9999 -9999 -9999 -9999 -9999 -9999 -9999 -9999 8.83750033441848 8.81249999936279 8.89999985438071 9.06250023777181 9.18749976223299 9.375 9.49999999867779 9.62499999866827 9.81249999664668 10.1124999502899 10.2125000933268 10.3500001375713 10.599999906012 10.6999998120433 10.7374999460225 10.7624998113773 11.1124999473543 11.2374999530299 11.2374999530346 11.2124998562257 11.862499710258 11.9125001364567 11.9874999560035 11.9249999538007 12.0249998524667 12.3624999530679 12.6125001839254 12.7124998577101 12.8249997985393 13.1999998123488 13.3375000883864 13.8250000586102 13.6625001359841 14.0374998975228 14.5250000858305 14.7875001422516 15.1625001358126 15.4499998092652 15.6249997599537 15.7125000912743 15.8374998528319 15.9874999514881 16.0250000937015 16.1750006658965 16.2375001915774 16.2999997122032 16.3249998126733 16.3124999991432
-9999 -9999 -9999 -9999 -9999 -9999 -9999 -9999 -9999 -9999 -9999 -9999 8.71249985505143 8.77500009664194 8.91249990270655 8.96249985630208 9.10000014174813 9.27499985563633 9.39999985430451 9.57500004635199 9.68749999664675 9.81249975955514 10.1875002336572 10.25000000274 10.3499999046326 10.4499998064871 10.4249997124991 10.6750001851022 10.7750000911145 10.9500000462565 11.0124998085469 11.1249999956612 11.2999999479489 11.5499999493856 11.6749999493663 11.9374997563856 12.3250000402135 12.4249999523163 12.512500288372 12.6374997978448 13.1375000453854 13.6874999884364 13.9625000914889 14.249999766264 14.0624999960737 14.2374999436266 14.7000000397362 14.9375002360199 15.1249999951743 15.3124999975728 15.5375001406096 15.5250000953675 15.7374999514929 15.9374997590969 16.1124997113988 16.1249999983245 16.1999998092652 16.3249998075706 16.28750038573 16.2625002852455
-9999 -9999 -9999 -9999 -9999 -9999 -9999 -9999 -9999 -9999 -9999 -9999 8.63750004705119 8.69999980926516 8.81249999678989 8.94999980926512 9.03750014109651 9.18749975961248 9.26250004702258 9.38750004701778 9.56249999798801 9.72500014034942 10.1125001873338 10.1500001008473 10.0750000490632 10.2874999011599 10.224999903234 10.4999999957755 10.5624999992911 10.6624996655003 10.8874998071101 11.0250000924749 11.1874997593977 11.42499994792 11.6124999486289 11.8624997101864 12.0500001922289 12.2749998539416 12.4750001415379 12.5750000431156 12.8250000446192 13.2999999399819 14.0874995991383 14.7000000508055 14.1500001016492 14.1624998959429 14.4749998982745 14.9624998481544 15.2625000468795 15.3125000008091 15.3124999959307 15.5374998972648 15.700000046037 15.812500235934 15.9749996645481 15.9999997632568 16.1249995214778 16.2374997130504 16.2750000936634 16.2250003814697
-9999 -9999 -9999 -9999 -9999 -9999 -9999 -9999 -9999 -9999 8.27500009536745 8.52500008783491 8.60000014684594 8.62499975903246 8.66249966557195 8.8375000947207 8.99999999739388 9.09999990200738 9.13750004437822 9.21249985628303 9.42499994963372 9.48749994893916 9.90000009128625 10.0874998494142 9.86249995162656 9.98750018726228 10.1624999039333 10.2750000939593 10.4374999992912 10.6375000441156 10.8500001416144 10.9875001871192 11.0874998518535 11.3375000931693 11.4875001855725 11.9874999441515 12.4625000901382 12.3999998644669 12.3124999992435 12.5750000446383 12.8249998062007 13.199999803098 13.5750000461325 13.9499998123872 13.774999850667 14.024999852209 14.287500137488 14.712500086573 15.0749998028311 15.1749999506982 15.2750000888566 15.5999998980836 15.7374999514929 15.8374998561207 15.837499856116 15.9624996143416 16.1499996151602 16.2375001932767 16.3124995223108 16.2625002903864
-9999 -9999 -9999 -9999 -9999 -9999 -9999 -9999 -9999 -9999 -9999 8.56249999811683 8.52500009663235 8.53750014113938 8.68749999935795 8.78750014111084 8.91249990267799 8.98749995165998 9.10000014172893 9.26250004568606 9.30000018939355 9.40000009401651 9.66250013965002 9.77499985283892 10.1500000870904 10.1624999094944 10.2000000448866 10.1874997594692 10.3375000932408 10.5250000953674 10.7999999480061 10.9624998533332 11.1124999515883 11.46249985182 11.737499947154 11.9374999992578 12.0250000938733 12.1124999545716 12.4124999023629 12.6249999984773 12.7874998992697 13.0249998523234 13.2624998053867 13.5374998944867 13.7874999022768 13.8750000015798 14.1749999459585 14.5999999030336 14.8124999959786 14.9874999515072 15.3374998512519 15.5125000485023 15.6624996653906 15.6624999054607 15.8125002359197 15.8749999949736 16.0749998058951 16.2375001898876 16.1499996185303 16.1875004759803
-9999 -9999 -9999 -9999 -9999 -9999 -9999 -9999 -9999 -9999 -9999 8.19999980926516 8.32500004641879 8.46249985631163 8.5125000470417 8.63749980732488 8.76250004572912 8.92499994837846 8.99999999867779 9.11250019006903 9.1249999973174 9.26250004430653 9.46250009060604 9.58749984941409 9.87499999448203 10.1375000525455 10.1874997608821 10.3250000448675 10.3125002405451 10.3999998569489 10.5750000433736 10.7750000953675 10.9999999970884 11.4625000887731 11.8374998532615 11.8499999046326 11.6625001378219 11.9749999016255 12.1374998054823 12.5249998569489 12.6124999454212 12.8999998569489 12.9625000899377 13.2125000899041 13.7249998936394 14.2125000977374 14.4749999030431 14.5750000428867 14.6375000452709 14.9500002796296 15.0874998577628 15.3875000452279 15.4375000041171 15.6499998569489 15.7499999966682 15.874999759906 16.0125000451562 16.0875000945201 16.1500000987756 16.1999998024105
-9999 -9999 -9999 -9999 -9999 -9999 -9999 -9999 -9999 -9999 -9999 -9999 8.21249985631636 -9999 8.40000009279935 8.56250023777181 8.67499994971014 8.8250002847897 8.93749975959809 8.95000004768367 9.09999990329124 9.18749976360772 9.39999985558843 9.66249990257765 9.78750014374091 9.8749999986109 10.0000002356213 10.1375000441633 10.2374999516074 10.3500001416239 10.4999999956898 10.7000000447912 10.8999998525815 11.1124999530489 11.4749998972576 11.6874997608391 11.5999998986563 11.8250000446765 12.2000000401179 12.4125001422898 -9999 12.6625003776153 12.7750000953675 13.0249998538271 13.2000002798205 13.7249999014728 14.0874998529752 14.3375000913699 14.4500000412493 14.4124996654047 14.6749999376669 15.2124998544931 15.5125002803385 15.6250002417313 15.7875001422182 15.8749999966491 16.0749998092651 16.0499999472326 16.2500000034082 16.274999609962
-9999 -9999 -9999 -9999 -9999 -9999 -9999 -9999 -9999 -9999 -9999 -9999 -9999 -9999 8.31249999935802 8.45000004509671 8.61249995296785 8.6500000940549 8.72499990198812 8.91249990263491 9.01250004701305 9.15000009266574 9.300000188014 9.38750004699868 9.55000018797586 9.66249990254902 9.86249995021841 10.1625001367144 10.3499999046324 10.3875000426882 10.5250000924939 10.6124997117283 10.9500000433163 11.0125000484164 11.1249999926252 11.3874998070383 11.5125002808731 11.8624999485573 12.0374999023629 12.1749999462255 12.5249998523521 12.9500000430583 13.4375000054296 13.3499999030716 13.3250000461132 13.5999998983129 14.0250000905991 14.2875001406526 14.1000001446597 14.3749999886728 15.1500000888566 15.3750002400559 15.4625000945441 15.6249999966873 15.7374999514834 15.8500001413757 15.9874997147403 15.8500001379675 16.2374997130457 16.2999997121841
-9999 -9999 -9999 -9999 -9999 -9999 -9999 -9999 -9999 -9999 -9999 -9999 8.07500028483734 8.19999981053966 8.26250004832571 8.3750002345381 8.47500014044508 8.61249994772217 8.77499985298219 8.92499994832097 8.9500000463424 9.13750004565744 9.2249999019117 9.32499980515526 9.51250004561444 9.61249995162179 9.72499990043672 9.96250009607144 10.1999998021766 10.3250000462565 10.4249999508796 10.5250000924749 10.7374999501326 10.9500000432875 11.2999999405167 11.7500002443568 11.5499999493283 11.9749998986182 12.5750000370919 12.3499999031099 12.5499999477195 12.8124999976872 13.0874998499678 13.6499998475834 13.8125000039262 13.8749999968403 13.8750002368291 13.8374998625453 13.887500037228 14.4250001842622 14.8000001842239 15.2125000929114 15.4625000912504 15.562500235934 15.6125001899019 15.775000093692 15.7999999573712 15.5875000928256 15.9500000357549 16.2000002843886
-9999 -9999 -9999 -9999 -9999 -9999 -9999 -9999 -9999 -9999 -9999 -9999 8.06249999936748 8.16249990272079 8.18749976222344 8.27500009407395 8.43750023776712 8.53750014370749 8.67499995231631 8.80000018940312 8.91249989993802 8.94999980791428 9.17499994959548 9.30000019073489 9.43749976089168 9.55000019073488 9.69999980786657 9.91250013812261 10.0499997082269 10.1999998106924 10.3624999501612 10.5 10.6499996185303 10.8499999002364 11.2000002787275 11.6874999962889 11.9500000461897 12.0499999493091 12.2750000938543 12.5750000446383 12.7750000923028 12.8500001461348 13.0500001891835 13.7000000211482 13.9125001532592 13.7999999507365 13.6499998585385 13.7125001009641 14.0874998432759 14.499999756727 14.9125001308434 15.1500000953673 15.4624998594191 15.3250000526529 15.3499998963031 15.6999998059142 15.7124998611614 15.474999902938 15.674999947204 16.1124999531732
-9999 -9999 -9999 -9999 -9999 -9999 -9999 -9999 -9999 -9999 -9999 -9999 8.07500005021357 8.11250019137211 -9999 -9999 8.33750033443753 8.46249985629253 8.55000018941265 8.69999981059688 8.81249999664673 8.9999999986491 9.08749985218743 9.23749995026133 9.38750004561447 9.47499990185445 9.67500018653906 9.94999980926512 9.94999980642972 10.1124999501754 10.2624998042366 10.5000002355261 10.7124998533093 10.9999999970691 11.2124998591612 11.4125001393399 11.6375000424545 12.125 12.1624999008496 12.6750001846439 12.9375002376524 13.174999946149 13.6500000891621 13.8375000930261 13.4874999625242 13.2625000484736 13.2875001374879 13.5750000444857 14.0750000460751 14.175000182644 14.4249997073868 15.0000002285949 15.3249998092651 15.274999861918 14.9874999531492 15.2625000384686 15.5000000033699 15.3499996628248 15.7125000894031 15.7749998518078
-9999 -9999 -9999 -9999 -9999 -9999 -9999 -9999 -9999 -9999 -9999 -9999 8.0875000985298 -9999 8.13749980990716 -9999 -9999 8.37499999868741 8.52500009272301 8.61250018873726 8.77500009670879 8.88750004565748 9.05000018937445 9.12499976021145 9.33749985212065 9.41250014235667 9.60000038146973 9.74999999859182 -9999 10.0875000946538 10.6999998006446 10.8125000021692 10.8500001415954 10.9874999501182 11.1375000469463 11.2749998510108 11.5749998017948 11.9625001006302 11.9249999477769 12.1874999946705 12.8374998362632 13.2000000507671 13.2125000930403 13.2749998616317 13.1000001430512 13.2999999507364 13.1874999976159 13.5624999880073 13.8499998998069 14.1375000404021 14.5124998035682 14.7499999983627 15.0249998520084 15.3000001923912 15.0125000501826 -9999 15.0999999046326 15.2999999540108 15.5874998629133 15.7375001830234
-9999 -9999 -9999 -9999 -9999 -9999 -9999 -9999 -9999 -9999 -9999 -9999 -9999 -9999 -9999 -9999 8.24999999869689 -9999 -9999 8.54999994832099 8.66250013969793 8.88750004430658 9.01249980586409 9.07500028610232 9.31250023772884 9.40000009120024 9.53749990253464 -9999 9.89999984986039 10.2999999508892 11.1500003309124 10.9750001473898 10.7250001372278 10.9999997571852 11.1000001460011 11.1124999471205 11.3499999031384 11.5750000431729 11.7749998478699 12.1500000892766 12.8999998508197 12.9999999999998 13.1750001798753 13.4000000984893 13.3375001008641 13.2875001454212 13.1750001859665 13.3250000428866 13.5750000444665 13.8500001365784 14.087500091298 14.4500000394973 14.8374998528317 14.9375002276522 -9999 -9999 15.0750000443137 15.3375000962148 15.5375001387909 15.7249999029188
-9999 -9999 -9999 -9999 -9999 -9999 -9999 -9999 -9999 -9999 -9999 -9999 -9999 -9999 -9999 -9999 -9999 -9999 -9999 -9999 8.69999981060645 8.77500009266573 8.96249985626864 9.07500004494381 9.19999980788561 9.37499999861097 9.53750014235185 9.67500018651041 9.83749985198691 10.2249996690686 10.3124997608632 10.3624997088358 10.6375000425884 11.1249999941385 10.9749999046326 11.0750002846178 11.312499999253 11.4374999932338 11.7374997086017 12.0499999507936 12.2124998546505 12.7249998984653 12.9875001853051 13.2250001368075 13.3999998569489 13.3250000508436 13.2374999547005 13.4999999936038 13.7874999006109 13.7374999466526 13.8374998512517 13.9874999514976 14.0374999021624 14.212499852808 15.0125000518486 15.0749998042387 15.1124999497887 15.1750001890404 15.4500000442756 15.3624999514595
-9999 -9999 -9999 -9999 -9999 -9999 -9999 -9999 -9999 -9999 -9999 -9999 -9999 -9999 -9999 -9999 -9999 -9999 -9999 -9999 8.62499999999998 8.81249999662285 8.93749975954082 9.0500001893649 9.23749995162652 9.32500004629465 9.49999999580417 9.6124999473877 9.81250023770971 9.98749995160264 10.1500000939307 10.2749998497175 10.924999946493 11.1624998995036 10.8624999515789 11.0374999009212 11.1875002316954 11.4875001884795 11.6250002369054 11.8250000446383 12.087500093069 12.5999998953816 13.0999999046325 13.3500001399293 13.2125001024345 13.0249998601086 13.0875000898042 13.4125001390536 13.5874998529273 13.6624999070598 13.9750001316571 14.1999998076278 14.0875003346094 14.4999999950309 14.474999899635 14.5875003346238 14.9000000936823 14.8999998603379 15.0624999974437 15.1625001353397
-9999 -9999 -9999 -9999 -9999 -9999 -9999 -9999 -9999 -9999 -9999 -9999 -9999 -9999 -9999 -9999 -9999 -9999 -9999 -9999 8.63750028409037 8.6999998079143 8.93749999795934 9.0624997567866 9.18749999517176 9.30000019073486 9.46249985624956 9.56249999788778 9.78750014234228 9.94999980641064 10.0375001394593 10.2249999060788 10.4499998078093 10.6624998995038 10.8124999963126 11.1124999441514 11.4000000938733 11.4875001854722 11.6375002838325 11.7999999477481 12.0125000469176 12.387500037662 12.8624999453353 13.2374999484142 13.1000001430512 12.9249999554762 12.9625000898043 13.3749999952029 13.6249999935657 13.8999998537126 13.9375000024416 13.8750002400559 14.0000002334782 14.4125001306285 14.95000004102 15.0625000025132 14.8125000058975 14.6625001438985 14.7874999037805 14.8874998066947
-9999 -9999 -9999 -9999 -9999 -9999 -9999 -9999 -9999 -9999 -9999 -9999 -9999 -9999 -9999 -9999 -9999 -9999 -9999 -9999 -9999 8.76250004430658 8.86249971185707 9.03750014099624 9.14999985556936 9.30000018934583 9.46249985624951 9.56249999788772 9.72499990321484 9.84999990177806 10.0374999039142 -9999 10.2749998525814 10.5499999493855 10.8875000380965 11.2625000350654 12.0750000536602 11.6000001430511 11.7499999984869 11.8999998508581 12.0500001892026 12.2499999953746 12.5624999883648 12.6749999507552 12.8124997623665 12.7874999054225 13.0125000437101 13.3375000945679 13.6874999879357 13.7125003410677 13.75 13.8749997599441 14.1249997582878 14.6249997466742 15.0375001438841 15.0000000016755 14.6625001489486 14.5875000945202 14.6374998067089 14.7625000433995
-9999 -9999 -9999 -9999 -9999 -9999 -9999 -9999 -9999 -9999 -9999 -9999 -9999 -9999 -9999 -9999 -9999 -9999 -9999 -9999 -9999 8.68749999527199 8.89999985286763 9.03750014236616 9.17499994955728 9.28750014374569 9.45000004348794 9.53750014093892 9.65000009394974 9.78750014233755 9.98749995159787 10.1250002369723 10.5499999479487 10.8749999956037 11.3000001759853 11.7500002280269 12.6750001832644 12.2000000506907 12.1749999523162 12.1250000030454 12.1249997600492 12.2124998577198 12.2999999492136 12.4249997138977 12.6249999984296 12.7625000453138 12.9374999944369 13.2125000929689 13.3875000452709 13.4999999935274 13.6625001389819 13.8499998980835 14.0499999457291 14.3125000024846 14.6125001799065 14.4874999548295 14.4375000058977 14.4249999489272 14.5999999046326 14.9125001353397
-9999 -9999 -9999 -9999 -9999 -9999 -9999 -9999 -9999 -9999 -9999 -9999 -9999 -9999 -9999 -9999 -9999 -9999 -9999 8.43749976091553 -9999 8.72499990328169 8.83749985218745 9.06250023636365 9.17499971389773 9.36249995023273 9.45000004628516 9.55000019073488 9.72499990179719 9.82500004625643 9.92499995087951 10.0874998518869 10.5750000404045 10.9250001746153 11.5874998488365 12.2125000812647 12.4500000551537 12.5750000431727 12.3624999500462 12.2500002551683 11.9624998531182 12.0750000476838 12.2124996146518 12.4750001383685 12.8249998076948 13.0875000961576 12.9874999531111 13.1375000436862 13.2374999482949 13.449999807647 13.6124999498747 13.7874999005394 13.9124999071027 13.900000093711 14.0999999029666 14.1750001907348 14.2874999004201 14.512500281866 14.7625000468317 14.887499804981
-9999 -9999 -9999 -9999 -9999 -9999 -9999 -9999 -9999 -9999 -9999 -9999 -9999 -9999 -9999 -9999 -9999 -9999 -9999 8.45000004502021 8.57500028610229 8.7249999019308 8.899999854228 9.13749980995011 9.22499990187353 9.23749995162176 9.32500004768375 9.41249990533665 9.56249999787346 9.66249990249173 9.85000014017774 10.0250000924749 10.2750000866326 10.7875001379223 11.2750000894675 11.8124999977734 11.9625001050789 11.9125001347815 11.7999999538296 11.8124997699564 11.8000001922671 12.000000235335 12.2249999030812 12.562499992976 12.9625000851594 13.5499999586361 13.0499999554952 13.0875000929689 13.2124998561446 13.3250000444474 13.4625000929259 13.6249997566697 13.7374999498461 13.9125001389103 13.9749999062985 14.1125001865463 14.4374999957874 14.4624998561016 14.5999999012244 14.8500001413375
-9999 -9999 -9999 -9999 -9999 -9999 -9999 -9999 -9999 -9999 -9999 -9999 -9999 -9999 -9999 -9999 -9999 -9999 -9999 8.47499990330081 8.60000014305118 8.80000018803314 8.97499990191177 9.13749980858016 9.22499990463261 9.24999999999996 9.31249999790209 9.41249966691806 9.53749989967059 9.68749976229502 9.74999999425311 9.92499994942371 10.1249999941767 10.4000000880403 10.8624997043103 11.0500001951883 11.1375000454424 11.1999998032507 11.4374999992435 11.5250000938447 11.8124999946371 11.9750001399676 12.1749999492136 12.3500001414903 12.650000087515 12.9375002392084 12.9000000921885 12.9749999030335 13.1625001422468 13.3624999482709 13.4625000929258 13.6000003814697 13.7499999983532 13.8500001430512 13.9374999958352 14.0624999958113 14.24999999663 14.3999998552543 14.5374999003723 14.6874999974295
-9999 -9999 -9999 -9999 -9999 -9999 -9999 -9999 -9999 -9999 -9999 -9999 -9999 -9999 -9999 -9999 -9999 -9999 -9999 -9999 8.64999985560755 8.81249999662285 8.93749976090125 9.11250019141982 9.26250004423495 9.43749976227594 9.43750024471228 9.41249966691806 9.47499990463257 9.53750014091027 9.66249990391421 9.87499999566123 10.0874998533093 10.3125002376859 10.5375001408387 10.7124998547221 11.1499998494784 11.400000089353 11.5374999069022 11.4999999984773 11.7625000469176 11.9874999500036 12.1499998538462 12.3624999499749 12.5375001406954 12.6874999976302 12.8375000929832 13.037499899036 13.1500000921503 13.3250000444474 13.5749998011266 13.7249999062698 13.7875001405809 13.9625000912265 14.1500000937014 14.1749999539917 -9999 -9999 -9999 -9999
-9999 -9999 -9999 -9999 -9999 -9999 -9999 -9999 -9999 -9999 -9999 -9999 -9999 -9999 -9999 -9999 -9999 -9999 -9999 -9999 8.67499995231628 8.77500009401655 8.91249966553379 9.01250004699872 9.22499990187355 9.36250019142939 9.47499990323394 9.53749990392858 9.41250014659542 9.63749980426982 9.78750014089611 10.0375001408818 10.1500003308743 10.2124998562161 10.4499998063152 10.6874999962887 10.9875001869996 11.4999999924819 11.9625000991501 11.6999998107879 11.6999998107974 11.9249999507745 12.1624999007542 -9999 -9999 -9999 -9999 -9999 -9999 -9999 -9999 -9999 -9999 -9999 -9999 -9999 -9999 -9999 -9999 -9999
-9999 -9999 -9999 -9999 -9999 -9999 -9999 -9999 -9999 -9999 -9999 -9999 -9999 -9999 -9999 -9999 -9999 -9999 -9999 -9999 8.68750023238267 8.81250023639228 8.90000009536747 9.03750013962621 9.08750033309624 9.27500009397839 9.42499994951916 9.57500028469414 9.6874999964558 9.74999999714552 9.84999990463261 9.87499999855377 10.0375001394116 10.2374999515835 10.4249999493663 10.6374998085229 11.0374998979093 11.5875000795795 -9999 -9999 -9999 -9999 -9999 -9999 -9999 -9999 -9999 -9999 -9999 -9999 -9999 -9999 -9999 -9999 -9999 -9999 -9999 -9999 -9999 -9999
-9999 -9999 -9999 -9999 -9999 -9999 -9999 -9999 -9999 -9999 -9999 -9999 -9999 -9999 -9999 -9999 -9999 -9999 -9999 -9999 8.68749999932939 8.80000019073484 8.89999961853027 -9999 9.16249990394286 -9999 -9999 -9999 -9999 -9999 -9999 -9999 -9999 -9999 -9999 -9999 -9999 -9999 -9999 -9999 -9999 -9999 -9999 -9999 -9999 -9999 -9999 -9999 -9999 -9999 -9999 -9999 -9999 -9999 -9999 -9999 -9999 -9999 -9999 -9999
