socal_rasters/continentality_SPHAsouth_aggfac2.asc
NCOLS 210 
NROWS 130 
XLLCORNER -119.45 
YLLCORNER 32.483333333 
CELLSIZE 0.0166666666666667 
NODATA_value -9999 
[rows 0 to 25 of 130, columns 0 to 59 of 210]
-9999.000000000000000 -9999 -9999 -9999 -9999 -9999 -9999 -9999 -9999 -9999 -9999 -9999 -9999 -9999 -9999 -9999 -9999 -9999 -9999 -9999 -9999 -9999 -9999 -9999 -9999 -9999 -9999 -9999 -9999 -9999 -9999 -9999 -9999 -9999 -9999 -9999 -9999 -9999 -9999 -9999 -9999 -9999 -9999 -9999 -9999 -9999 -9999 -9999 -9999 17.40000009395 -9999 -9999 -9999 -9999 -9999 -9999 -9999 -9999 -9999 -9999
-9999 -9999 -9999 -9999 -9999 -9999 -9999 -9999 -9999 -9999 -9999 -9999 -9999 -9999 -9999 -9999 -9999 -9999 -9999 -9999 -9999 -9999 -9999 -9999 -9999 -9999 -9999 -9999 -9999 -9999 -9999 -9999 -9999 -9999 -9999 -9999 -9999 -9999 -9999 -9999 -9999 -9999 -9999 -9999 -9999 -9999 17.1375002880997 16.7875003789758 17.0500001930497 17.3375005696055 17.4875001900117 17.6500000943841 -9999 -9999 -9999 -9999 -9999 -9999 -9999 -9999
-9999 -9999 -9999 -9999 -9999 -9999 -9999 -9999 -9999 -9999 -9999 -9999 -9999 -9999 -9999 -9999 -9999 -9999 -9999 -9999 -9999 -9999 -9999 -9999 -9999 -9999 -9999 -9999 -9999 -9999 -9999 -9999 -9999 -9999 -9999 -9999 -9999 -9999 -9999 -9999 -9999 -9999 -9999 16.6124997141053 16.9750003793454 17.1124997141149 16.5000000053268 16.3625004239391 17.1500000935154 17.3750004787271 17.462499617807 17.5250000968422 17.3000001917372 17.012500283804 17.18749999974 -9999 -9999 -9999 -9999 -9999
-9999 -9999 -9999 -9999 -9999 -9999 -9999 -9999 -9999 -9999 -9999 -9999 -9999 -9999 -9999 -9999 -9999 -9999 -9999 -9999 -9999 -9999 -9999 -9999 -9999 -9999 -9999 -9999 -9999 -9999 -9999 -9999 -9999 -9999 -9999 -9999 -9999 -9999 -9999 16.4374995263681 15.8249998081052 16.5999999018588 17.0124998070332 16.9624996208147 16.9374995212509 16.9374999989141 16.474999907296 15.5999999028186 16.6125001858734 17.0624999974008 17.174999711005 17.4999999990166 17.4124999073891 16.9999999954033 17.5875000945869 17.6999998087353 17.6500000926704 -9999 -9999 -9999
-9999 -9999 -9999 -9999 -9999 -9999 -9999 -9999 -9999 -9999 -9999 -9999 -9999 -9999 -9999 -9999 -9999 -9999 -9999 -9999 -9999 -9999 -9999 -9999 -9999 -9999 -9999 -9999 -9999 -9999 -9999 -9999 -9999 -9999 -9999 15.9999995238406 16.0875000913605 16.6374998105182 16.3000001922051 15.837499858269 15.2000000426577 16.4250001879612 16.9250001887059 16.9249997147284 16.7000002865273 16.6500000958018 16.7499999991122 16.2874999093934 -9999 15.8499998999075 16.5875000927161 17.0374999038953 17.1624999053846 16.4249997103227 17.312499998179 17.5374999048976 17.3750000000001 17.3249998109122 17.1875000047478 -9999
-9999 -9999 -9999 -9999 -9999 -9999 -9999 -9999 -9999 -9999 -9999 -9999 -9999 -9999 -9999 -9999 -9999 -9999 -9999 -9999 -9999 -9999 -9999 -9999 -9999 -9999 -9999 -9999 -9999 -9999 -9999 -9999 -9999 16.3624997130982 16.450000285773 16.3374996193776 15.58749985782 15.8375000916085 15.799999954889 15.6374998090764 14.9124999021196 15.8499999018589 16.4625000935411 16.3249998125876 16.2375001900976 16.4750003806011 16.3625001878494 16.324999808358 15.8999998601898 -9999 15.7625000450322 16.037499906353 15.8625004359196 16.2749998574592 16.4875001920353 16.5125002868969 16.2874994275255 16.3749999939613 17.0874996143415 17.6375002841141
-9999 -9999 -9999 -9999 -9999 -9999 -9999 -9999 -9999 -9999 -9999 -9999 -9999 -9999 -9999 -9999 -9999 -9999 -9999 -9999 -9999 -9999 -9999 -9999 -9999 -9999 -9999 -9999 -9999 -9999 15.4624996148911 16.0875000955178 16.0750000473736 16.2374994740402 16.3750000003293 16.4875001912432 16.1125001919543 15.8500001448408 15.2874999037134 15.4375000050906 14.9375000052195 14.2499999952455 15.2625000491042 15.1750001911505 15.8000001830872 16.3249998092653 16.0125000492373 15.6124999525431 15.4125001414309 -9999 15.3124999978306 15.224999667689 -9999 16.1125004309411 16.0499999491947 16.0375001406669 16.6750001891166 17.124999997255 17.5250000942503 17.7000002843981
-9999 -9999 -9999 -9999 -9999 -9999 -9999 -9999 -9999 -9999 -9999 -9999 -9999 -9999 -9999 -9999 -9999 -9999 -9999 -9999 -9999 -9999 -9999 -9999 -9999 -9999 -9999 -9999 15.6749999514998 15.1500001004372 15.5750000438991 15.974999666214 15.7000000486144 15.9499998076661 16.2999997135683 16.3749999993222 16.4374995236855 16.3624997144347 16.0749998096328 15.962499860531 15.4250001949878 14.1624999095852 14.5625000018258 15.1625001349524 15.7125000943052 15.9249999518818 15.8249998083772 15.3125000052146 14.8749999999998 14.8750002379459 -9999 -9999 15.5750000466813 15.6375002878897 15.5249998611111 15.8749997557532 16.7125005692377 17.1624994264229 17.2750000964844 17.3625001927231
-9999 -9999 -9999 -9999 -9999 -9999 -9999 -9999 -9999 -9999 -9999 -9999 -9999 -9999 -9999 -9999 -9999 -9999 -9999 -9999 -9999 -9999 -9999 -9999 15.3124999994152 15.512500047562 15.499999999747 15.5374996663452 14.9499998119864 14.4249999509082 15.1375000440449 15.7249996653121 15.5499999547983 15.5749998086257 16.0749995688706 16.2625002866107 16.0500001924772 16.149999856233 15.9125001469103 15.3124997640327 14.7500000054128 13.7624998126331 14.7125000943527 14.9500002881791 15.1000001413517 15.0375001415311 15.1500000922603 15.1625001469053 14.6500000976824 14.3875000502828 14.2499997606172 14.8875002873316 14.8375000946159 15.1124999495072 14.9750001492948 15.5499999475478 16.0624999975728 16.3749995226139 16.8000001879424 16.6499996230753
-9999 -9999 -9999 -9999 -9999 -9999 -9999 -9999 -9999 -9999 -9999 -9999 -9999 -9999 -9999 -9999 -9999 -9999 -9999 -9999 -9999 14.2874996650852 14.9500000470393 15.1749999516433 15.2125000950166 15.2999999520727 15.4999999992409 15.612499952185 15.4249997138977 14.8874998125045 13.9499998066448 14.9374999977447 14.9750001424306 15.1874997588632 15.6624999034798 16.1500000960452 15.549999717382 15.5250000939353 15.362499954705 14.9125001466333 14.3624997109977 -9999 13.9625000927297 14.487499948786 14.3375001006782 14.5875000916755 15.199999809265 15.1250002411391 14.7124998594952 14.075000049574 14.0374999024631 14.3750002369437 14.7625002853505 14.987499953593 14.5124998079645 15.1875002339148 15.250000001618 15.5625002326542 15.7624998106613 15.4749999040644
-9999 -9999 -9999 -9999 -9999 -9999 -9999 -9999 -9999 -9999 -9999 -9999 -9999 -9999 -9999 -9999 -9999 -9999 -9999 14.6625001433305 14.8874998089716 14.8499999046325 15.0624999996778 15.0250000955919 15.1749999520824 15.1749999528032 15.3499999038735 15.4999999989497 15.4250001918234 14.6750001941151 13.7749998534556 14.5125000502399 14.6125001896494 15.2875001393734 15.8500001410751 15.9499998102818 15.2499997654144 14.974999900337 15.1124999532349 14.5875000989494 13.8249998108114 -9999 -9999 13.6750001894889 14.0749998075656 14.6124999520991 14.5375001446048 14.3125000011337 14.3499999037067 14.1750001935703 13.7874996640446 14.2250001410846 14.6249997605792 14.387500289933 14.2999999497149 14.7375001851717 14.8624997130886 15.087500096191 15.2000000493595 15.1624999032124
-9999 -9999 -9999 -9999 -9999 -9999 -9999 -9999 -9999 -9999 -9999 -9999 -9999 -9999 -9999 11.9749999035969 12.5624999989761 13.0124998090142 13.7249999041026 14.0250000940643 14.4374999993149 14.512500048607 14.4874999515643 14.2375001901739 14.8875000456952 15.1625001429293 15.2374999529488 15.362499952185 15.0499999563982 13.7500000042251 13.1375000498678 12.5374999029785 13.7374999465772 15.2500002380986 15.2874999011743 15.3750000016943 14.8750000020904 14.2250001426931 15.1749999490084 15.4000000968758 14.2999999573426 13.0374996723553 13.762500043017 14.2749998557031 14.5874998546122 14.5250000975391 14.1749999540917 13.9500000485905 13.8250000481466 13.7125000979662 13.5500001892885 13.9500000462088 14.1500000943649 13.9624998566935 14.2000000466431 14.4375002355044 14.4500002855628 14.5250000909756 15.1000001385832 15.5250000930952
-9999 -9999 -9999 -9999 -9999 -9999 -9999 -9999 -9999 -9999 -9999 -9999 11.0499999520776 11.3749999992264 11.8374998567409 12.1000001424594 12.3375000946589 12.5875000952841 12.7625000467126 12.9875001897113 13.2374999522186 12.7874999074037 13.362500189124 13.9374999971953 14.6374998086801 14.9249999510988 15.2124998565693 15.0624997619754 14.7750000991769 13.7749998586392 12.5250000988614 11.3000001895321 13.7124998487279 14.1750001932934 14.4624998564551 14.2125000951982 14.0374999093367 13.5499999465884 14.6375000452948 14.1999998130362 13.7750001003939 12.5750000476838 13.1750001915465 13.4624998530033 13.8374998554617 14.0999999055015 13.724999903301 13.5375003826034 13.6750001911979 13.3374998571852 13.3499999041505 13.524999856949 13.6749999508128 13.7250001425405 13.9499998092651 14.0624997618465 14.3374998556002 14.6124999514927 14.8749999972074 15.387500041719
-9999 -9999 -9999 -9999 -9999 -9999 -9999 -9999 -9999 10.6125001904174 10.8375000958185 10.8500001421726 11.1749999519583 11.8999998561752 12.1499998561181 12.3125000003701 12.774999856949 12.8500001427173 13.1500000946614 13.0500001918521 12.7750003343734 12.0625000029759 12.4124999021624 13.5125000462254 14.3875000463968 14.4249999528028 14.3125002372797 13.9375002409127 13.7250001465882 12.6124997171367 11.7250001447976 11.0124998076112 12.8874998056974 13.2250001494467 13.4999999973651 13.6875000025417 12.6000001486263 12.7750000882075 12.9375000020209 12.7249999042549 12.2625000494234 12.7000002845176 13.3374998539053 13.5375001428432 14.0375001432636 14.0374999087587 13.2250001448268 13.1125001914148 13.0499999537052 13.2000000457936 13.5 13.4250001907349 13.4124996659634 13.525000094346 13.6250002368577 13.8375000935129 13.9499998103439 14.0624999980785 14.1500000942504 14.624999759877
-9999 -9999 -9999 -9999 -9999 -9999 -9999 -9999 9.96250009557048 10.4874999519082 10.4500000469815 11.7125000941044 12.6124999526144 12.5624999999352 12.6375000469223 13.0999999037453 13.0874998576578 13.2250001443877 12.79999995267 11.9124999050981 11.6750001909308 11.5375001445905 11.3749999972082 12.2125000943581 13.0625000005851 12.9375000006092 12.6000001460877 12.4625000962869 11.4624998589903 11.0500001929885 10.5000000005824 10.5875000952171 11.1125001884082 12.1624999012751 12.6250002390777 12.7750000936736 12.1500001012914 11.6375002852076 11.5375001432349 11.6000001426741 11.7874999032794 11.9625003316069 12.137500047481 12.2625000453995 12.7124998563119 12.562499999783 12.6374998099311 12.8999998555884 13.1874999988425 13.4750001411608 13.6749999518341 13.7125000961048 13.5375001428005 13.5625000012768 13.5625002381585 13.8250000487434 14.1124999509676 14.3499999040835 14.2375001904556 14.3499999034964
-9999 -9999 -9999 10.8499999043986 10.9375000003647 -9999 -9999 10.1624999041672 9.74999999943173 10.1750001898278 11.2625002848489 11.5250000952572 11.5375001431105 11.3874998089427 11.6749999517621 11.6250000005916 11.4875001914435 11.537499905551 11.1124997141624 11.2625000501964 10.7750000963459 10.8499996666243 10.3875000490798 11.1249999966345 11.5125000473324 11.3875000499965 11.212499857581 10.4999999999998 10.3249998095371 10.2625000483878 10.1874999995633 10.3374998567984 10.462500094902 10.5500001904151 10.7374999528102 10.8999998572876 11.012499808394 11.124999999284 11.2874999040812 11.7249999035015 11.9375002362923 12.474999904633 12.8499999021983 12.474999906294 12.8250000472592 12.8125000002174 12.7750000953674 12.9749999050861 13.1749999532423 13.3624999506624 13.9874999482185 14.012500287823 13.6500000963697 13.5 13.4874999520561 13.724999903043 13.9749999035536 14.5124998084415 14.6500000964845 14.775000098776
10.4999999999435 11.3000001906064 10.4749999046801 10.9375002384353 10.7750000958827 10.062500000341 -9999 9.862499951565 9.22499966605171 10.2999999520441 10.6124997136471 10.5375001436552 10.4124999048118 10.8750002372584 11.4000000959213 10.9124999047067 10.7000000481563 10.7750000967038 10.6375000458297 10.4999999992558 10.2999997138978 10.3624997166684 10.0249998565194 9.80000018961343 9.73750019319138 9.59999990438924 9.66249990475933 9.65000009536756 9.70000004713951 9.86250019059404 9.97499990405031 10.1874999992483 10.4250001894939 10.9374997598223 10.9625000955319 11.3750002360462 12.3250002840112 11.9000000939351 12.9374999990806 13.3374998582683 13.8749999953599 14.3625001897439 14.2125000951642 13.6250000062295 13.1625001398645 13.4874999534019 14.0375001388339 13.6249997602211 14.1875002330939 14.3500001421058 14.174999951352 13.8875000479294 13.7625000494379 13.4624998566935 13.5500001902145 13.5875000956323 13.8000001907349 14.1125001893623 14.5374998993264 15.2749998529719
-9999 9.5999996662423 9.90000009496195 10.4124999043485 11.1249997614528 11.4125001426577 11.0374999052842 9.86249995349777 9.24999999975636 9.72499990599314 10.062500237867 9.80000019095423 10.1124999511823 10.9000000945941 11.1874999989616 11.0750000496068 10.0125000490222 9.91250014380264 9.98749995134504 9.91250014426107 9.65000009614985 9.81249976496757 9.23750019041234 8.96250009570381 9.03750014316806 9.11250019036962 9.26250004730415 9.45000004715853 9.59999990327201 10.0125000461347 10.21249985593 10.6250000009021 11.6000003768166 12.3999998550306 12.7249996655556 12.6874997566679 13.374999999303 13.237500188766 13.7125000937134 14.1500000927276 14.2624998098448 14.1249999992073 14.5749998052071 14.6124999537699 14.0874998571617 14.4125001406621 14.8875000474617 14.9249997166185 14.8250000462952 15.2374999520802 15.2374999583425 14.7249999070908 14.025000096871 13.7000000487053 13.9124999022913 13.9124999059573 14.0374999043629 14.3249998059714 15.4499998020045 16.2750000936632
-9999 -9999 -9999 9.52499985654834 9.73750019054192 10.4625000948689 11.0625000004036 10.7249999057065 9.41249990589088 8.76250004745699 9.1500000950664 9.47499990463246 10.0999999035584 10.9750001420198 11.5000000000002 10.9249999542394 10.0124998102887 9.42500019073495 9.3249998085591 9.28749990602897 8.82500004807519 8.62500000082093 8.60000038146973 8.76249980825556 9.61249995126338 10.6249999968344 11.2999999515566 10.6500000943167 10.7125000897888 11.4624998539912 11.81249999869 11.6874999992483 11.7874999038568 12.2249999020743 12.3750000009882 12.4124999031076 12.6874999987803 13.1749999516001 13.4749999035299 13.7499999984915 13.9625000967206 13.6875000021792 13.4249997138977 13.4500000480992 13.600000140927 13.8374998593379 14.0125000465741 14.6125001896015 14.8124999983798 15.4624998543501 15.700000049612 15.1125001958969 14.8499999011241 14.450000050748 14.2250001440915 14.499999762641 14.3125002435433 14.887499804599 15.574999812058 15.4749999040649
-9999 -9999 -9999 8.600000143051 8.83749985641171 9.20000004700138 9.82499980976123 9.54999995253077 9.15000009593549 8.4749999045418 9.5624999992481 9.87500023819877 9.91250014346874 10.4999997614524 10.7875001432587 10.4625000938139 9.93749976229018 9.26250004993856 8.63750004794852 8.56250000009301 8.46249985724232 8.46250009485436 9.28750014079662 10.8625001874825 11.6625001401273 11.71250009768 11.2875001436834 10.8250000497841 10.3749999997281 10.849999904069 10.9749999040501 11.2000000470821 11.2000000483041 11.275000095687 11.3250000483422 11.6375000478528 11.7750000939732 12.0375001400081 12.3250000469484 12.7000000435354 12.9624998525023 13.425000187961 13.3750000016231 12.9750001467889 12.9625000938802 13.2124998562972 13.7749998556172 13.9124998998713 14.4000000953676 14.4500000462659 15.3000001888063 15.4124999034032 15.6374998110194 15.3000001937994 15.0000000005203 14.4874999578795 13.8250002887996 13.5500001918327 13.6500000959258 13.7625000462633
-9999 -9999 -9999 -9999 -9999 -9999 9.32500004724991 9.12500000021448 8.52499985792296 8.24999999963715 9.08749985649747 9.51249981052824 9.66250014251388 9.83749985740021 9.90000009633683 9.62500023945429 9.26250004855015 8.72500014455471 8.32500004786034 8.25000000018616 8.24999999980432 8.79999994780122 10.1375000471469 10.4000000985085 10.037499904048 10.1625001439035 10.1499998574551 10.0750002847895 10.2250001408741 10.274999856949 10.1499998566579 10.374999999098 10.4750001421206 10.7499999990406 10.7624998094299 10.762500285594 10.8125002368508 11.0124998069383 11.3250000473163 11.5624999967948 11.8749999984536 12.4374999990096 12.4125001408194 12.3999998586102 12.5374999031457 12.6500000923272 13.1499998529539 14.2125000910599 14.3374998604212 13.8625001904988 13.9500000462378 14.0500001872938 14.3500001390418 14.449999813862 13.9500000492447 14.0624997666153 13.2999999539347 13.0999999046327 13.1250000005586 13.2000000465476
-9999 -9999 -9999 -9999 -9999 -9999 -9999 8.7749998580224 8.04999995264089 8.21249997511481 8.98749995186477 8.83750009586157 9.03749966675096 9.0249998573354 8.92500019073459 8.68750000036959 8.35000014336603 8.16250014330165 8.08749985703707 8.11250019026958 8.8625001892677 9.58749985643559 9.34999990549136 9.06250000056067 9.22500014375275 9.33750009597592 9.50000023867145 9.46250009471075 9.41250014264282 9.52499985694871 9.59999990463244 9.79999995141409 9.92499995355706 9.96250009520729 10.0875003336211 10.1124999518079 10.2125000937995 10.4999997590754 10.8250000458459 11.2374999521276 11.537499664474 11.7500000003961 11.7499997627986 11.812499999377 11.9125001424138 12.0624999984797 12.5125000479055 13.1249999950118 14.1625001418935 13.6875000035441 13.174999711005 13.0125000459629 13.2500002394209 13.2374999505286 13.2374999530966 13.1124999536407 12.9624998588368 12.8875000479581 12.8499996650969 12.8749997621495
-9999 -9999 -9999 -9999 -9999 -9999 -9999 -9999 -9999 -9999 7.78749990458248 7.8500000236223 7.98749995213726 8.09999990450371 8.11249995224712 8.13750004790574 7.99999988126321 7.87500000033411 7.90000009536743 7.86249995222323 8.13749992700692 8.41249990473534 8.42499995167208 8.56249976146939 8.76250004733295 8.7999999518294 8.81249976170801 8.82499980900263 8.90000009482325 9.08750009438169 9.16250014319681 9.17499995201562 9.40000009505726 9.57500028578251 9.78749990413851 10.1749999509608 10.7999997125043 10.5250000935776 10.5500001907348 10.6375000467411 10.9749999030861 11.1625001428531 11.3624999508962 11.4874999521087 11.5999999042077 11.7249999033295 11.9250001902911 12.3374998517344 13.3749997588038 12.9625001022194 12.462500097537 12.4625000936469 12.525000093864 12.5750000471731 12.6125001904749 12.5374999048976 12.3999998574883 12.4249999539633 12.3499999046326 12.4875001904509
-9999 -9999 -9999 -9999 -9999 -9999 -9999 -9999 -9999 -9999 -9999 7.5499999523162 7.63750004750463 7.70000004742583 7.75000011934767 7.70000004797954 7.70000004784116 7.63749992855789 7.71249997571665 7.81250000009303 7.86249995202273 8.03750014294852 8.1124999519941 8.30000018983751 8.83749985636439 8.83750009743727 8.48749971351803 8.49999999894971 8.93749976117346 9.27500009339595 9.58750009405745 9.61249995306803 9.87500023779847 9.87499999872113 9.91249990413855 9.83750009519795 10.1124999510968 10.9000000925036 10.8499999064701 10.5999999035014 10.7625000471038 10.8875000466932 11.1375000466693 11.4749999017254 11.6375000453467 12.1000001426169 12.2375001922888 12.4999999990935 13.1374998067189 12.3500001496666 11.9499998092651 12.1000001425595 12.0374999033795 12.2000000466621 12.1500000953673 12.2374999525812 12.1750001912742 12.1375000479582 12.125000001117 12.1500000959354
-9999 -9999 -9999 -9999 -9999 -9999 -9999 -9999 -9999 -9999 -9999 7.37499988068091 7.42499995231635 7.40000009536752 7.449999928336 7.43749999992606 7.42499995231631 7.56249999991654 7.56249999991178 7.56250000009314 7.68749999990219 7.78750002353404 8.12500011792072 8.3125000012341 8.08750009548455 8.08750009597624 8.13750004730423 8.42499995100354 8.61249995190843 8.52499985666735 8.62500023812757 8.71250009491654 8.87500000000021 9.16249990191458 9.70000004471954 10.3250000446335 10.6375002831404 -9999 10.7249999042648 10.9750001422968 11.1624999017327 11.6375000474855 11.8875000499153 11.8875000470606 12.3249998062908 12.6624999009404 12.9874999498748 12.9375000024943 11.9999997634337 11.7875001442327 11.7749998564669 11.8500001430512 11.8125000007518 11.8374998572043 11.8375000961479 11.8250000471539 11.9000000964464 11.8750000000001 11.8624999520371 11.8749999988638
-9999 -9999 -9999 -9999 -9999 -9999 -9999 -9999 -9999 -9999 -9999 7.26250004762879 7.27500009536741 7.27499997602924 7.28750002391113 7.28750002376784 7.37499999999994 7.31249999991643 7.4000000953673 7.45000004768363 7.49999999941291 7.77499997636327 7.700000048328 7.6999999284744 7.81249999964908 7.89999997591462 7.97500002384179 8.05000007205063 8.32499980654403 8.85000014192488 8.95000004855762 8.84999990012232 9.3374998533813 9.82500004640437 9.9625000948734 10.4249999502829 10.9999999989546 11.3125000008949 11.2375001890811 11.7124998552523 11.9249999511565 12.3124999958397 12.6624999060529 12.7750000928755 12.7374999542282 12.8874998090479 12.7249999077397 11.9124996687078 11.4375000006945 11.4499998092651 11.5124998099882 11.5750002865939 11.6500000953674 11.5375001433065 11.5125000484641 11.5249998574786 11.5999999051719 11.6124999525907 11.5750000471252 11.562500000284
