socal_rasters/continentality_SPHAsouth_aggfac2.asc
NCOLS 210 
NROWS 130 
XLLCORNER -119.45 
YLLCORNER 32.483333333 
CELLSIZE 0.0166666666666667 
NODATA_value -9999 
[rows 26 to 51 of 130, columns 120 to 179 of 210]
16.6375002832265 16.5625004832169 16.1250000023389 16.0124998122127 16.0124998074824 16.1624999004394 16.44999980685 16.862499705986 17.3375000935274 17.3499999071052 17.4124994221892 17.4249997189193 17.5125002879998 17.5124998086279 17.5 17.5624999980598 17.5749998092652 17.5749998092652 17.4000001019785 17.025000096699 -9999 -9999 -9999 -9999 -9999 -9999 -9999 -9999 -9999 -9999 -9999 -9999 -9999 -9999 -9999 -9999 -9999 -9999 -9999 -9999 -9999 -9999 -9999 -9999 -9999 -9999 -9999 -9999 -9999 -9999 -9999 -9999 -9999 -9999 -9999 -9999 -9999 -9999 -9999 -9999
16.0124998132913 15.8625001959543 15.8625001843027 15.8374998646123 15.6500000965559 15.5624997621804 15.6375000470797 15.7500002347668 16.112500427313 16.4875001728081 16.5249996235134 16.687499999372 16.8749995218979 17.237499709437 17.31250000321 17.2750000992479 17.1874999967422 17.4750003827823 17.462499623158 17.4624996165327 17.349999434502 -9999 -9999 -9999 -9999 -9999 -9999 -9999 -9999 -9999 -9999 -9999 -9999 -9999 -9999 -9999 -9999 -9999 -9999 -9999 -9999 -9999 -9999 -9999 -9999 -9999 -9999 -9999 -9999 -9999 -9999 -9999 -9999 -9999 -9999 -9999 -9999 -9999 -9999 -9999
15.5749998081149 15.5499997138978 15.4000000965369 15.3250000488628 15.2999997127092 15.2500000000001 15.3250000464761 15.3624999517078 15.325000046457 15.387500044593 15.6499998532115 15.9874999454118 16.474999418941 16.7250003776464 16.8250002719778 17.0750002964505 17.0374994180224 17.337499617874 17.312499999339 17.4000000966992 17.4625005715339 17.4000000940165 -9999 -9999 -9999 -9999 -9999 -9999 -9999 -9999 -9999 -9999 -9999 -9999 -9999 -9999 -9999 -9999 -9999 -9999 -9999 -9999 -9999 -9999 -9999 -9999 -9999 -9999 -9999 -9999 -9999 -9999 -9999 -9999 -9999 -9999 -9999 -9999 -9999 -9999
15.0874998552232 15.1500000942074 15.1250000011694 15.0875000959568 14.9874999540991 15.0125000470846 15.0499999499009 15.2124998539058 15.2250001467313 15.1375000458292 15.2749998544571 15.4000000928566 15.6624999014701 15.8999996159811 16.6874999942215 16.6875000058206 16.9124998922533 17.3499999059452 17.1125001980069 17.1624998999714 17.387500286773 17.3875002867777 17.3750004781975 17.4124998998377 -9999 -9999 -9999 -9999 -9999 -9999 -9999 -9999 -9999 -9999 -9999 -9999 -9999 -9999 -9999 -9999 -9999 -9999 -9999 -9999 -9999 -9999 -9999 -9999 -9999 -9999 -9999 -9999 -9999 -9999 -9999 -9999 -9999 -9999 -9999 -9999
14.7000000453831 14.7874996656341 14.8000001907349 14.8250000465048 14.8500001442397 14.7374999505192 14.7874999028211 14.8750000000001 14.8875000470704 15.037500142433 15.1374998073964 15.2000000464284 15.3500001430512 15.4500000502328 15.6750001843147 15.8999998569489 16.2499999908787 16.7125000933988 16.6624999026494 16.749999994673 17.1249999973175 17.1500000953675 17.0750002901837 17.1500000939974 17.2374997104489 17.3749995217738 -9999 -9999 -9999 -9999 -9999 -9999 -9999 -9999 -9999 -9999 -9999 -9999 -9999 -9999 -9999 -9999 -9999 -9999 -9999 -9999 -9999 -9999 -9999 -9999 -9999 -9999 -9999 -9999 -9999 -9999 -9999 -9999 -9999 -9999
14.3124997598558 14.3875000459438 14.5750000465142 14.5874998575383 14.612499951722 14.6124999541134 14.6374998086613 14.6875000006085 14.7374999517029 14.8250000464474 14.9750001418052 15.0500001907348 15.1249999974701 15.2500002358695 15.3250002848182 15.5124998060313 15.6875002364639 15.9999997576434 16.2249996635695 16.4999999999999 16.8499999059738 16.6250004795387 16.7999997098165 17.1499996171602 17.1875004761474 17.2999997152868 17.1000003814698 -9999 -9999 -9999 -9999 -9999 -9999 -9999 -9999 -9999 -9999 -9999 -9999 -9999 -9999 -9999 -9999 -9999 -9999 -9999 -9999 -9999 -9999 -9999 -9999 -9999 -9999 -9999 -9999 -9999 -9999 -9999 -9999 -9999
14.0374999017568 14.1874999971003 14.2374999517316 14.2374999517268 14.3250000464952 14.4500000452876 14.5 14.5375001424426 14.5875000935273 14.75 14.8125002365498 14.9749999021218 15.0624999981026 15.1249999961765 15.2374999491062 15.3250000450967 15.4499998092651 15.6124999490348 15.775000092723 16.0874998482925 16.2875003807992 16.6375002759709 17.0750002847419 17.1250004740973 17.3000001921144 17.2374997145923 17.2375001914342 17.2749996171221 -9999 -9999 -9999 -9999 -9999 -9999 -9999 -9999 -9999 -9999 -9999 -9999 -9999 -9999 -9999 -9999 -9999 -9999 -9999 -9999 -9999 -9999 -9999 -9999 -9999 -9999 -9999 -9999 -9999 -9999 -9999 -9999
13.787499902907 13.9749999011528 14.0875000947827 14.1249999988209 14.0750000464951 14.199999808067 14.3750000012076 14.3500001393995 14.4499998080384 14.5750002861023 14.687499999377 14.8250000451729 14.9374999993675 15.0375001411394 15.1375000470417 15.1625001424043 15.3375000934128 15.4500000437459 15.6749999496719 15.8999998542853 16.0999999019499 16.3874993304016 16.5250000899258 16.8624997132125 16.924999712518 17.1249999958328 17.1500005722046 17.1500000981837 17.1500000953674 16.9875001985847 -9999 -9999 -9999 -9999 -9999 -9999 -9999 -9999 -9999 -9999 -9999 -9999 -9999 -9999 -9999 -9999 -9999 -9999 -9999 -9999 -9999 -9999 -9999 -9999 -9999 -9999 -9999 -9999 -9999 -9999
13.5875000936419 13.7374999505765 13.8749999988306 13.9249997127187 13.9750001394855 14.0500001907349 14.1249999975847 14.1624999028068 14.325000046457 14.4374999981456 14.5624999968854 14.6999998105206 14.8624999504189 14.9124996655767 14.9874999503902 15.1374998060314 15.2499999973939 15.412500138457 15.6000003814697 15.8124999980024 15.9999997615815 16.2500000000001 16.4249997111769 16.5874996164753 16.650000093988 16.874999997222 17.0374999011361 16.9500002889185 16.9749999103033 16.5874996263801 16.1249997658916 -9999 -9999 -9999 -9999 -9999 -9999 -9999 -9999 -9999 -9999 -9999 -9999 -9999 -9999 -9999 -9999 -9999 -9999 -9999 -9999 -9999 -9999 -9999 -9999 -9999 -9999 -9999 -9999 -9999
13.5 13.5625002378386 13.6000001418817 13.7750000930094 13.8750000011885 13.9124999028354 14.0375001424473 14.1124999504905 14.2374999504761 14.375 14.5249998532113 14.6000001443065 14.7374999516838 14.8499999046325 14.8999998556648 15.0125000470369 15.2124998536912 15.3624999490348 15.5499999483497 15.7625000470178 15.9750001390272 16.2749996144777 16.5250000899258 16.5749998188547 16.4375004761474 16.5999999018545 16.8499999032339 17.0499997124895 17.0625000007088 17.0125002882432 16.687500486176 16.1875000036159 15.8374998635003 -9999 -9999 -9999 -9999 -9999 -9999 -9999 -9999 -9999 -9999 -9999 -9999 -9999 -9999 -9999 -9999 -9999 -9999 -9999 -9999 -9999 -9999 -9999 -9999 -9999 -9999 -9999
13.6874999971238 13.7624998121647 13.5875000912743 13.6000001430512 13.7375001889521 13.8000001907349 13.9374997633929 14.0375001412253 14.1750001870546 14.337500093513 14.5499997089143 14.7374999504331 14.7250001392563 14.8000001920094 14.912499665572 14.987499950376 15.2500002332063 15.4749999020073 15.6749999496719 15.8499999006373 16.0124995688346 16.1500003297335 16.137499808585 16.2625002881573 16.2999997125182 16.5624995183012 16.7750000925702 16.9999999985918 16.9874997146066 16.9250001878804 16.9750003814697 16.8624997160671 16.5875005729324 16.6375002868349 16.48749971611 -9999 -9999 -9999 -9999 -9999 -9999 -9999 -9999 -9999 -9999 -9999 -9999 -9999 -9999 -9999 -9999 -9999 -9999 -9999 -9999 -9999 -9999 -9999 -9999 -9999
13.7000002918537 13.4124999028927 13.6375000424212 13.5375001424616 13.6125001877634 13.6874997609823 13.8999998569488 14 14.2125000910738 14.8749997702357 14.5250000916299 14.8374998487887 15.1375002842049 15.0750000502328 14.9499998092652 15.0374996655671 15.3124999967423 15.6249997602688 15.7125000907397 15.8624999489869 15.8750002370773 15.937499760906 16.0499999509558 16.1250004754672 16.1875004761474 16.4000000898111 16.6874995238621 16.7874999011121 16.9375004761283 16.9999995245901 16.9874997189262 16.962500093198 16.9124999039048 17.0249996170649 16.9000000968424 16.75 16.4625000976086 -9999 -9999 -9999 -9999 -9999 -9999 -9999 -9999 -9999 -9999 -9999 -9999 -9999 -9999 -9999 -9999 -9999 -9999 -9999 -9999 -9999 -9999 -9999
13.2375001855583 13.3000001907349 13.3874998086804 13.4624998575384 13.5375001424569 13.5750000452875 13.7374999505048 13.8999998532973 14.2000000440034 14.3624999516981 14.799999944841 14.962499856321 15.0499999497864 15.3624999478556 15.1999998131172 15.1749999484356 15.1875000006515 15.4250001907349 15.549999949672 15.6624999013033 15.7374999516456 15.8874998072389 15.9874997118571 16.0125000469988 16.1000003787107 16.2249999032435 16.3625001872384 16.7000002846941 16.8375000960763 16.9250001921621 16.9249997153345 16.9625000946443 16.9625000931837 16.9874997116996 17.0749998077902 17.0250000938829 16.9749994277953 16.9624996162748 16.862500186952 -9999 -9999 -9999 -9999 -9999 -9999 -9999 -9999 -9999 -9999 -9999 -9999 -9999 -9999 -9999 -9999 -9999 -9999 -9999 -9999 -9999
13.2749998546481 13.2750000953674 13.2875001436359 13.4249997138977 13.4374997597986 13.5750000476837 13.6374998086613 14.0125000385546 14.6125001790805 15.0625000018546 15.0875000910069 15.5125002766866 15.5625000082223 15.3499999008091 15.612500191377 15.4874999555502 15.5 15.3624999529727 15.5125000430559 15.6124997119 15.7374999529869 15.84999990058 15.900000094007 15.9499998092651 15.9999997629609 16.012499570152 16.2874999025346 16.6125001872144 16.6125001871905 16.6624999039189 16.8625001900165 16.9124999039094 16.9625000975511 16.9625000946347 17.0624999992625 17.0624995224206 17.1250004753431 17.1624999038809 17.0999999046326 17.2749996124395 17.2374997115994 -9999 -9999 -9999 -9999 -9999 -9999 -9999 -9999 -9999 -9999 -9999 -9999 -9999 -9999 -9999 -9999 -9999 -9999 -9999
13.1375000436575 13.2124998563689 13.262500047099 13.3250000465047 13.4624998563546 13.5250000953674 13.6249999975847 13.8875000434235 14.4625003159981 15.4750001405785 15.1374998211007 14.9499998080097 15.2000000464189 15.4500002797298 15.6000001417671 15.7000000463903 15.5625000045608 15.4999997602688 15.5500001907348 15.5375001423852 15.6624999066445 15.73749995029 15.8124999979594 15.8499999018927 15.9624998548797 15.9374997608869 16.0875000932696 16.1125001872145 16.2499995217452 16.4124999010645 16.5750002803555 16.7874999053558 16.8624997131698 16.8124995209648 16.9000000924175 16.9124999024059 16.9749999031385 17 17.1999998062388 17.2749996170076 17.2749996185303 17.3000001876512 17.3250002814481 -9999 -9999 -9999 -9999 -9999 -9999 -9999 -9999 -9999 -9999 -9999 -9999 -9999 -9999 -9999 -9999 -9999
13.0999999034822 13.2499999976802 13.3000001907348 13.3999998557699 13.4499998080766 13.562499999401 13.6249999975847 13.9000000917158 14.3250000440034 14.912499899069 15.2625000520441 14.8625001913626 14.9499998067352 15.1874999980882 15.3499999020644 15.3374998588891 15.3250000463806 15.4249997125851 15.5375001410678 15.5875000933698 15.7249999046326 15.6874997622568 15.7625000497243 15.7249999046325 15.8875000469939 15.8499999032435 15.9124999025346 15.9000000981837 16.0374999039237 16.1375002839614 16.3000001878614 16.4874997102819 16.6500000939116 16.625 16.6999998077902 16.7250003799852 16.7749996140481 16.9000000938638 17.0499997123845 17.1375002792501 17.2125000946012 17.3375000945966 17.4125003806941 17.5374999022912 17.6500000969379 17.8124999976301 -9999 -9999 -9999 -9999 -9999 -9999 -9999 -9999 -9999 -9999 -9999 -9999 -9999 -9999
13.0624999971241 13.1874997610015 13.3000001883959 13.3500001418721 13.4249999511277 13.7125000959664 13.9500002861022 14.1249997567126 14.4499998080384 14.5375001411967 14.7374999504476 14.7625000470561 14.875 14.9499998067161 15.0750000476837 15.1500000927804 15.249999998697 15.2750000940548 15.3500001390846 15.4499998079334 15.5375001423805 15.6375000470083 15.6749999495955 15.6999998092651 15.8000001907349 15.8125002391131 15.8750000000001 15.7874999067448 15.9374997594549 15.9624998562352 16.0625000007184 16.1750001878423 16.3875002824629 16.4124999038999 16.4875001899974 16.5999999046326 16.8249998062771 16.9250006690757 17.0249996200434 17.0875000961288 17.2624998115635 17.4124999054034 17.5374999038568 17.7249994246735 17.8999996169598 17.9875001899449 17.974999903043 -9999 -9999 -9999 -9999 -9999 -9999 -9999 -9999 -9999 -9999 -9999 -9999 -9999
13.0499999511659 13.1624999017328 13.1999998080957 13.3500001406932 13.6374998051052 13.8499999034345 14.187499993358 14.462499855123 14.43749999816 14.5624999981455 14.6500000916299 14.6999998105206 14.7374999504188 14.8499999008091 14.9124999039906 15.0375001424044 15.1499998582519 15.124999762894 15.2499999999999 15.3000001894031 15.3749999986586 15.5 15.6249997588606 15.662499665529 15.6749997125182 15.7625000456001 15.7625000469844 15.7499999985918 15.7875001423423 15.8624999501754 16.0250000939307 16.0499997081126 16.1624999039047 16.3499999031672 16.5374999038951 16.6500000938829 16.7249999016444 16.9499998047543 17.0249996200434 17.1874999992387 17.3249998077328 17.4250001861095 17.6375002837753 17.7999997138977 17.9500002829614 18.0625000007899 18.1375002853075 18.2250003798708 18.3624997066592 18.5500001874986 -9999 -9999 -9999 -9999 -9999 -9999 -9999 -9999 -9999 -9999
13.0499999500156 13.1749997138977 13.275000094198 13.3500001418721 13.6124999493449 14.0499999451277 14.1999998092651 14.4124999028067 14.5500001907348 14.5375001449056 14.5250000928757 14.6750001869687 14.7875001411537 14.8000001894604 14.8250000451156 14.9249997138977 15.0000000026061 15.1374998059835 15.3250000476837 15.2374999503186 15.3125002377479 15.3999996185303 15.5125000442827 15.5999999046326 15.7000000490632 15.7625000483783 15.7249999074298 15.7625000483878 15.8250002861023 15.8125002391322 15.9624998547938 16.0499994725866 16.237500190007 16.3624997146304 16.4625000931551 16.5625000007423 16.6875000022411 16.8374996192821 17.0125002808063 17.1374998085038 17.3499999031003 17.4500002845605 17.6125001899592 17.6624999054131 17.8500003846107 17.9499998029455 18.1374998084704 18.287499902234 18.4125003806655 18.5624999959546 18.6249995215351 -9999 -9999 -9999 -9999 -9999 -9999 -9999 -9999 -9999
13.0750002849519 13.2000000465239 13.3250000453449 13.6624999040432 13.9499998056996 14.1375000458866 14.337500093556 14.4374997597556 14.5250000953674 14.625 14.5625000018688 14.6125001901072 14.6249999974701 14.7750000915439 14.8875000457577 14.9874999516696 15.1625001384904 15.2249999033199 15.2249999059548 15.1999998079334 15.1749997125564 -9999 15.387500045643 15.5250000926275 15.6874999979307 15.7124998576433 15.8250002875009 15.7499999971837 15.7750000939497 15.8875000483973 15.9499998078284 16.0499994754791 16.1999998092651 16.2874999024345 16.6125001855725 16.6875000022268 16.687499525404 16.8000001922386 16.7750000938542 16.999999993909 17.0624999977015 17.2750000938255 17.3375000961431 17.2875003853719 17.3750004721257 17.8124999928903 18.0624999992052 18.1625003758731 18.2374997147019 18.4999999983819 18.6500000937397 18.8375000945488 -9999 -9999 -9999 -9999 -9999 -9999 -9999 -9999
13.3249998081147 13.4500000395644 13.6374998098498 13.7125000912409 13.987500186575 14.1999998068689 14.3375000947636 14.4125001400082 14.5125000470703 14.5875000972219 14.5750000489296 14.6249999987446 14.75 14.7374999516791 14.8499998994964 15.1375000496241 15.0375001423996 -9999 15.1499998556266 15.1749997152295 15.1749997138977 15.2374999489391 -9999 -9999 15.6625001382229 15.6499998555598 15.7499999986014 15.7750000967756 15.7999999508987 15.8999998555216 16.0249996185303 16.024999617084 16.2249999031767 16.5125002780426 16.5999999031576 16.625 16.75 16.787499906888 16.862499711628 16.9124999023485 16.9625000930691 16.9500002814769 17.0374999100624 16.6624999038523 17.0500001875941 17.362500188365 17.800000190735 17.587500092969 17.7874994157313 18.3124999959546 18.324999810893 18.6874995157952 -9999 -9999 -9999 -9999 -9999 -9999 -9999 -9999
13.4625000936419 13.6499998557889 13.9000000930285 13.8874998098547 13.9374999970287 14.1624999028354 14.3250000452684 14.4874999504905 14.5499999510895 14.6499998557125 14.6250000024917 14.6124999504332 14.625 14.6749999510418 14.7374999478221 -9999 -9999 -9999 15.1250000013222 15.1250002370868 15.1624999066445 15.1999998092651 15.3250000449629 15.4374999965751 15.4624998562591 15.6625001395785 15.6999998092651 15.8250002846941 15.8500001416335 15.9249999523162 16.0249996185303 16.0125000498531 16.2624998056256 16.3999996185303 16.6125001870474 16.6250004783217 16.6249995186806 16.6875004745817 16.7374997131411 16.8375005683978 16.8875002868685 16.4625001084728 16.2500004752858 16.2624998053628 16.6499996028256 17.2249999046324 17.349999903043 16.9875002091235 17.0500001794747 17.5500001858802 17.8000001858518 18.1624998923532 18.7499995198692 -9999 -9999 -9999 -9999 -9999 -9999 -9999
-9999 -9999 13.7999999499774 13.8999998557699 13.9749999022554 14.1500000941694 14.287500143655 14.3874998086566 14.5125000470703 14.587500093513 14.600000144297 14.6124999516886 14.6250000037948 14.6749997138977 14.7750000927993 14.8625001887946 -9999 15.1375000470275 15.0375001437122 15.0875000960333 15.174999950975 15.1999998092651 15.312500236378 15.3874998085802 15.487499953006 15.5625002391131 15.6999998064679 15.7875001423471 15.7875001409246 15.9249999537435 16.1625001437694 16.0749998092651 16.2500004739256 16.4999999985347 16.5624995253753 16.6250004753527 16.5999999061267 16.4625001006301 16.5374999053893 16.5375003791858 16.4250001953318 16.1999995754721 15.8875000515622 15.8624999499752 16.2125000883005 16.3125000055299 16.5874996129674 16.5750002940975 16.400000567379 17.1374997971287 17.9249997073868 18.1750001890977 18.5375003707655 -9999 -9999 -9999 -9999 -9999 -9999 -9999
13.5874998552234 13.612500188995 13.8500001407123 14.0125002843339 14.2375001889522 14.2624998086662 14.4000000941599 14.4749999034154 14.5125000458436 14.5750000452111 14.612500190112 14.6500000941121 14.6625001462135 14.6874997609442 14.7875001411251 14.8625001900881 14.912499902678 14.9374997622377 15.03750014239 15.1124999516504 15.1749999523163 15.2625000483592 15.3999998555885 15.4499998106351 15.4499998065061 15.5500001893458 15.6624999039332 15.7625000469796 15.7999999523163 15.9624998562351 16.2124996135017 16.287500377854 16.362500190007 16.3375000946346 16.3500003814697 16.5624995209361 16.6124997131507 16.625 16.5374999069024 16.2125005760114 16.125000481434 15.9250001953603 15.9875001899593 16.0000002431014 15.5624999960738 15.3624999594256 15.3375001009303 15.8875002885006 16.1124999386434 16.8250002747749 17.0500001825959 17.4999999918135 18.2125005565597 18.7749996102484 -9999 -9999 -9999 -9999 -9999 -9999
13.6499998534978 13.9250001895748 14.0874998540251 14.3249998080861 14.362499951722 14.4249997138977 14.4999999987924 14.600000141834 14.6499998569488 14.662499906487 14.6374998073964 14.7374999516885 14.6500000991623 14.7374999529535 14.8125002403447 14.8000001907349 14.8750000000001 14.9499998092651 14.9624998536433 15.0625000006658 15.1874997622521 15.2875001423757 15.375 15.412499666899 15.4374999993102 15.5250000939784 15.6000001416526 15.7374999502041 15.8500003814697 15.8874998071243 15.9499995722832 16 16.0374996669419 16.1750001863386 16.2249999046326 16.4874997042484 16.5375003822168 16.6125001869759 16.6500000968806 16.3000001983484 16.112500191501 16.0875000945966 16.1500000938161 16.0999999061935 15.5250001032198 14.9500000508436 14.9500000445048 15.0750000428867 15.3000001891263 16.299999707425 16.8624996935512 17.4374999909949 17.9124998939282 18.6750006609467 -9999 -9999 -9999 -9999 -9999 -9999
13.5624997552544 13.9124999005728 14.2249999034631 14.2124998587174 14.3375000959617 14.4000000929712 14.4499998068498 14.6499996185303 14.5750000513639 14.6000003814697 14.6125001913578 14.7249999033772 14.6749997138977 14.7249999046326 14.7124998588749 14.7750000914869 14.8125002390701 14.9249999483784 15.0750000450393 15.1624999026349 15.2374999516456 15.2249999032817 15.3375003331058 15.3875000456288 15.4375002335903 15.4874999543999 15.5625002377193 15.6624999039285 15.7875001395069 15.8999998555216 15.9749999031958 16.0499994754792 16.112500190007 16.2250003800043 16.2625002853648 16.3125000007423 16.3874998085181 16.462500093112 16.5749998107783 16.462499622337 16.2500004722405 16.1749997185231 16.1999998108165 15.9625003454928 15.2999997201795 14.9500000476837 15.1124999483426 15.4499997996711 15.6749997042465 16.1874999878638 16.8749999837228 17.3124999877205 17.9750003699421 18.6000003698752 18.9625000895367 -9999 -9999 -9999 -9999 -9999
