socal_rasters/depthtobedrockrhorizon_SPHAsouth_aggfac2.asc
NCOLS 210 
NROWS 130 
XLLCORNER -119.45 
YLLCORNER 32.483333333 
CELLSIZE 0.0166666666666667 
NODATA_value -9999 
[rows 0 to 26 of 130, columns 0 to 60 of 210]
-9999.000000000000000 -9999 -9999 -9999 -9999 -9999 -9999 -9999 -9999 -9999 -9999 -9999 -9999 -9999 -9999 -9999 -9999 -9999 -9999 -9999 -9999 -9999 -9999 -9999 -9999 -9999 -9999 -9999 -9999 -9999 -9999 -9999 -9999 -9999 -9999 -9999 -9999 -9999 -9999 -9999 -9999 -9999 -9999 -9999 -9999 -9999 -9999 -9999 -9999 152.999999905492 -9999 -9999 -9999 -9999 -9999 -9999 -9999 -9999 -9999 -9999 -9999
-9999 -9999 -9999 -9999 -9999 -9999 -9999 -9999 -9999 -9999 -9999 -9999 -9999 -9999 -9999 -9999 -9999 -9999 -9999 -9999 -9999 -9999 -9999 -9999 -9999 -9999 -9999 -9999 -9999 -9999 -9999 -9999 -9999 -9999 -9999 -9999 -9999 -9999 -9999 -9999 -9999 -9999 -9999 -9999 -9999 -9999 160.250000146489 154.000000253924 147.249999958329 159.74999990077 169.249999879477 170.750000054074 -9999 -9999 -9999 -9999 -9999 -9999 -9999 -9999 -9999
-9999 -9999 -9999 -9999 -9999 -9999 -9999 -9999 -9999 -9999 -9999 -9999 -9999 -9999 -9999 -9999 -9999 -9999 -9999 -9999 -9999 -9999 -9999 -9999 -9999 -9999 -9999 -9999 -9999 -9999 -9999 -9999 -9999 -9999 -9999 -9999 -9999 -9999 -9999 -9999 -9999 -9999 -9999 189.249999954313 180.50000013596 176.999999861011 159.249999889029 151.750000340084 150.249999902763 163.749999976368 164.750000072316 163.5 155.750000055127 154.249999984681 160.749999890743 -9999 -9999 -9999 -9999 -9999 -9999
-9999 -9999 -9999 -9999 -9999 -9999 -9999 -9999 -9999 -9999 -9999 -9999 -9999 -9999 -9999 -9999 -9999 -9999 -9999 -9999 -9999 -9999 -9999 -9999 -9999 -9999 -9999 -9999 -9999 -9999 -9999 -9999 -9999 -9999 -9999 -9999 -9999 -9999 -9999 153.000000150837 141.749999988402 143.249999869251 167.750000044636 176.999999983391 178.250000046736 188.500000078183 161.749999986689 167.250000068015 150.750000087971 144.749999910213 151.500000038566 163.749999896755 157.749999984965 143.000000030644 155.749999755467 169.749999984107 173.250000026973 -9999 -9999 -9999 -9999
-9999 -9999 -9999 -9999 -9999 -9999 -9999 -9999 -9999 -9999 -9999 -9999 -9999 -9999 -9999 -9999 -9999 -9999 -9999 -9999 -9999 -9999 -9999 -9999 -9999 -9999 -9999 -9999 -9999 -9999 -9999 -9999 -9999 -9999 -9999 175.999999891556 178.750000003488 175.999999964208 164.750000121295 140.000000060341 138.000000061859 154.000000015858 163.249999784937 180.749999970928 174.000000000002 186.250000013031 173.25000016424 160.250000077086 -9999 161.750000089775 143.999999999999 153.000000000007 146.250000105254 134.500000061289 141.749999911552 165.249999729785 164.50000003237 156.74999995059 154.500000078189 -9999 -9999
-9999 -9999 -9999 -9999 -9999 -9999 -9999 -9999 -9999 -9999 -9999 -9999 -9999 -9999 -9999 -9999 -9999 -9999 -9999 -9999 -9999 -9999 -9999 -9999 -9999 -9999 -9999 -9999 -9999 -9999 -9999 -9999 -9999 189.500000108728 183.500000019763 181.500000067776 160.250000003487 154.000000057269 149.749999930162 131.000000090506 132.999999868544 155.499999904907 159.750000101441 153.500000033212 163.499999932013 167.750000013027 179.249999960043 181.750000040809 175.500000240758 -9999 163.500000125349 154.500000000003 147.000000020047 147.999999918287 152.750000015611 151.749999846343 162.50000011867 150.50000007685 148.000000100534 155.249999914786 151.75000002888
-9999 -9999 -9999 -9999 -9999 -9999 -9999 -9999 -9999 -9999 -9999 -9999 -9999 -9999 -9999 -9999 -9999 -9999 -9999 -9999 -9999 -9999 -9999 -9999 -9999 -9999 -9999 -9999 -9999 -9999 154.250000101897 169.249999942867 181.999999975185 182.250000028782 194.249999976946 194.750000064392 171.750000031362 169.249999982091 156.000000022048 147.249999958514 136.999999938145 158.249999916794 156.249999931016 159.750000029069 167.249999808806 169.500000112923 153.499999937863 186.250000049876 184.49999996296 -9999 162.250000130166 161.000000058995 -9999 152.999999805916 163.500000083243 154.750000217228 150.749999951447 146.999999912165 146.749999972073 152.750000096574 154.999999988456
-9999 -9999 -9999 -9999 -9999 -9999 -9999 -9999 -9999 -9999 -9999 -9999 -9999 -9999 -9999 -9999 -9999 -9999 -9999 -9999 -9999 -9999 -9999 -9999 -9999 -9999 -9999 -9999 167.250000035372 162.249999985916 159.749999898106 181.000000078173 166.999999975175 174.250000111925 196.249999970357 200 192.000000097564 191.250000010745 171.50000018377 165.750000041481 161.250000027069 165.499999968313 158.749999866092 160.49999990032 181.250000072229 177.249999960914 165.750000217512 156.749999786877 180.999999972215 192.250000023628 -9999 -9999 147.250000005013 163.249999882532 167.499999937561 163.250000196041 148.249999919084 144.999999912173 152.5 140.000000136343 143.000000254123
-9999 -9999 -9999 -9999 -9999 -9999 -9999 -9999 -9999 -9999 -9999 -9999 -9999 -9999 -9999 -9999 -9999 -9999 -9999 -9999 -9999 -9999 -9999 -9999 188.999999962571 196.250000002435 189.000000045545 185.749999960605 164.250000106123 147.500000011267 161.499999941779 163.000000018043 157.249999972075 170.249999952032 180.250000003298 185.749999908504 195.500000034844 191.499999992844 170.00000013967 171.249999875559 160.000000108258 168.500000007934 141.249999890439 170.249999954314 172.999999881035 194.499999965253 187.500000159805 171.499999963726 176.249999976851 182.999999943288 187.250000207303 160.500000009828 158.500000040097 152.249999974462 179.999999895938 160.000000042384 160.750000167214 154.749999829811 149.75000007261 149.24999975572 156.249999971122
-9999 -9999 -9999 -9999 -9999 -9999 -9999 -9999 -9999 -9999 -9999 -9999 -9999 -9999 -9999 -9999 -9999 -9999 -9999 -9999 -9999 191.749999944588 199.749999997852 199.750000002243 191.000000028068 199.250000007305 194.749999972165 193.750000002625 185.250000046263 168.00000012957 148.000000005817 151.499999981951 158.249999972075 163.500000006395 169.249999963777 189.750000016945 186.750000052267 170.250000053695 162.749999996321 167.250000003776 167.500000038664 -9999 168.499999902622 165.499999941862 183.499999983011 178.250000143328 164.49999996449 177.499999827693 176.000000092595 190.499999858238 194.250000110884 165.250000083569 153.74999994487 163.249999913178 180.000000062433 183.000000158955 175.99999998922 168.000000021957 166.749999983249 170.000000136353 162.25000016749
-9999 -9999 -9999 -9999 -9999 -9999 -9999 -9999 -9999 -9999 -9999 -9999 -9999 -9999 -9999 -9999 -9999 -9999 -9999 175.499999988835 177 187.499999995897 191.750000032222 183.750000033657 182.749999983633 186.249999963482 189.999999984816 188.249999981623 182.000000059871 159.25000006479 142.000000087337 146.249999894759 160.499999906927 164.499999987208 178.74999985838 195.749999983057 181.750000191644 171.99999994988 162.25000011393 151.249999950971 171.499999876286 -9999 -9999 176.000000016623 179.500000042496 173.249999995658 182.999999849083 189.000000054406 172.250000069441 169.499999971637 192.750000139801 159.250000162238 157.000000030065 184.249999902951 184.500000228924 188.250000047689 179.00000008631 176.249999917652 178.499999865945 197.500000056809 175.000000207912
-9999 -9999 -9999 -9999 -9999 -9999 -9999 -9999 -9999 -9999 -9999 -9999 -9999 -9999 -9999 200 194.000000037801 179.500000016707 178.999999985878 174.00000001489 173.750000017613 174.750000002051 158.500000004292 157.999999995508 171.499999957891 189.000000034086 186.99999999494 188.499999957988 179.000000027208 156.000000101403 133.250000026203 147.750000021053 135.499999906923 171.999999897672 184.250000036225 197.999999986445 184.250000142854 175.000000000004 171.750000011023 162.250000011317 154.749999957484 181.249999797933 151.749999882339 169.999999975092 166.500000016996 170.249999900106 172.249999951173 180.999999891173 183.49999998148 185.249999881872 200 180.250000054072 182.500000050124 198.749999974462 185.500000104059 173.750000068873 190.750000005392 192.249999961567 178.000000111694 166.500000045441 168.999999884491
-9999 -9999 -9999 -9999 -9999 -9999 -9999 -9999 -9999 -9999 -9999 -9999 200 176.500000015491 180.999999972322 193.499999988164 194.750000011019 198.999999993318 200 194.750000024198 178.000000090016 169.999999975366 152.000000055847 153.499999973069 167.249999978941 176.500000009734 188.499999949396 178.000000057771 161.750000019048 170.749999963372 177.250000049482 197.24999997895 143.499999888315 175.499999852906 190.999999967065 182.000000074552 178.500000048784 172.000000136039 174.999999926495 169.750000101817 159.499999945864 187.999999984147 160.249999931012 170.750000012463 176.250000063735 173.499999947875 179.000000097657 169.249999995472 177.999999962966 187.249999976372 191.750000159082 185.499999960657 192.250000035077 195.499999999998 178.250000005203 181.499999788059 175.500000151051 169.4999998353 177.750000027934 167.000000124972 158.749999890261
-9999 -9999 -9999 -9999 -9999 -9999 -9999 -9999 -9999 199.500000001814 190.750000035089 189.500000017566 173.75000006087 157.249999993557 177.24999994599 184.000000011825 177.249999985815 187.249999991642 185.49999997527 174.500000037239 155.75000000196 172.749999854279 188.750000006438 173.75000006057 178.499999929824 181.000000043837 174.500000035431 168.499999984251 170.250000024496 173.499999943678 192.749999979627 197.250000033073 176.000000037244 189.000000012797 181.250000069157 178.750000077946 168.500000048779 173.000000050123 178.750000040435 168.999999947223 186.249999926546 178.500000142634 165.499999983772 165.749999954315 156.749999885278 168.249999934848 174.249999915662 181.499999854904 185.749999995382 186.750000089776 181.49999987465 198.500000029497 200 200 192.500000093648 190.750000015899 191.24999994067 192.500000010978 190.749999972081 169.500000124978 177.750000086637
-9999 -9999 -9999 -9999 -9999 -9999 -9999 -9999 193.749999979702 197.749999995464 175.500000044126 162.000000010981 148.500000026254 147.250000003863 161.999999958457 181.500000002964 172.500000009451 178.500000013372 176.000000003534 172.24999991623 191.249999978474 184.499999938428 195.00000002577 186.250000015699 194.74999996023 197.250000012174 189.749999926621 190.749999981617 191.999999972781 197.749999974647 200 200 198.000000006203 172.750000099129 177.000000006587 174.249999983052 178.500000013928 193.750000003575 200 200 195.250000019328 189.749999972255 198.250000028403 187.000000016602 182.000000016981 184.750000039079 190.499999875706 194.250000049883 182.250000060189 179.250000070886 166.499999922868 188.749999886922 200 200 196.750000067635 179.500000095369 175.999999967641 167.999999890213 182.499999776591 190.499999931836 183.249999959582
-9999 -9999 -9999 169.250000011015 139.500000005155 -9999 -9999 164.750000023624 198.500000003246 179.75000001541 163.000000008031 164.749999998905 173.499999980908 181.750000001287 168.249999998615 179.999999985209 188.249999973229 182.749999961591 194.500000010597 179.500000000001 186.250000017609 182.500000008208 194.749999954897 194.000000026924 187.750000007015 193.249999943998 195.750000027834 200 200 200 200 200 200 200 200 200 200 199.75000000358 196.750000047777 197.500000022623 178.250000065719 176.499999984138 170.999999983759 191.749999937694 175.000000067979 181.249999813225 176.999999920091 195.500000018134 188.249999986101 190.750000061426 168.500000019284 187.249999985254 196.999999959903 198.999999979571 200 195.000000052988 188.000000151043 169.000000098821 169.49999996649 168.499999954548 168.500000057753
168.499999998851 151.250000007566 149.499999997153 153.499999996 153.000000003437 148.24999999003 -9999 162.00000003007 176.999999990261 171.749999980944 175.000000024065 174.499999949484 192.499999983288 184.750000034807 160.500000041542 179.749999954148 195.749999985825 196.499999989977 189.250000044149 186.500000018615 178.750000001961 181.749999940489 196.750000023627 198.000000013459 191.999999929816 200 200 200 200 200 200 200 191.250000058953 187.250000022391 182.749999990128 173.250000003398 150.500000069693 167.249999996432 148.000000022049 143.500000052795 145.249999841475 165.499999928667 166.00000000811 159.749999979233 174.500000008503 169.749999978292 164.50000008878 163.749999995483 155.500000018524 157.999999886593 162.250000081962 164.000000127827 172.999999969925 185.749999943826 182.25000002603 181.749999931132 178.749999983816 178.000000043923 168.000000223414 160.500000011365 163.749999982674
-9999 183.250000006147 156.750000003584 148.250000004336 135.000000013736 122.99999999895 131.500000006203 145.999999988533 172.249999995933 179.999999963712 186.000000016046 192.249999985729 192.0000000382 165.75000004512 155.999999994458 176.999999937865 197.499999990551 198.249999991647 193.000000038846 176.249999975802 182.249999994137 177.499999909702 196.500000030073 200 200 192.000000009732 195.749999967103 200 198.500000016326 193.250000064779 177.749999985428 182.999999873701 167.750000170629 155.000000070362 162.500000006599 159.999999871242 172.999999979099 173.999999992844 180.749999915467 175.250000049024 182.249999887871 197.000000000002 187.500000113617 177.25000007061 162.500000127472 170.999999913142 169.250000084344 167.999999981871 154.000000046304 156.999999990555 162.999999932505 160.750000083585 172.25000011527 168.7499999336 171.250000078047 169.250000079472 172.000000086299 167.999999967059 163.000000033513 166.499999954556 164.000000023106
-9999 -9999 -9999 158.250000018358 146.000000008577 141.999999988453 141.999999995024 144.500000010014 165.499999957787 193.750000022682 181.000000002022 182.999999997818 175.000000007169 164.500000038679 157.999999955683 163.999999979291 180.499999959059 182.99999996993 185.499999999996 188.999999988823 199.249999994129 200 200 195.000000044871 166.00000009826 136.000000024366 149.499999939282 162.999999879226 184.250000127897 172.000000016894 173.749999997086 175.750000033075 173.749999990703 181.000000031977 183.500000026344 177.000000020335 170.750000073168 165.249999996415 172.49999997059 173.24999998868 185.999999976793 180.500000015856 191.249999955372 194.500000074754 191.499999999993 187.750000013028 192.749999960052 183.999999972794 184.249999995366 173.249999929112 170.250000033743 154.99999993117 163.499999909786 167.499999948927 167.250000046832 164.250000005301 180.249999908289 157.500000296452 148.249999938568 155.250000051133 173.750000179041
-9999 -9999 -9999 178.000000001337 177.50000001032 165.500000003155 164.249999989457 183.249999984973 180.500000004872 194.249999991832 158.000000008016 171.2500000011 171.750000003582 165.249999975509 168.250000023538 166.500000023672 170.499999968502 185.499999986636 197.249999980578 200 200 194.000000049251 167.75000012242 160.750000011219 141.500000004689 158.999999970801 183.74999992157 185.000000057771 184.750000035375 186.249999997195 193.25000000874 194.749999990983 196.000000000003 199.250000009594 193.250000049405 180.749999996619 176.750000038336 164.500000050132 159.750000003688 161.500000015094 169.249999918804 176.7500001466 169.999999894498 188.499999991689 191.500000000001 182.000000112922 183.999999991111 170.250000167756 165.99999989814 186.749999891311 193.249999985539 182.750000113082 177.749999984973 177.000000020438 173.750000067648 172.000000084774 168.999999773434 185.749999884718 181.249999960918 184.999999988651 198.500000034653
-9999 -9999 -9999 -9999 -9999 -9999 158.749999995658 163.250000003587 175.249999966715 189.500000038102 152.500000002017 156.249999950582 161.999999995222 172.249999939406 179.000000005537 176.499999970409 191.499999971647 194.249999961577 200 200 198.250000013699 172.750000084151 176.999999965636 182.999999950643 188.500000037429 189.999999965914 192.499999984815 193.250000034137 191.250000084365 192.249999997181 198.999999988354 200 200 199.499999993605 199.249999990121 195.750000010167 196.000000006965 188.750000025057 187.499999963247 186.25000005656 176.499999969057 173.999999944524 183.500000048698 185.499999867106 176.250000012745 172.750000204136 157.500000088778 155.249999941057 161.499999935189 177.750000014182 189.249999966256 187.999999921336 174.750000145347 172.000000030646 167.000000343389 159.499999915217 185.499999870535 194.749999884717 199.249999983245 200 200
-9999 -9999 -9999 -9999 -9999 -9999 -9999 172.749999969225 198.999999996754 174.500000045362 158.000000008043 159.499999964867 168.749999970163 177.25000000129 190.99999997508 193.499999988171 200 200 200 196.750000024195 166.250000021525 174.499999934332 189.249999920538 197.749999979812 200 199.750000002435 195.24999997217 193.499999947488 194.250000013611 200 200 200 200 199.250000003198 199.000000013173 196.999999972888 187.999999999993 182.999999992851 186.500000124956 177.750000033931 173.249999942004 176.249999916797 188.249999971604 197.999999966776 200 199.000000017374 160.250000039955 151.000000081627 131.99999978703 141.249999862963 167.50000001928 176.999999911499 182.249999954887 189.749999954032 181.749999994787 193.250000026492 178.499999956841 185.75000011528 195.00000004468 192.999999840934 200
-9999 -9999 -9999 -9999 -9999 -9999 -9999 -9999 -9999 -9999 200 199.750000001098 200 200 200 200 200 200 200 200 198.999999996085 200 200 200 200 200 200 200 200 200 200 199.499999993987 200 200 191.750000049403 176.25000002372 163.750000066192 170.750000103819 169.499999779496 200 200 200 200 200 197.500000025495 196.999999965255 192.750000119845 164.250000503314 136.749999958326 155.249999853513 161.249999850544 184.500000049153 190.999999909778 194.750000005103 184.750000140466 191.749999941711 200 200 198.250000039096 200 200
-9999 -9999 -9999 -9999 -9999 -9999 -9999 -9999 -9999 -9999 -9999 200 200 200 200 200 200 200 200 200 200 200 200 181.500000058311 169.75000000232 177.499999990245 198.249999982287 194.500000057762 187.750000024481 168.250000059148 170.999999970879 188.999999999995 171.750000027916 171.250000003196 171.999999980239 190.749999983058 180.499999986057 145.249999967787 166.249999930187 196.749999950982 198.750000019331 186.500000007913 193.75000004463 180.750000053992 178.750000123217 164.25000003909 157.499999866826 149.750000049872 131.75000003241 154.24999939988 198.999999980717 200 200 192.750000076617 196.999999937568 200 200 200 200 200 200
-9999 -9999 -9999 -9999 -9999 -9999 -9999 -9999 -9999 -9999 -9999 200 200 200 200 200 200 200 200 200 200 200 192.750000019328 188.500000013451 199.499999995321 200 199.250000007591 196.750000023629 190.749999997271 197.249999969014 200 193.500000024049 198.499999981384 176.000000102336 161.25000007576 148.749999942388 148.500000076647 -9999 181.250000040439 180.999999962298 173.00000005414 156.000000110955 156.499999878268 166.500000091382 160.000000033994 150.749999969599 156.999999928974 137.500000253925 154.499999898129 176.249999683384 197.999999961434 200 200 200 200 200 199.499999989211 198.500000032937 200 200 200
-9999 -9999 -9999 -9999 -9999 -9999 -9999 -9999 -9999 -9999 -9999 200 200 200 200 200 200 200 200 200 200 197.24999999795 200 200 200 200 199.75000000253 198.500000000001 176.250000160537 141.499999870413 154.50000006985 152.250000111249 151.750000009309 164.750000028794 189.750000049409 174.750000016946 177.749999989548 155.749999996429 152.000000080856 149.000000075408 140.500000077318 127.499999976227 134.750000028411 142.999999966781 162.749999919268 162.749999986977 150.000000124296 147.999999936521 191.499999916665 198.249999966924 193.749999927692 200 200 200 200 200 200 200 200 200 200
-9999 -9999 -9999 -9999 -9999 -9999 -9999 -9999 -9999 -9999 -9999 -9999 200 200 200 200 200 200 200 200 200 200 200 200 200 200 200 195.00000003151 159.25000013879 130.250000059149 141.499999866079 175.50000008418 153.249999984485 180.99999986569 195.999999993414 199.000000013555 178.250000163769 165.50000002148 140.250000069831 123.750000101817 124.999999930408 126.750000043588 134.750000020287 144.249999921089 172.49999983855 158.000000078187 173.000000079907 165.499999836758 190.24999989352 200 200 200 200 200 200 200 200 200 200 200 200
