socal_rasters/depthtobedrockrhorizon_SPHAsouth_aggfac2.asc
NCOLS 210 
NROWS 130 
XLLCORNER -119.45 
YLLCORNER 32.483333333 
CELLSIZE 0.0166666666666667 
NODATA_value -9999 
[rows 27 to 53 of 130, columns 122 to 182 of 210]
195.500000116949 193.49999983494 200 200 200 200 188.250000159488 175.750000333811 188.75000003738 180.000000200871 182.749999860858 172.000000152947 174.749999884433 183.750000012932 190.000000286671 192.999999711226 200 199.749999986682 198.25000009389 -9999 -9999 -9999 -9999 -9999 -9999 -9999 -9999 -9999 -9999 -9999 -9999 -9999 -9999 -9999 -9999 -9999 -9999 -9999 -9999 -9999 -9999 -9999 -9999 -9999 -9999 -9999 -9999 -9999 -9999 -9999 -9999 -9999 -9999 -9999 -9999 -9999 -9999 -9999 -9999 -9999 -9999
197.499999883056 200 200 200 200 197.74999998783 200 200 199.000000049833 189.250000188303 183.750000189735 180.25000024215 159.750000089891 174.499999715428 170.000000104253 182.249999488083 197.499999947113 199.749999986683 199.500000026827 200 -9999 -9999 -9999 -9999 -9999 -9999 -9999 -9999 -9999 -9999 -9999 -9999 -9999 -9999 -9999 -9999 -9999 -9999 -9999 -9999 -9999 -9999 -9999 -9999 -9999 -9999 -9999 -9999 -9999 -9999 -9999 -9999 -9999 -9999 -9999 -9999 -9999 -9999 -9999 -9999 -9999
200 200 200 200 200 190.000000146073 179.749999570635 200 200 200 199.000000050599 189.000000280391 183.999999871598 180.000000051747 164.999999765448 173.500000183762 168.749999695888 179.250000439475 188.999999731734 194.000000081046 193.749999823142 199.249999958901 -9999 -9999 -9999 -9999 -9999 -9999 -9999 -9999 -9999 -9999 -9999 -9999 -9999 -9999 -9999 -9999 -9999 -9999 -9999 -9999 -9999 -9999 -9999 -9999 -9999 -9999 -9999 -9999 -9999 -9999 -9999 -9999 -9999 -9999 -9999 -9999 -9999 -9999 -9999
200 200 200 200 200 200 200 200 200 200 200 200 197.000000154083 195.999999948256 188.999999843624 185.749999803106 185.250000145443 174.250000306296 166.000000053656 177.000000000007 171.000000136042 176.749999767108 190.499999889642 196.749999874983 -9999 -9999 -9999 -9999 -9999 -9999 -9999 -9999 -9999 -9999 -9999 -9999 -9999 -9999 -9999 -9999 -9999 -9999 -9999 -9999 -9999 -9999 -9999 -9999 -9999 -9999 -9999 -9999 -9999 -9999 -9999 -9999 -9999 -9999 -9999 -9999 -9999
200 200 200 200 200 200 200 200 200 200 200 200 200 200 200 194.000000236276 182.000000264448 166.250000359574 157.499999382997 180.000000405258 163.499999945584 185.249999465719 196.750000068975 195.249999847203 198.499999916085 -9999 -9999 -9999 -9999 -9999 -9999 -9999 -9999 -9999 -9999 -9999 -9999 -9999 -9999 -9999 -9999 -9999 -9999 -9999 -9999 -9999 -9999 -9999 -9999 -9999 -9999 -9999 -9999 -9999 -9999 -9999 -9999 -9999 -9999 -9999 -9999
200 200 200 200 200 200 200 200 200 200 200 200 200 200 200 200 200 196.500000186443 182.750000013398 165.000000189118 164.999999863955 186.249999849313 188.999999917234 197.5 198.499999972029 198.999999971837 -9999 -9999 -9999 -9999 -9999 -9999 -9999 -9999 -9999 -9999 -9999 -9999 -9999 -9999 -9999 -9999 -9999 -9999 -9999 -9999 -9999 -9999 -9999 -9999 -9999 -9999 -9999 -9999 -9999 -9999 -9999 -9999 -9999 -9999 -9999
200 200 200 200 200 200 200 200 200 200 200 200 200 200 200 200 200 200 200 200 195.75000012244 190.249999849311 186.750000124156 189.999999722195 199.249999958043 197.499999943674 198.750000070885 194.499999971453 -9999 -9999 -9999 -9999 -9999 -9999 -9999 -9999 -9999 -9999 -9999 -9999 -9999 -9999 -9999 -9999 -9999 -9999 -9999 -9999 -9999 -9999 -9999 -9999 -9999 -9999 -9999 -9999 -9999 -9999 -9999 -9999 -9999
200 200 200 200 200 200 200 200 200 200 200 200 200 200 200 200 200 200 199.000000053653 193.250000148599 180.750000285702 183.499999863019 200 194.750000236135 194.250000041956 188.750000211224 199.000000056708 194.999999942913 183.000000143668 -9999 -9999 -9999 -9999 -9999 -9999 -9999 -9999 -9999 -9999 -9999 -9999 -9999 -9999 -9999 -9999 -9999 -9999 -9999 -9999 -9999 -9999 -9999 -9999 -9999 -9999 -9999 -9999 -9999 -9999 -9999 -9999
200 200 200 200 200 200 200 200 200 200 200 200 200 200 200 200 200 200 200 167.250000256666 159.999999972797 184.74999963012 200 200 200 200 197.500000028355 198.749999957183 193.000000057474 188.25000007232 185.500000320287 -9999 -9999 -9999 -9999 -9999 -9999 -9999 -9999 -9999 -9999 -9999 -9999 -9999 -9999 -9999 -9999 -9999 -9999 -9999 -9999 -9999 -9999 -9999 -9999 -9999 -9999 -9999 -9999 -9999 -9999
184.250000245598 200 200 198.750000059905 186.749999746394 200 194.750000233083 189.749999493125 196.250000186875 187.99999992468 191.250000012657 198.250000089217 200 200 199.75000001303 199.749999986874 199.000000052889 199.499999973365 199.000000053651 189.249999932448 193.750000122431 199.7499999863 200 196.500000194471 186.249999930076 194.999999746534 199.500000028354 199.500000028545 200 200 197.24999989809 196.250000219808 193.000000088496 -9999 -9999 -9999 -9999 -9999 -9999 -9999 -9999 -9999 -9999 -9999 -9999 -9999 -9999 -9999 -9999 -9999 -9999 -9999 -9999 -9999 -9999 -9999 -9999 -9999 -9999 -9999 -9999
154.75000022219 197.249999870312 200 199.000000047925 192.249999625634 200 178.750001042745 144.749999369488 199.499999975083 198.000000100434 189.500000151798 185.999999999999 191.499999666146 199.49999997413 200 200 194.50000029089 197.499999866827 200 200 200 200 200 199.500000027782 191.249999874131 195.750000239388 194.249999758988 199.500000028545 199.749999985633 197.750000130162 199.499999970883 198.499999912074 199.250000044248 195.999999970312 197.000000089644 -9999 -9999 -9999 -9999 -9999 -9999 -9999 -9999 -9999 -9999 -9999 -9999 -9999 -9999 -9999 -9999 -9999 -9999 -9999 -9999 -9999 -9999 -9999 -9999 -9999 -9999
178.249999847952 200 200 200 200 199.750000012172 187.500000294431 195.25000008654 170.250000087221 175.749999836819 197.249999860858 190.000000458822 184.499999974323 188.749999831845 196.999999869696 200 200 200 199.249999986588 200 200 200 200 200 188.000000559442 187.999999324092 200 200 197.250000014369 199.499999971075 199.750000014558 192.999999853461 197.749999867256 199.249999985154 192.749999686244 197.249999834605 194.249999863819 -9999 -9999 -9999 -9999 -9999 -9999 -9999 -9999 -9999 -9999 -9999 -9999 -9999 -9999 -9999 -9999 -9999 -9999 -9999 -9999 -9999 -9999 -9999 -9999
200 189.999999976411 200 200 200 179.500000170423 166.250000527508 160.749999962917 184.74999988788 159.750000489614 160.749999531971 174.250000522537 148.49999997432 170.249999805965 167.999999895742 188.749999593083 197.499999973557 198.50000005327 198.749999932934 199.5 200 200 200 189.000000277811 182.000000391615 176.499999746543 192.749999929121 198.000000114179 190.499999971264 197.499999855375 199.500000029116 191.000000029307 188.749999778755 200 200 191.499999999993 185.249999894069 191.249999741137 196.749999954032 -9999 -9999 -9999 -9999 -9999 -9999 -9999 -9999 -9999 -9999 -9999 -9999 -9999 -9999 -9999 -9999 -9999 -9999 -9999 -9999 -9999 -9999
200 196.249999823146 200 200 200 194.000000194757 165.25000138623 150.500000024726 166.499999102991 199.750000012554 188.749999430763 158.750000853915 156.499999691833 171.749999987069 175.749999569985 181.749999986875 183.500000000002 187.250000013321 190.749999986594 197.999999891933 199.249999959187 200 200 198.500000083342 198.749999930069 200 200 200 191.500000344807 198.499999942151 200 194.500000205161 181.500000000003 181.00000000001 184.499999731081 190.750000556337 179.249999409874 183.500000578636 183.249999954042 177.250000138762 178.750000108592 -9999 -9999 -9999 -9999 -9999 -9999 -9999 -9999 -9999 -9999 -9999 -9999 -9999 -9999 -9999 -9999 -9999 -9999 -9999 -9999
200 200 190.499999714754 195.749999964053 200 190.250000401674 185.750000012273 164.250000432725 142.000000024917 198.499999924676 200 187.750000446086 176.250000038534 173.249999624878 195.999999791513 198.000000105011 187.250000251222 186.499999733654 187.500000053658 183.249999743336 189.249999523854 200 200 200 200 200 200 200 200 195.500000057851 199.499999970883 199.000000029307 186.250000575236 185.499999940625 189.000000059772 196.250000225544 181.250000075667 171.250000502497 170.249999892745 166.750000015414 173.749999922432 164.000000624364 144.999999968589 157.249999257437 -9999 -9999 -9999 -9999 -9999 -9999 -9999 -9999 -9999 -9999 -9999 -9999 -9999 -9999 -9999 -9999 -9999
200 200 196.250000178284 180.499999688503 178.500000048312 162.750000036522 190.249999521567 200 198.749999962623 198.24999991212 200 200 200 199.49999997413 200 200 199.000000052887 191.499999999995 190.499999865871 192.250000013507 189.999999891163 191.749999794512 199.5 200 200 200 200 200 200 200 198.749999927208 198.750000043961 198.999999941001 200 200 200 199.499999969736 194.000000182721 193.499999999997 188.500000431697 189.750000108588 187.499999250755 186.250000078513 196.749999921001 166.50000006357 -9999 -9999 -9999 -9999 -9999 -9999 -9999 -9999 -9999 -9999 -9999 -9999 -9999 -9999 -9999 -9999
200 200 195.250000225827 174.000000215662 171.499999830934 180.000000048691 181.249999693309 200 200 200 200 200 200 200 195.749999804544 200 200 200 198.250000013415 194.500000135089 196.499999891169 193.999999890405 194.50000005518 195.74999998611 198.750000069929 198.249999901428 199.750000014177 200 200 200 200 200 200 200 200 200 199.750000015131 200 199.249999954033 198.750000046255 198.749999922432 199.750000015609 200 200 198.249999984105 193.750000015996 194.499999646119 193.750000372177 -9999 -9999 -9999 -9999 -9999 -9999 -9999 -9999 -9999 -9999 -9999 -9999 -9999
200 200 199.000000047543 172.250000275563 191.249999987917 186.749999987831 165.250000134942 192.999999653838 200 200 200 200 200 200 200 182.500000446303 167.249999854566 200 200 200 199.750000013604 199.2499999863 188.749999517175 198.000000083344 188.24999998601 188.250000014081 195.999999886585 196.749999814459 188.750000330455 194.249999667363 200 200 188.000000088508 182.249999747649 173.000000448221 177.000000030083 186.999999334222 200 200 200 198.250000108596 161.750000140499 167.750000361232 170.499998135696 200 200 200 200 200 -9999 -9999 -9999 -9999 -9999 -9999 -9999 -9999 -9999 -9999 -9999 -9999
195.999999812884 183.000000330117 182.74999998812 185.499999976047 189.49999997584 187.250000255614 180.000000098138 194.249999839284 200 200 200 200 199.75000001284 179.500000025853 186.75000001303 179.500000052519 180.750000119006 199.749999986682 200 -9999 200 193.25000034249 182.499999530965 194.500000055563 188.999999832167 190.750000211222 186.249999503799 195.999999942912 196.750000158042 185.000000000005 186.499999970873 167.499999912069 165.750000014747 178.500000029698 166.749999865542 169.999999909793 165.00000027238 152.250000502492 116.250000015331 137.99999944492 117.500000093079 126.250000046835 146.999999371827 149.249998973031 190.000000476832 157.250000047945 149.250000820357 181.749998851093 200 200 -9999 -9999 -9999 -9999 -9999 -9999 -9999 -9999 -9999 -9999 -9999
164.750000268977 174.999999693463 186.749999845493 178.499999976046 179.499999830921 197.250000109546 183.999999852786 195.499999975275 200 200 200 200 182.750000885994 163.249999702479 197.999999895755 -9999 175.000000581775 186.999999547194 194.999999731743 200 -9999 -9999 193.750000013792 186.249999763859 184.500000111894 186.749999929597 182.750000099235 194.749999814458 200 184.000000491737 180.249999985443 179.999999912073 190.749999601754 190.500000178139 193.499999850595 198 198.25000010592 193.999999695456 188.750000444347 170.250000169589 168.00000009307 179.750000109261 159.500000628173 132.750000489767 129.750000429165 112.499999808121 120.999999485267 145.000000582554 111.750000602261 146.749999001301 -9999 -9999 -9999 -9999 -9999 -9999 -9999 -9999 -9999 -9999 -9999
182.499999999999 179.499999882103 183.250000368453 189.499999904154 188.499999855079 190.000000316474 196.499999828253 199.000000049453 197.499999925247 200 200 200 199.750000012841 -9999 -9999 -9999 159.9999989158 196.500000186449 196.749999825633 200 200 200 200 198.750000069454 182.500000475533 184.999999718367 187.749999872406 186.50000028544 189.25000015803 188.500000347103 176.500000203809 184.999999706918 198.499999911501 199.750000014845 195.500000089646 194.24999974439 197.250000045396 191.749999680234 188.7500001992 182.499999845818 186.750000108594 180.250000515103 170 144.750000426585 136.250000143056 122.999999328423 132.250000723861 123.749999951457 116.750000179052 106.500000261964 139.499999374215 -9999 -9999 -9999 -9999 -9999 -9999 -9999 -9999 -9999 -9999
187.249999871359 191.499999669876 198.750000011886 194.24999994009 196.499999975844 196.500000121721 199.749999987732 200 196.749999887872 200 200 200 200 199.50000002587 -9999 167.999999579946 197.249999854555 200 200 200 195.750000231273 197.249999849307 200 200 200 182.00000056325 147.999999886589 152.250000042825 166.000000028732 172.249999927686 183.249999985448 198.999999941383 197.749999867252 199.49999997031 199.499999970119 200 200 199.5 187.000000643549 178.499999691633 194.75000001551 188.000000124864 172.250000298384 160.250000078988 157.250000143051 150.250000527675 144.000000193029 136.750000210358 129.500000032561 114.75000021285 89.9999997694461 -9999 -9999 -9999 -9999 -9999 -9999 -9999 -9999 -9999 -9999
188.000000327446 170.499999999996 180.25000020205 166.249999868207 167.500000048298 165.999999829579 179.999999631962 196.999999851642 191.500000299006 189.499999849345 200 200 200 194.500000284569 189.999999843633 200 200 200 200 193.250000175605 161.250000312898 158.999999616409 200 200 200 200 185.000000482032 152.250000299732 156.249999784485 174.749999609507 177.250000393072 191.499999999994 195.749999985247 191.499999614029 198.499999910355 200 200 200 198.500000091936 196.749999922909 197.499999937947 198.249999953173 195.500000094231 180.25000014219 169.250000365578 165.249999728169 163.750000144774 145.000000161816 134.250000862696 121.250000212852 102.250000642258 105.499998277382 -9999 -9999 -9999 -9999 -9999 -9999 -9999 -9999 -9999
174.500000304062 170.74999954018 180.499999667202 178.750000371404 185.499999734315 168.750000596422 165.999999730112 180.999999826926 193.000000024914 173.250000213414 195.749999784962 200 200 200 196.000000104242 200 200 200 191.250000120725 192.250000067542 188.250000040808 166.500000575378 177.999998813627 200 200 200 200 200 179.500000660875 167.999999971081 174.749999606938 191.499999970693 184.000000324499 165.750000074231 187.249999566725 191.999999969934 198.24999989408 200 199.749999984678 199.250000046254 199.000000062055 199.5 199.749999984296 194.749999826208 189.999999523165 199.5 181.750000884719 165.499999805824 139.250000439484 136.750000343825 119.250000279958 100.999999370604 -9999 -9999 -9999 -9999 -9999 -9999 -9999 -9999 -9999
184.499999789497 185.249999846723 191.499999762287 189.750000035951 174.499999999997 175.749999987827 169.999999975463 176.250000061821 199.249999962625 190.750000313854 192.499999620516 200 200 200 200 200 180.500000502431 165.750000039947 158.000000107299 171.4999992165 175.75000044893 160.250000178092 176.999999144703 200 200 200 200 200 200 195.750000245869 185.749999898094 194.250000073273 177.000000324483 175.500000089082 176.999999850596 173.249999834599 198.249999894078 200 199.749999984677 199.000000061673 197.499999844866 200 198.500000062817 180.750000236978 180.499999237058 198.99999993604 182.750000595179 168.750000145642 136.750000341822 121.749999983635 122.750000477583 96.2500005134805 191.749999450247 -9999 -9999 -9999 -9999 -9999 -9999 -9999 -9999
170.24999991813 178.500000400858 172.499999833606 190.499999784346 181.24999984301 171.500000194751 167.750000061334 184.249999592025 199.249999962624 196.000000200861 200 200 200 200 200 198.250000091882 185.750000251212 154.500000079906 169.249999691499 184.999999783862 177.50000078903 171.249999493114 182.499999310241 200 200 200 200 200 200 200 200 185.250000307732 180.500000088494 183.499999673405 179.750000313754 171.250000556334 190.749999651982 194.750000106588 199.750000015322 200 200 200 200 185.999999557619 184.24999963442 197.749999920048 193.250000402147 176.250000760539 152.250000016281 133.000000229217 122.74999985177 115.249999155264 194.499999633504 145.250003032581 -9999 -9999 -9999 -9999 -9999 -9999 -9999
166.499999859662 174.5000001179 173.750000202052 176.249999940093 175.749999843005 181.49999987828 183.500000073604 178.999999381847 198.250000087208 193.749999786576 200 200 200 200 200 198.499999921244 200 187.000000106552 180.000000321919 168.999999891932 176.750000285683 191.749999958908 200 192.749999652743 200 200 200 200 196.500000057468 200 200 200 197.250000132749 185.000000207835 176.249999895423 177.000000330798 187.249999682241 199 198.749999954032 200 196.750000201674 194.999999875127 193.999999685911 195.000000126394 186.500000222522 189.250000111924 181.250000112595 184.750000210362 158.250000179048 151.00000029471 131.000000065878 97.4999999999983 164.499999233672 111.249999346568 -9999 -9999 -9999 -9999 -9999 -9999 -9999
