socal_rasters/elev_SPHAsouth_aggfac2.asc
NCOLS 210 
NROWS 130 
XLLCORNER -119.45 
YLLCORNER 32.483333333 
CELLSIZE 0.0166666666666667 
NODATA_value -9999 
[rows 26 to 51 of 130, columns 120 to 179 of 210]
774.499997699318 776.750001705128 626.500000584726 595.250000412655 595.749999940599 644.999999257221 704.249998804491 795.499996372744 1038.24999868743 1034.50000291767 1042.49999486722 1090.75000533549 1171.74999811531 1102.99999923538 1151.75000060355 1147.99999966371 1296.24999644268 1287.24999688912 1594.4999969324 1829.74999921432 -9999 -9999 -9999 -9999 -9999 -9999 -9999 -9999 -9999 -9999 -9999 -9999 -9999 -9999 -9999 -9999 -9999 -9999 -9999 -9999 -9999 -9999 -9999 -9999 -9999 -9999 -9999 -9999 -9999 -9999 -9999 -9999 -9999 -9999 -9999 -9999 -9999 -9999 -9999 -9999
685.000000575169 639.250001055488 612.249998842206 573.000001037516 538.750000225817 525.750000035932 520.249999987906 538.999999147918 641.499998061655 737.499996093201 729.499999401939 753.250000916325 811.99999827963 966.749995985358 1014.25000252955 948.75000063378 948.999996299209 1263.74999381758 1429.49999724973 1450.00000335592 1573.99999498351 -9999 -9999 -9999 -9999 -9999 -9999 -9999 -9999 -9999 -9999 -9999 -9999 -9999 -9999 -9999 -9999 -9999 -9999 -9999 -9999 -9999 -9999 -9999 -9999 -9999 -9999 -9999 -9999 -9999 -9999 -9999 -9999 -9999 -9999 -9999 -9999 -9999 -9999 -9999
605.500000391138 581.000000371177 544.00000042101 514.249999941065 495.750000083209 484.500000215665 474.749999987934 452.000000194758 437.500000000009 434.499999876388 492.500000124628 578.499997589655 708.249998975442 803.749998228509 794.999995146304 882.500005251671 801.749996390509 1054.99999994749 1077.74999895551 1104.74999766948 1311.74999539936 1426.50000426881 -9999 -9999 -9999 -9999 -9999 -9999 -9999 -9999 -9999 -9999 -9999 -9999 -9999 -9999 -9999 -9999 -9999 -9999 -9999 -9999 -9999 -9999 -9999 -9999 -9999 -9999 -9999 -9999 -9999 -9999 -9999 -9999 -9999 -9999 -9999 -9999 -9999 -9999
537.749999873449 534.000000208772 509.750000362524 481.750000459807 453.000000237701 444.750000083858 433.750000132834 465.249999622635 464.750000895557 393.250000012356 402.749999813116 411.249999585705 476.749998722366 556.749999171567 807.999995017807 822.000004837695 842.499991973142 1276.00000039374 924.250001837838 968.249997456331 1164.49999809539 1251.74999985143 1129.00000233986 1090.49999928755 -9999 -9999 -9999 -9999 -9999 -9999 -9999 -9999 -9999 -9999 -9999 -9999 -9999 -9999 -9999 -9999 -9999 -9999 -9999 -9999 -9999 -9999 -9999 -9999 -9999 -9999 -9999 -9999 -9999 -9999 -9999 -9999 -9999 -9999 -9999 -9999
487.749999942494 487.749999918811 473.500000187119 459.750000129697 442.50000038034 405.499999976042 403.500000048313 386.750000206931 372.250000233087 371.499999851648 376.249999987549 373.750000087884 390.499999595225 424.499999541196 489.999998536223 512.000001034841 663.749996573008 807.749998753123 827.500000634727 798.749996204535 1060.49999474213 1042.74999879779 959.500005768192 975.499998794366 1059.25000040003 1173.74999504101 -9999 -9999 -9999 -9999 -9999 -9999 -9999 -9999 -9999 -9999 -9999 -9999 -9999 -9999 -9999 -9999 -9999 -9999 -9999 -9999 -9999 -9999 -9999 -9999 -9999 -9999 -9999 -9999 -9999 -9999 -9999 -9999 -9999 -9999
442.999999907964 444.500000115981 438.750000011688 426.750000153263 421.250000083193 402.500000431316 374.000000241525 366.750000085198 353.000000220811 345.999999999995 345.25000003737 348.500000200854 349.249999759651 361.499999719603 395.249999627614 418.250000012923 479.99999927025 566.499997610997 625.750001890737 718.999999360749 866.249999101372 812.00000097257 853.499997061509 985.749995958589 1196.99999983449 1369.74999654127 1594.50000008386 -9999 -9999 -9999 -9999 -9999 -9999 -9999 -9999 -9999 -9999 -9999 -9999 -9999 -9999 -9999 -9999 -9999 -9999 -9999 -9999 -9999 -9999 -9999 -9999 -9999 -9999 -9999 -9999 -9999 -9999 -9999 -9999 -9999
408.999999977 410.2500000812 405.500000093564 399.000000141488 392.250000011892 381.750000179721 366.250000277761 346.749999987832 335.750000159481 327.000000173087 320.999999950167 328.249999836799 339.499999873506 352.249999783335 364.999999794553 382.999999818909 406.999999556963 437.749999540595 471.749999510789 573.499997229992 723.749999584293 761.24999628515 1039.75000123789 1039.00000002738 1141.7499978341 1213.50000002784 1287.99999496513 1339.25000268966 -9999 -9999 -9999 -9999 -9999 -9999 -9999 -9999 -9999 -9999 -9999 -9999 -9999 -9999 -9999 -9999 -9999 -9999 -9999 -9999 -9999 -9999 -9999 -9999 -9999 -9999 -9999 -9999 -9999 -9999 -9999 -9999
377.249999896462 380.999999999994 376.499999999995 371.500000023575 363.000000047536 361.499999999999 347.750000181143 331.500000121717 322.250000331222 308.25000008654 314.999999875414 327.249999786581 337.999999999997 349.499999617652 366.999999820236 377.749999883591 402.499999739386 429.999999527463 465.999999497561 504.249999587155 566.499998363598 682.499998324925 819.749998707598 1008.49999884913 1040.00000022062 1172.49999649969 1325.00000167844 1313.50000152093 1355.24999936212 1483.99999583245 -9999 -9999 -9999 -9999 -9999 -9999 -9999 -9999 -9999 -9999 -9999 -9999 -9999 -9999 -9999 -9999 -9999 -9999 -9999 -9999 -9999 -9999 -9999 -9999 -9999 -9999 -9999 -9999 -9999 -9999
352.49999988497 352.500000069598 349.750000081868 344.250000058954 339.250000178288 337.750000083874 327.500000289843 314.750000109552 307.500000171752 302.999999901098 311.74999986296 322.24999978658 337.249999835556 354.999999694119 378.249999756031 402.749999624881 427.999999713324 448.999999658716 479.499999471115 522.999999307484 576.249999289104 643.499999054404 715.749999034116 805.749999164306 871.499997792812 1006.49999830541 1188.49999720287 1513.99999400136 1581.99999415915 1927.24999342038 2148.74999903728 -9999 -9999 -9999 -9999 -9999 -9999 -9999 -9999 -9999 -9999 -9999 -9999 -9999 -9999 -9999 -9999 -9999 -9999 -9999 -9999 -9999 -9999 -9999 -9999 -9999 -9999 -9999 -9999 -9999
329.499999999997 331.500000115987 326.249999918134 320.500000212215 311.250000130737 309.499999952067 304.250000350218 291.249999866103 290.499999999997 304.749999864007 313.749999788205 329.999999899571 344.49999979761 357.749999783337 377.999999691826 404.74999972836 428.249999648172 455.499999579964 488.499999682673 524.249999374076 584.999999034269 761.749997852135 911.24999794579 963.00000241109 843.249999820648 897.749998930425 993.999998601381 1097.24999807081 1270.24999780251 1500.99999668866 1856.49999341973 2205.99999890066 2430.49999676792 -9999 -9999 -9999 -9999 -9999 -9999 -9999 -9999 -9999 -9999 -9999 -9999 -9999 -9999 -9999 -9999 -9999 -9999 -9999 -9999 -9999 -9999 -9999 -9999 -9999 -9999 -9999
385.999999861902 395.500000533501 326.000000280671 300.749999917472 288.250000011893 269.000000143776 299.000000265663 290.249999695691 315.499999656484 340.249999987618 373.749998916092 392.250000012524 383.750000088531 377.250000114697 399.499999537734 420.249999650741 457.999999374518 491.999999763718 540.249999325658 593.499999307465 659.74999947687 729.499999459682 790.249998435606 767.250000315113 812.99999931025 887.999998805413 1026.49999739855 1129.49999676121 1357.99999707949 1497.74999867255 1507.99999928166 1638.24999660133 1912.74999783099 1804.24999916483 2010.99999569321 -9999 -9999 -9999 -9999 -9999 -9999 -9999 -9999 -9999 -9999 -9999 -9999 -9999 -9999 -9999 -9999 -9999 -9999 -9999 -9999 -9999 -9999 -9999 -9999 -9999
448.500000851205 315.750000034777 359.499998620033 293.250000742766 277.000000261471 261.999999808299 301.000000362277 299.249999622669 351.999998797786 532.750003103202 412.999999302317 470.24999853118 529.249999860894 495.750000165708 427.500000385221 456.250000038783 506.999999348473 564.749999356839 599.99999957691 654.749999613803 645.000000348736 638.499999675789 694.749998762032 745.249999465716 792.499999365421 869.499998277555 1038.49999820973 1060.49999738082 1267.74999525065 1305.99999891524 1376.49999913795 1410.49999826443 1511.49999860232 1425.00000126022 1547.24999629784 1727.49999646696 1980.99999249979 -9999 -9999 -9999 -9999 -9999 -9999 -9999 -9999 -9999 -9999 -9999 -9999 -9999 -9999 -9999 -9999 -9999 -9999 -9999 -9999 -9999 -9999 -9999
280.74999978144 272.750000127596 305.750000152063 259.750000341915 254.250000249603 254.999999904152 278.249999673932 311.749999573978 351.249999398895 418.749999641497 497.999999451775 475.49999997488 537.499998937466 608.999999464712 542.500001694912 489.500000284552 478.750000221506 551.49999902869 605.749998453053 600.750000386242 617.250000254851 641.999999621754 685.999999238169 734.249999547912 772.24999946199 824.999999194347 903.999998377608 998.499999943648 1113.99999827043 1143.49999931495 1211.74999748577 1321.49999563228 1274.25000257683 1402.2500014508 1316.50000064903 1413.99999916879 1514.75000159876 1526.75000371398 1564.74999759412 -9999 -9999 -9999 -9999 -9999 -9999 -9999 -9999 -9999 -9999 -9999 -9999 -9999 -9999 -9999 -9999 -9999 -9999 -9999 -9999 -9999
343.749999068204 257.250000800335 235.499999929829 245.499999646303 257.5000001664 264.499999808308 287.249999673937 359.749998113339 497.249997902221 560.000000890208 593.99999828072 741.749998606508 708.500002782991 603.999998368644 709.250000372425 641.500001319413 554.000000443076 526.99999989501 560.999999285981 624.499999200925 669.500000241434 668.749999121939 700.00000019045 721.749999575302 770.999999503379 817.74999898599 920.499998181815 1056.49999938036 1022.49999923439 1023.74999930062 1098.49999954023 1187.50000141731 1173.74999943221 1147.49999821216 1179.50000554577 1112.74999930224 1125.24999911847 1233.50000129308 1422.49999833547 1235.00000475077 1313.99999978539 -9999 -9999 -9999 -9999 -9999 -9999 -9999 -9999 -9999 -9999 -9999 -9999 -9999 -9999 -9999 -9999 -9999 -9999 -9999
261.500000368132 231.00000018559 233.499999953221 262.500000094326 263.749999750405 279.749999700472 302.999999758467 333.499999683529 422.749997141653 720.999997181198 640.000003911947 557.749999435085 638.000001770987 701.749996597079 759.249999422171 766.750000064705 697.750001550652 611.000000840052 597.500000396625 598.999999733605 602.499999517121 618.750000067558 663.499999591899 679.499999753421 712.249999324054 789.999998999916 859.249999230802 858.249999591657 882.749999617235 921.499999229308 986.249997169677 1070.99999884299 1059.00000168875 1011.5000010258 1012.49999887905 961.249999153869 990.749999656363 947.25000028573 1062.74999992441 1031.49999771594 1188.99999791617 1275.50000030851 1184.24999886761 -9999 -9999 -9999 -9999 -9999 -9999 -9999 -9999 -9999 -9999 -9999 -9999 -9999 -9999 -9999 -9999 -9999
246.99999979294 237.999999953609 245.249999847972 258.499999834939 280.2499995127 299.749999844253 308.249999408251 360.249999135778 430.749998810044 640.749996970953 717.250003899517 538.500000627702 540.749999531956 612.249998406847 698.500000436518 660.250001668626 618.250000534229 620.999999291165 680.499999338862 707.249999427346 704.000000697501 694.500001080712 674.250001346829 699.249998506741 720.250000068974 743.249999347145 779.999999664329 804.499999718363 826.49999971645 849.999999600363 879.749999525865 952.499998004123 976.249999868946 928.000000879233 925.999997994053 875.999997476295 864.500000806722 823.49999837606 922.250001558483 957.249995934354 973.249997931405 883.249999707015 937.750002280479 854.750003231009 983.750003062278 749.500002369841 -9999 -9999 -9999 -9999 -9999 -9999 -9999 -9999 -9999 -9999 -9999 -9999 -9999 -9999
236.749999804443 241.250000011599 252.749999731025 266.999999811353 291.999999405717 365.000000407332 376.749999867129 371.999999147949 474.000000147207 472.249999542568 516.999999551513 512.250000288751 505.249999962055 524.499999515701 548.999999974334 559.500000336328 555.249999960917 551.500000052514 559.249999431466 594.249999507275 607.999999973189 647.499999405642 715.000000462569 702.249999958876 698.749999875847 727.499999777754 757.249999790211 778.249999422654 803.999999688106 815.499999857281 811.750000158048 822.499999363661 868.74999858787 851.500001465448 794.00000044251 737.750000697723 690.750000552813 689.499999969947 722.749998834897 737.750000532991 702.499999969389 665.999999044111 641.500000372369 630.000003215516 568.250000047156 542.250000458212 643.749998362889 -9999 -9999 -9999 -9999 -9999 -9999 -9999 -9999 -9999 -9999 -9999 -9999 -9999
238.499999907977 248.99999976802 265.749999801196 288.499999622726 331.499999191797 386.249999628604 444.499999033891 481.999999610508 459.750000110413 466.249999839278 476.749999763288 489.999999924673 489.000000075895 488.749999987251 499.499999871589 504.249999987057 527.750000534232 508.000000157505 504.500000158657 504.499999786908 528.499999785376 566.499999540685 591.999999346984 631.250000452063 698.499998261812 731.999999555512 762.249999538463 772.999999802854 793.49999988658 792.250000071359 782.500000172401 766.999999971065 766.000000349384 742.000000439609 717.000000206482 688.750000549256 648.750000612555 615.500000300712 622.999999576295 617.250000380657 573.000000827404 531.500000400856 497.500000837715 473.499999937547 451.750000612461 424.999999747195 411.999999968186 446.499998688741 452.250002139354 477.249999174729 -9999 -9999 -9999 -9999 -9999 -9999 -9999 -9999 -9999 -9999
252.999999723912 272.4999999304 285.999999812884 310.249999681667 358.74999903727 429.499998945672 458.749999384095 486.249999720044 513.249999889579 480.750000309068 472.999999950167 473.250000037665 474.249999987353 476.250000089216 472.499999974323 472.500000025877 473.999999817575 505.249999068029 580.500000502356 465.999999946735 468.000000080487 472.749999311079 524.499998938894 559.499998904055 653.999997710031 661.249999013785 746.749997804197 808.000001379997 798.49999951798 795.000000827798 770.499999885062 753.750000535122 724.500000378513 699.250000395667 694.999999026513 680.750001232119 702.749998789776 612.25000112769 560.750000559872 537.250000350234 511.000000337107 484.750000385458 459.500000403355 478.249998017614 439.749999261867 425.750003144018 364.750000302002 352.500000000004 363.000000064354 351.250000436914 316.500000683644 -9999 -9999 -9999 -9999 -9999 -9999 -9999 -9999 -9999
277.499999792943 305.499999628846 322.749999520529 380.249999304413 400.499999857406 434.749998837851 476.749999867162 506.999999367058 535.749999914128 501.500000593427 472.25000026163 465.999999999997 462.999999999998 462.750000038234 461.499999974318 481.499999715444 514.499999087874 628.249998070421 575.000000925511 451.500000372889 439.499999973172 -9999 464.999999210953 516.249999657507 642.999999751701 598.249999458259 681.999998209761 723.00000061959 762.500000878972 746.749999957162 753.249998376474 807.750001113615 771.250000684274 813.249999018267 956.49999938058 999.25000334021 927.250001270057 886.00000153377 774.25000519017 642.250000654872 760.999998896928 556.250000940563 669.749993841233 773.249991586815 872.500004177492 508.250005829884 377.249999888755 383.99999958428 469.249998214605 320.250001019431 292.000000325538 267.000000458432 -9999 -9999 -9999 -9999 -9999 -9999 -9999 -9999
350.749999666373 367.249999060475 382.500000631479 383.249999563779 439.999999738527 487.499999472819 519.499999975841 513.749999841766 528.500000269888 512.500000247257 477.50000032392 461.750000188311 455.000000075898 453.000000025492 487.999998227992 651.750000168146 522.250000899131 -9999 515.749999193452 472.250001664699 436.250000013413 436 -9999 -9999 546.7499984688 571.750002319731 613.249999286714 693.249998972045 739.750000439492 689.499999743112 684.249999784514 732.499998958686 854.999998107402 1072.4999963365 1186.49999958706 1255.99999979215 1233.99999988048 1136.00000375898 994.249999803213 990.249997000245 1139.74999805409 1144.00000222007 1028.74999374793 1400.74999861066 1166.75000453845 904.500008721113 531.75000001585 880.000004860918 793.750004873879 424.000002233019 479.249999332532 305.250003749288 -9999 -9999 -9999 -9999 -9999 -9999 -9999 -9999
392.749999758427 415.249999385254 461.249999426967 450.50000082531 422.999999096699 469.999999856211 482.749999649771 508.249999500949 517.750000355759 518.999999703285 503.250000635389 462.500000251082 450.500000025298 447.50000002549 457.499999460692 -9999 -9999 -9999 565.000003358443 438.749999986683 464.500001207152 437.500000027017 436.500000054417 434.999999972602 444.499999641329 478.749999374913 565.749997664302 636.500001577109 636.249999248579 634.999999543267 654.999999856341 705.249998047525 881.499998835304 945.74999743554 1117.74999868732 1218.24999882719 1246.74999890932 1245.25000097738 1175.75000149806 1112.49999945186 1179.74999823796 1534.4999912734 1796.49999742485 1914.50000243506 1424.00000766381 1037.25000778908 919.750001764456 1330.49999171717 1229.50000949066 940.750004611959 995.750008578081 703.250005321201 325.000001976188 -9999 -9999 -9999 -9999 -9999 -9999 -9999
-9999 -9999 444.749999684254 440.75000017686 442.749999916798 471.749999604624 506.999999855092 509.75000008522 504.250000355764 507.49999995055 514.750000361298 470.250000238524 450.750000139144 445.250000012744 444.499999922957 460.74999959902 -9999 592.749997282951 448.000000661112 439.250000013317 439.500000026825 438.749999986491 443.249999959186 440.500000054797 439.999999944821 444.999999888878 458.249999678329 594.749996719068 736.499998355395 807.499996374728 931.249999554534 821.750001229269 960.999995457842 1099.24999969227 1141.25000110623 1100.24999870846 1214.74999747499 1442.74999827082 1390.25000152821 1334.25000159878 1430.74999811524 1761.24998943856 2198.99999394962 2161.50000343387 1877.75001248503 1758.24998860852 1548.00000616699 1603.2499906137 1822.00000813924 1302.75000412639 803.000003222908 611.250000703953 492.750005319084 -9999 -9999 -9999 -9999 -9999 -9999 -9999
429.749999712421 423.749999918812 435.999999789512 466.99999962274 501.749999655355 496.500000623042 522.999999589436 529.749999671377 529.500000073625 519.500000197817 511.750000286552 485.500000251091 454.750000316237 444.750000114703 441.499999999998 460.249999366188 540.249998319017 443.500000315023 436.499999920668 450.999999760286 463.750000040247 472.49999948669 615.999997034348 580.00000498668 446.500000000002 443.000000027782 445.74999993007 450.749999929591 560.499996143766 880.249994476388 1067.99999936784 1067.74999937814 1072.49999723394 1044.25000013187 1042.50000120942 1164.99999685285 1184.25000091134 1250.74999896244 1412.24999798745 1624.24999502074 1867.99999466779 2166.9999949429 2157.25000290094 2217.49999937547 2367.75000453867 2512.74998936731 2434.74999302246 2137.24999819321 2017.00001746911 1402.25000830133 1273.50000735745 1133.75000519021 656.000010506747 265.000004869769 -9999 -9999 -9999 -9999 -9999 -9999
444.250000126542 491.499999582408 539.749999029345 609.999999669847 615.749999607764 593.74999994009 627.74999945656 644.499999586136 629.750001312611 575.000000840663 549.249999688533 561.75000033895 467.500000809566 441.500000127452 437.750000089884 444.749999805976 479.749999674248 433.999999973748 449.499999629777 475.249999640415 499.249999745139 557.249997690045 648.499999483067 709.749999054728 496.500002345143 450.500000083342 449.499999944055 452.249999929591 461.749999815697 472.999999571827 648.49999520147 837.749999031071 822.000000378543 788.000001025861 847.49999755162 1099.99999358693 1084.25000270428 1066.99999747397 1224.49999742763 1500.24999392439 1721.49999803873 1886.99999824244 1839.49999854174 2025.99999194575 2420.99999428352 2918.24999432812 3099.25000710497 2767.0000038057 2563.25000461658 2001.00000783191 1467.00000612024 1220.00000409328 924.500005533328 311.250006675124 -9999 -9999 -9999 -9999 -9999 -9999
429.249999183222 533.499998932843 631.250000152013 640.500000448009 637.249999821719 625.500000047937 643.749999698095 683.249999379218 639.7500016561 576.500000321427 525.500000323911 525.999999748909 481.00000106256 443.000000280392 434.500000077042 434.749999987063 433.500000026061 441.749999776861 516.249998135721 585.749999240936 643.999998927005 602.750000878088 603.49999885727 688.999999397213 516.000001710589 457.749999930548 459.749999958044 459.500000000002 466.249999815698 475.249999928639 479.999999885064 521.749998221082 613.49999871887 597.250000542174 654.499997492576 789.999997654401 868.250000194156 949.749996376276 1200.24999704931 1381.24999599526 1560.50000067412 1603.49999685468 1757.49999699044 2117.49999163364 2561.49999478606 2915.24999587636 2793.00000486369 2600.00000223853 2449.25000175322 1919.50000909419 1392.00000651091 1202.00000517381 845.500011066551 439.75000902717 146.750000383168 -9999 -9999 -9999 -9999 -9999
