socal_rasters/elev_SPHAsouth_aggfac2.asc
NCOLS 210 
NROWS 130 
XLLCORNER -119.45 
YLLCORNER 32.483333333 
CELLSIZE 0.0166666666666667 
NODATA_value -9999 
[rows 104 to 129 of 130, columns 120 to 179 of 210]
-9999 -9999 -9999 -9999 -9999 -9999 -9999 -9999 -9999 -9999 -9999 -9999 77.2500016064694 35.2499991461024 34.5000006163569 86.4999996895582 95.4999999999825 122.999999816234 135.749999881002 147.499999707015 177.749998967205 221.999999729842 223.499999292591 262.500000356206 270.249998992973 264.99999997223 232.24999897903 256.750000492857 269.499998071937 237.500003025757 202.999999080547 231.749996919445 364.249999403061 458.000000381002 539.749998244809 562.000000178219 616.749999327852 910.749995955376 756.750001770462 506.500007765806 377.999990714507 666.750001156365 676.000001272172 552.500000967822 538.250001554792 595.499996555756 942.749996646184 939.250001519095 987.999996750714 1069.24999881877 1158.24999799789 1304.25000034384 1272.49999996706 1344.24999769763 1501.24999678479 1484.74999984922 1471.24999698386 1616.25000316885 1629.24999851742 1657.24999991433
-9999 -9999 -9999 -9999 -9999 -9999 -9999 -9999 -9999 -9999 -9999 -9999 99.0000003794933 52.5000010196042 59.2499998587368 84.999999223878 82.9999997133229 107.999999842483 118.249999695904 140.249999880148 162.499999812215 199.499999027387 226.500000625765 230.99999942463 251.750000593193 251.750001097358 208.499997790199 197.000001351817 271.999997760033 298.500001398696 200.250001192487 145.499999276858 411.499997961837 367.000001494672 365.500004513307 241.500002790849 218.000000179272 349.750000466003 452.999994492021 390.750001811978 325.999995096761 415.75000038541 461.499997362759 583.750004635982 567.499995539896 661.249995876414 824.999996248775 872.999999584253 1024.74999795713 1144.49999860843 1231.25000079758 1205.74999893579 1246.24999922599 1416.74999855901 1474.75000041647 1343.49999725222 1415.49999986522 1550.24999778013 1628.49999383113 1696.75000011994
-9999 -9999 -9999 -9999 -9999 -9999 -9999 -9999 -9999 -9999 -9999 -9999 112.750000012654 102.749999553926 111.000000051362 107.500000103478 107.250000299707 122.749999619346 132.749999880996 144.499999840184 151.249999745153 181.499999297559 208.99999989115 225.000001123376 226.000001517452 212.499999805546 170.500000783233 207.24999790183 209.750000127627 234.750002697503 170.25000001439 149.250001287163 172.000000640596 228.499998739824 183.999999822986 223.749998916261 434.99999835656 397.00000117276 387.750000771595 261.999997685457 575.249999954037 719.499997286402 707.249999332867 835.000003371474 683.499998649339 733.499996239727 918.249995183808 983.499996673955 1029.49999951743 1112.25000021038 1180.25000047207 1148.25000050758 1236.75000014818 1348.99999894 1452.9999982342 1281.75000340119 1302.75000021909 1406.49999901726 1594.99999420604 1658.24999953731
-9999 -9999 -9999 -9999 -9999 -9999 -9999 -9999 -9999 -9999 -9999 -9999 88.7499998102533 79.2500000891978 94.7500000642078 96.2499998318454 113.499999843631 131.49999984249 133 134.749999800231 141.999999919516 160.749999365093 220.24999911573 206.750001411064 176.500002317562 168.749998624831 124.750000321677 184.499999577527 127.000000311884 134.249999586081 119.250000100565 122.249999869838 145.499999563245 196.249998256163 266.749999837762 289.499999168668 341.999998984027 385.999999548918 398.750002194047 385.499996406429 493.499999233857 626.49999685469 852.749994833961 1125.75000098338 827.250003502099 785.749998119862 908.250000460855 1042.24999822511 1136.00000122253 1087.75000111653 1071.749998356 1119.74999736398 1176.99999874842 1235.49999880743 1307.74999831741 1202.25000276448 1242.24999843298 1430.74999334042 1613.74999974436 1693.99999921173
-9999 -9999 -9999 -9999 -9999 -9999 -9999 -9999 -9999 -9999 26.49999922757 106.249998606449 104.00000106253 64.2499995794317 80.7500001155664 94.7499999353121 94.7499999087733 109.749999829351 125.749999881003 120.500000426169 121.999999785394 140.499999567731 212.749998925281 242.750000835699 111.500000386274 103.749999736089 104.250000265741 104.75000007041 105.999999914936 131.999999143633 186.749999928157 177.749999175604 175.999999854435 206.249999516423 237.999999940998 356.749997550507 563.499997460083 462.250003172618 409.250001861204 486.999998751398 572.249998237924 645.999998704911 729.999997921231 856.750003699425 730.500000565383 749.749999289014 810.499997838298 1015.24999553881 1098.50000022531 1087.24999975732 1073.74999910474 1197.24999425323 1335.25000060931 1272.49999993371 1188.50000173257 1164.49999745331 1317.49999619188 1458.49999627196 1555.0000005794 1673.74999734385
-9999 -9999 -9999 -9999 -9999 -9999 -9999 -9999 -9999 -9999 -9999 138.999999347197 137.000001492642 60.7499988911737 97.2499999101107 103.49999992239 112.999999843633 123.749999934369 128.000000000004 114.500000958863 97.4999993830041 127.999999594743 189.499998857255 119.249998999895 238.749999241315 191.000002972609 145.000000055965 143.000000197167 113.250000099241 154.499998344367 219.000000114902 219.249998799584 231.000000029137 292.499999325973 396.999998879082 424.749999005407 428.750001210182 428.500000841962 464.999997911879 511.999999421409 550.749999616943 610.499999660799 613.499999875888 691.499998501548 741.25000120922 736.500000094726 770.499997742952 875.249998289105 985.499996911588 1041.49999980583 1148.99999755842 1207.49999882117 1248.00000013174 1154.00000215327 1209.25000084962 1145.99999879367 1244.74999786003 1350.75000001693 1646.24999930132 1685.24999994859
-9999 -9999 -9999 -9999 -9999 -9999 -9999 -9999 -9999 -9999 -9999 51.2499998870239 64.9999997976296 36.7500014147128 65.7499992681082 82.2499998318429 98.7500002215267 120.749999540586 127.999999788449 119.750000332946 94.9999983367869 50.0000003512395 72.7500009387019 121.749999328709 197.749998248033 276.000001333535 219.500000223768 210.999999690199 127.750000326069 130.249999871546 146.24999975576 174.749999638446 219.249998908142 374.499996365815 469.749999749243 455.750001915034 284.750000343646 335.74999965423 393.749998381009 496.749998888502 545.999998835499 597.999999938332 542.999998262476 607.249999141472 743.499994283463 885.250001058528 951.000000000005 953.249998001244 979.500000000017 1041.99999763747 1069.50000100923 1161.24999801892 1117.7500025526 1204.499997913 1200.74999795094 1258.24999854231 1266.75000136485 1225.49999759374 1558.74999633615 1585.50000599782
-9999 -9999 -9999 -9999 -9999 -9999 -9999 -9999 -9999 -9999 -9999 -9999 15.4999999746997 -9999 18.4999991525166 57.5000006208776 81.9999993224155 104.499999999994 102.250000515658 87.2500008656399 55.4999993293352 53.499998973358 98.9999992109655 184.999999123253 182.500000358672 198.000000138899 194.000000027964 215.249999619793 153.250001148348 135.249999957184 143.999999885063 157.249999754136 191.749999257545 233.75000086456 406.249998156251 384.000005195784 213.499997997945 262.249998150555 433.499997518401 502.750000807006 -9999 458.749997826066 485.999999131215 537.499999531714 553.499999748684 669.999995481429 808.249998490007 892.749999056554 893.49999935657 911.750000275004 884.49999752592 1020.49999869028 1168.49999700287 1172.50000125885 1260.49999766771 1333.5000004356 1363.50000033701 1253.99999240837 1466.24999480246 1532.5000054494
-9999 -9999 -9999 -9999 -9999 -9999 -9999 -9999 -9999 -9999 -9999 -9999 -9999 -9999 4.7499998587564 62.4999996378232 83.4999990357345 35.2500004856806 35.7499996430211 35.7499991343469 57.7499995036864 62.7499992029738 92.2499994966162 132.999999616417 142.749999903445 163.249999902778 177.74999953846 228.249999084685 208.750000949814 188.999999800147 205.24999923853 180.499999508258 236.74999934487 210.500004103123 182.749997507299 193.500000475012 198.249997714075 286.999998195721 369.000000696114 397.749998218461 513.49999963223 608.749995760002 718.500000992804 602.249998798057 637.000000785201 700.499997630126 841.999998664878 897.249999792137 778.250001142114 851.24999771834 1123.24999780259 1248.25000175188 1216.99999983533 1234.75000041407 1224.2499991504 1266.24999944712 1289.50000043812 1090.49999891551 1332.00000006822 1407.24999850914
-9999 -9999 -9999 -9999 -9999 -9999 -9999 -9999 -9999 -9999 -9999 -9999 2.74999996205212 3.50000002548916 5.24999998715843 28.2499990816223 25.7500000130454 38.2499999081377 93.499999709124 113.499999573841 112.749999986588 108.999999324576 122.749999795942 132.000000082187 138.749999903428 173.499998860987 174.249999930059 202.749999028346 234.750000269342 224.00000005708 190.500000459734 157.000000636355 178.250000247466 189.249999457806 296.749996592875 411.250003755876 294.749997863593 399.749994331463 601.749997321846 504.749999802103 556.749998881441 627.500000061662 699.499998076286 831.99999943807 814.750001868892 794.000000884787 794.249998871475 736.500002430459 767.249998053623 876.749998333334 1054.24999597952 1239.74999556301 1247.7500020256 1239.74999981778 1214.50000216569 1225.2499984083 1213.75000328571 1000.25000066087 1122.74999343917 1255.24999874901
-9999 -9999 -9999 -9999 -9999 -9999 -9999 -9999 -9999 -9999 -9999 -9999 30.4999999999838 27.7499995539203 6.7500000642023 15.4999994308634 52.2499992833323 84.2500001181389 90.2500000396728 100.250000226402 93.9999998658792 93.7500004998227 100.749999659898 135.750000205494 139.999999696514 147.500000277816 120.500000000008 146.999999746526 181.749999248607 176.250000556631 125.750000991349 122.249999262417 126.749999606926 173.499998329443 308.499996991083 484.499999079672 522.2499991782 483.499998767059 598.249997654614 619.750000076131 647.249999586271 646.250001187164 675.749999643195 817.749993584648 951.500002544087 840.250001342986 778.500001684892 730.750002670395 779.499997522749 923.749997524183 1078.4999986978 1095.99999813347 1247.25000195967 1123.75000094418 1102.74999671818 1198.99999902823 1133.75000345425 973.000000677826 1017.74999756316 1178.24999964012
-9999 -9999 -9999 -9999 -9999 -9999 -9999 -9999 -9999 -9999 -9999 -9999 67.5000006324716 10.5000003313642 -9999 -9999 7.49999971332159 52.0000001312507 63.500000079326 70.0000005060605 60.2499999865791 61.4999998378991 96.499999020504 116.499999808211 125.750000096558 127.000000277802 114.999998993014 228.749999647973 148.500000878957 173.999999457646 135.9999985633 198.000000173568 210.499999301206 254.74999919402 293.999999085548 346.749999599181 401.999998177252 590.749999894778 567.749998744033 742.000000243639 744.500000153237 773.749999984577 892.250000480956 928.999998033278 783.750003847576 640.250001406092 585.749999539025 635.499999296413 858.74999930832 867.500000647226 932.249998844306 1122.49999538286 1224.50000082334 1109.75000203734 969.000000599728 1050.7499966993 1073.25000173551 961.749999644146 1044.99999853447 1039.99999945161
-9999 -9999 -9999 -9999 -9999 -9999 -9999 -9999 -9999 -9999 -9999 -9999 57.7500020112767 -9999 3.24999993579557 -9999 -9999 20.5000004462922 29.9999996562349 27.5000005593448 42.4999998658745 41.4999998379063 67.9999998911727 98.9999998355965 105.749999848251 113.250000402821 85.4999998041997 111.74999992961 -9999 119.000000856371 317.999998362085 354.000000260273 340.000000698833 311.250000835286 310.000000412995 309.749998589743 401.749997863502 530.750003864312 477.749999319108 535.249996695768 697.749995816897 781.750000601227 758.000000620564 775.250000827359 669.250002842572 665.999999557618 526.500001207991 651.999994595317 792.499999067016 843.99999834948 937.999998600162 1012.49999947606 1081.49999940713 1171.75000104348 1012.7500030153 -9999 962.750001331183 973.750001135333 1031.50000388537 1028.7499990232
-9999 -9999 -9999 -9999 -9999 -9999 -9999 -9999 -9999 -9999 -9999 -9999 -9999 -9999 -9999 -9999 7.25000003909214 -9999 -9999 9.75000017312338 19.7499999597585 30.9999998108798 60.2499994694384 86.9999998355999 113.24999937923 119.750000513935 70.2499997622213 -9999 150.24999706537 253.000000085688 532.249996336357 472.250003543321 271.499999534131 338.499998915621 312.000003097418 255.999999228051 302.250000134445 326.999999578985 392.249998532227 516.499997898658 765.749998237895 782.750002081383 798.249996416341 842.750002263389 714.50000361212 652.000001200756 529.499998887374 553.24999832099 676.999996879317 782.249997944879 836.499997525832 948.499997380355 1052.25000172915 1036.74999836019 -9999 -9999 945.4999989216 996.750000626993 1014.00000054533 1060.9999997258
-9999 -9999 -9999 -9999 -9999 -9999 -9999 -9999 -9999 -9999 -9999 -9999 -9999 -9999 -9999 -9999 -9999 -9999 -9999 -9999 8.24999979880563 23.9999997568452 42.4999996462913 79.9999997534175 89.0000000000107 50.2500005139609 49.7499991748218 78.2499993663238 173.249998142792 288.25000186974 292.500001494227 214.500001128105 257.499998078315 435.249999604375 336.000003303929 258.74999992575 278.500000627504 276.99999942863 337.499998486877 488.999999878237 512.999998375854 642.249999275366 693.249997316163 789.499998720069 842.250002151556 711.500000916355 589.000005881012 648.999999072477 696.749998889941 682.250000889855 647.250000439382 703.749997232997 679.999998979078 756.74999912217 1030.75000258214 1005.249999179 973.749999747234 968.000001559008 1037.25000131221 969.999999862915
-9999 -9999 -9999 -9999 -9999 -9999 -9999 -9999 -9999 -9999 -9999 -9999 -9999 -9999 -9999 -9999 -9999 -9999 -9999 -9999 6.0000000804792 15.7500000135011 24.2499996598883 33.4999997260065 34.5000002758945 49.4999993054848 80.9999995524493 121.999999521253 170.499999035973 205.999999971446 200.250000962594 221.24999790294 398.749996695351 438.499997215747 253.000002566454 256.99999937649 245.500000537867 300.500000090239 296.49999830525 346.249998614304 428.500000949987 678.499997132226 768.499998572746 848.499999313205 757.000001256371 670.250001279714 473.249993880473 619.999997185669 738.500000160793 738.000001100316 800.499995377286 886.499999934496 777.499999901171 868.500001159499 823.749999450261 888.999999061688 955.249999915719 910.250001711491 925.500000306729 903.24999926312
-9999 -9999 -9999 -9999 -9999 -9999 -9999 -9999 -9999 -9999 -9999 -9999 -9999 -9999 -9999 -9999 -9999 -9999 -9999 -9999 5.25000014754299 14.2499998514027 31.999999809545 32.4999999999881 67.4999994757904 113.999999444386 136.74999970629 143.250000098571 168.499999943294 196.249999643187 171.499999367849 164.999998958694 226.24999960696 305.749997259759 225.750001784719 247.499998663916 319.499999790815 356.749998361091 309.000001967083 365.499999999976 365.499999387113 516.749995760045 742.749999457077 820.749998205012 727.000003957552 504.000008784411 400.749995692504 705.499998049191 781.999998970514 831.000000258857 844.250000276725 769.250001981108 753.749998896638 876.249996306328 1028.74999815082 1033.00000036859 925.25000197144 852.000000474486 855.250000664615 854.499999040361
-9999 -9999 -9999 -9999 -9999 -9999 -9999 -9999 -9999 -9999 -9999 -9999 -9999 -9999 -9999 -9999 -9999 -9999 -9999 -9999 -9999 10.7499998514053 28.4999997007092 53.9999995616128 85.9999993102494 104.25000006945 121.749999566426 143.499999690206 169.749999673934 188.500000799254 153.499999051762 -9999 173.75000001457 202.499998769093 270.999998053068 403.999994952686 623.250001598669 396.999999157992 421.750000105943 375.749997883463 466.000001379039 453.499998581544 593.749996633542 629.250001201846 638.750002057229 360.750004028757 452.74999731388 713.000000383757 793.999997619346 792.250002572883 730.500000260419 747.499999017648 806.499997760358 941.999996322915 1111.9999998001 1043.25000330066 894.000001617599 832.250000626978 804.000000340818 813.999999314539
-9999 -9999 -9999 -9999 -9999 -9999 -9999 -9999 -9999 -9999 -9999 -9999 -9999 -9999 -9999 -9999 -9999 -9999 -9999 -9999 -9999 7.24999977035522 26.7499996326891 43.9999995616166 70.7499995171779 98.9999991387958 130.249999762234 129.499999633895 150.499999262796 153.750000670827 122.749999698308 149.50000031819 276.750000596823 314.500000322344 471.999995221136 543.249995947226 825.4999991334 601.249999804414 586.250002859795 530.249999710655 491.250001823407 439.500001850148 440.499999069184 355.750002606695 287.249999858666 306.749998025096 438.749997218423 643.249999824126 706.249998343204 717.50000084145 719.749998876879 781.99999891938 852.749999522433 930.750001142926 976.24999768442 912.500002178146 842.000004414765 766.500001016746 791.750000289709 859.749998269196
-9999 -9999 -9999 -9999 -9999 -9999 -9999 -9999 -9999 -9999 -9999 -9999 -9999 -9999 -9999 -9999 -9999 -9999 -9999 4.0000001065392 -9999 6.24999977035181 13.7499999047684 22.7499997671006 37.9999998896307 49.2499999027562 59.9999997202643 85.4999993803885 100.500000737173 87.9999998001888 118.999999798899 178.24999723762 330.749997597832 409.499994548665 590.999995752175 783.749995561373 872.500002390408 895.249998842122 809.999998517013 672.000005634005 406.999998345155 375.000001634307 361.749996664474 377.000001904298 577.750001303574 616.750003460113 561.999999777576 548.500000255898 595.749999308323 648.499999611589 684.249998062976 760.499998362708 774.000003095982 713.999999933698 774.750000949553 715.499999463835 732.999998449809 812.249997881845 866.750000357886 864.499999211732
-9999 -9999 -9999 -9999 -9999 -9999 -9999 -9999 -9999 -9999 -9999 -9999 -9999 -9999 -9999 -9999 -9999 -9999 -9999 5.24999998668393 9.25000001341327 9.99999999999744 20.9999997551335 46.2499993561244 75.9999998896418 120.249999902748 126.249999426559 140.25000009855 153.74999992911 158.249999900096 166.249999813216 180.74999940704 262.499997874549 357.999998593174 515.749996504285 675.749998886628 677.250004048881 641.749993188745 579.250003979667 539.750008999238 261.000000183939 277.499999938394 318.749993841127 558.499996160187 752.749996749156 1001.75000004739 699.750005165798 597.750000399783 564.500000514764 541.500000000015 560.74999943032 590.99999833001 653.999999637708 683.999999072376 681.500002198975 730.499996582069 848.999997506166 800.25000042366 831.749998858264 878.750000359884
-9999 -9999 -9999 -9999 -9999 -9999 -9999 -9999 -9999 -9999 -9999 -9999 -9999 -9999 -9999 -9999 -9999 -9999 -9999 3 5.7499999329345 9.49999997298076 10.2499999319783 23.4999997260014 53.9999992826457 133.749999152678 130.250000657324 149.499999887347 150.749999985821 147.249999900091 166.499999425312 175.25000033263 176.499999417657 220.999998241475 383.499996165035 417.750004349582 383.250000612441 234.999997353621 235.500003207859 242.249998401193 237.250000107301 246.24999887453 250.750001194572 368.499997689789 588.749994927327 708.250001848427 527.250000270195 531.000000479695 524.24999975873 550.249999271836 586.50000087898 587.75000044207 600.499998386163 662.499999503121 633.500000932894 626.500000737214 685.499998045403 795.999999694995 819.000000443101 823.749998680474
-9999 -9999 -9999 -9999 -9999 -9999 -9999 -9999 -9999 -9999 -9999 -9999 -9999 -9999 -9999 -9999 -9999 -9999 -9999 -9999 6.74999982562791 40.0000007834667 43.7500009386508 16.2500000958941 15.9999999172302 47.7499989860103 105.249999342651 138.499999605711 144.500000226832 147.500000114183 150.500000057473 145.250000043391 138.500000378523 112.250000249144 147.749999454319 146.000001276708 288.999996294677 401.499998195699 322.250003071657 210.250000411115 223.999998498368 253.249999152011 270.750001101459 282.499999438031 430.499998398081 561.500000063228 516.499999237027 565.999999808065 587.749999726508 632.499999061472 743.749997444512 782.500003307236 734.499998913067 851.999999105579 812.999999033722 765.000004490216 -9999 -9999 -9999 -9999
-9999 -9999 -9999 -9999 -9999 -9999 -9999 -9999 -9999 -9999 -9999 -9999 -9999 -9999 -9999 -9999 -9999 -9999 -9999 -9999 71.2499979746328 108.749999932487 130.249999088547 108.000001068585 48.2500005104331 27.2500000138942 36.4999994405576 98.999999859171 130.999999092666 121.249999671715 110.500000775808 83.9999998553486 71.2500001310152 111.749999369901 132.500000501498 152.24999909446 305.500000089592 489.249997007819 629.250000801957 372.000004568169 263.250001670135 236.999999691639 303.999997859133 -9999 -9999 -9999 -9999 -9999 -9999 -9999 -9999 -9999 -9999 -9999 -9999 -9999 -9999 -9999 -9999 -9999
-9999 -9999 -9999 -9999 -9999 -9999 -9999 -9999 -9999 -9999 -9999 -9999 -9999 -9999 -9999 -9999 -9999 -9999 -9999 -9999 104.99999788072 182.500000648382 142.75000080263 172.499998931432 158.250000924241 100.750001819638 59.5000004475319 47.0000000281482 41.2500000992318 43.2499997002732 67.9999998275764 90.7499997541079 123.999999272097 167.249999194025 206.750000132726 181.750000400809 271.749996817635 525.249993339011 -9999 -9999 -9999 -9999 -9999 -9999 -9999 -9999 -9999 -9999 -9999 -9999 -9999 -9999 -9999 -9999 -9999 -9999 -9999 -9999 -9999 -9999
-9999 -9999 -9999 -9999 -9999 -9999 -9999 -9999 -9999 -9999 -9999 -9999 -9999 -9999 -9999 -9999 -9999 -9999 -9999 -9999 158.249998135576 202.750000067537 190.750000149651 -9999 231.000000303494 -9999 -9999 -9999 -9999 -9999 -9999 -9999 -9999 -9999 -9999 -9999 -9999 -9999 -9999 -9999 -9999 -9999 -9999 -9999 -9999 -9999 -9999 -9999 -9999 -9999 -9999 -9999 -9999 -9999 -9999 -9999 -9999 -9999 -9999 -9999
