socal_rasters/elev_SPHAsouth_aggfac2.asc
NCOLS 210 
NROWS 130 
XLLCORNER -119.45 
YLLCORNER 32.483333333 
CELLSIZE 0.0166666666666667 
NODATA_value -9999 
[rows 0 to 25 of 130, columns 0 to 59 of 210]
-9999.000000000000000 -9999 -9999 -9999 -9999 -9999 -9999 -9999 -9999 -9999 -9999 -9999 -9999 -9999 -9999 -9999 -9999 -9999 -9999 -9999 -9999 -9999 -9999 -9999 -9999 -9999 -9999 -9999 -9999 -9999 -9999 -9999 -9999 -9999 -9999 -9999 -9999 -9999 -9999 -9999 -9999 -9999 -9999 -9999 -9999 -9999 -9999 -9999 -9999 911.249999796903 -9999 -9999 -9999 -9999 -9999 -9999 -9999 -9999 -9999 -9999
-9999 -9999 -9999 -9999 -9999 -9999 -9999 -9999 -9999 -9999 -9999 -9999 -9999 -9999 -9999 -9999 -9999 -9999 -9999 -9999 -9999 -9999 -9999 -9999 -9999 -9999 -9999 -9999 -9999 -9999 -9999 -9999 -9999 -9999 -9999 -9999 -9999 -9999 -9999 -9999 -9999 -9999 -9999 -9999 -9999 -9999 873.750000883337 745.499998784797 758.750001902843 891.499999527402 989.999999334702 1036.24999901175 -9999 -9999 -9999 -9999 -9999 -9999 -9999 -9999
-9999 -9999 -9999 -9999 -9999 -9999 -9999 -9999 -9999 -9999 -9999 -9999 -9999 -9999 -9999 -9999 -9999 -9999 -9999 -9999 -9999 -9999 -9999 -9999 -9999 -9999 -9999 -9999 -9999 -9999 -9999 -9999 -9999 -9999 -9999 -9999 -9999 -9999 -9999 -9999 -9999 -9999 -9999 755.250000228406 893.99999891231 963.000000503855 706.500001695707 611.749999705315 825.999998434977 899.000000358991 910.999999758866 924.000001032355 815.250000596397 702.249999739572 740.250000421453 -9999 -9999 -9999 -9999 -9999
-9999 -9999 -9999 -9999 -9999 -9999 -9999 -9999 -9999 -9999 -9999 -9999 -9999 -9999 -9999 -9999 -9999 -9999 -9999 -9999 -9999 -9999 -9999 -9999 -9999 -9999 -9999 -9999 -9999 -9999 -9999 -9999 -9999 -9999 -9999 -9999 -9999 -9999 -9999 795.000000905072 610.749999408405 932.999998660672 1018.74999922498 983.50000138724 911.749998874079 878.499999687266 710.00000151814 541.999999546533 739.999999351748 949.000000113336 903.999999517867 1041.25000016222 983.750002360584 721.999998467788 906.2499990895 955.750000461073 906.249999466025 -9999 -9999 -9999
-9999 -9999 -9999 -9999 -9999 -9999 -9999 -9999 -9999 -9999 -9999 -9999 -9999 -9999 -9999 -9999 -9999 -9999 -9999 -9999 -9999 -9999 -9999 -9999 -9999 -9999 -9999 -9999 -9999 -9999 -9999 -9999 -9999 -9999 -9999 879.500000142332 833.749998679482 1097.00000086637 872.250001121012 696.750000011375 539.249999145597 827.749999290699 1019.49999834437 1031.50000042366 896.750000097728 813.999999904464 845.499999840184 661.000001342106 -9999 582.999999073886 742.749999407058 897.999999036398 871.250001077624 631.999999959144 819.499998699234 919.500000296779 861.250000620399 788.000000790574 793.750000016772 -9999
-9999 -9999 -9999 -9999 -9999 -9999 -9999 -9999 -9999 -9999 -9999 -9999 -9999 -9999 -9999 -9999 -9999 -9999 -9999 -9999 -9999 -9999 -9999 -9999 -9999 -9999 -9999 -9999 -9999 -9999 -9999 -9999 -9999 1143.49999968665 1062.75000041176 973.000001240416 711.750000365829 777.249999287609 722.000001264299 730.250000614649 526.249999833813 694.249998522109 911.249999768593 863.250001632225 774.999999702587 798.749998883759 752.999999387387 738.249999514788 613.000000518559 -9999 573.99999963362 647.000000511231 593.250000335799 611.499999519926 685.75000042137 650.00000039203 601.999999838135 590.499999769423 686.499998916532 831.249999392222
-9999 -9999 -9999 -9999 -9999 -9999 -9999 -9999 -9999 -9999 -9999 -9999 -9999 -9999 -9999 -9999 -9999 -9999 -9999 -9999 -9999 -9999 -9999 -9999 -9999 -9999 -9999 -9999 -9999 -9999 825.249998005697 1096.75000012329 1052.24999992249 1112.24999931891 1358.24999906798 1131.50000143009 899.750000763054 743.750000769543 617.999999889645 655.500000889864 459.750000815818 461.249999425536 588.000000008171 579.750000336476 653.749999103519 825.500000443061 720.500000541544 599.749999932029 584.250000097244 -9999 521.499999623968 505.750000270416 -9999 595.000000153208 614.999999614983 570.000000434506 654.49999911528 765.999999835303 908.999998692967 1007.99999904565
-9999 -9999 -9999 -9999 -9999 -9999 -9999 -9999 -9999 -9999 -9999 -9999 -9999 -9999 -9999 -9999 -9999 -9999 -9999 -9999 -9999 -9999 -9999 -9999 -9999 -9999 -9999 -9999 1297.00000142582 903.750001405519 765.749999170347 1152.00000074573 894.25000019544 976.999999130157 1311.74999848171 1288.75000036263 1204.00000016728 1063.2500001325 864.500000485215 843.250001323593 718.250000560593 416.500000459599 522.00000094955 584.249998367779 667.749999834238 734.749999622105 678.250000679151 566.2500009658 483.250000041662 510.250000344935 -9999 -9999 558.749999844618 579.000000367722 547.749999901127 576.999998770783 696.999999676338 839.499999429053 896.750001044405 911.250001198603
-9999 -9999 -9999 -9999 -9999 -9999 -9999 -9999 -9999 -9999 -9999 -9999 -9999 -9999 -9999 -9999 -9999 -9999 -9999 -9999 -9999 -9999 -9999 -9999 1354.75000009588 1255.25000017286 1133.75000009864 1046.50000043056 762.250000721203 551.249999608486 843.999999575081 1063.99999955506 917.00000116031 887.749999677045 1159.74999884408 1184.50000082016 1031.00000032761 1016.99999964204 892.500001367278 704.000000844701 526.750000854432 362.750000027718 498.75000033669 615.75000021187 587.249999681361 562.999999921852 575.999999556116 573.500000934081 462.500000953772 412.750000297711 397.499999990352 516.000000255672 490.499999639181 510.249999892729 494.750000931347 563.249999051592 640.499999849012 711.500000252556 772.49999909521 717.50000222692
-9999 -9999 -9999 -9999 -9999 -9999 -9999 -9999 -9999 -9999 -9999 -9999 -9999 -9999 -9999 -9999 -9999 -9999 -9999 -9999 -9999 1767.00000095232 1528.00000030075 1359.25000046884 1453.49999959294 1382.99999999518 1354.50000011135 1220.2500006328 999.000000386408 775.500001126747 533.499999010124 702.499999603064 712.250000021694 799.249999421192 946.749998903263 1145.00000127423 864.50000096863 836.499999641981 808.250000753396 618.750000757926 565.499999203459 -9999 444.250000141929 529.999999019861 536.000001053651 476.499999496185 615.249999986694 613.250001083705 524.750000467598 388.000000529243 371.499999537182 421.749999827932 476.749999984958 537.499999765048 454.249999953171 529.99999913105 537.250000318245 566.74999921494 600.000000201041 548.24999996021
-9999 -9999 -9999 -9999 -9999 -9999 -9999 -9999 -9999 -9999 -9999 -9999 -9999 -9999 -9999 -9999 -9999 -9999 -9999 1077.50000029787 1161.4999992721 1493.25000018684 1288.00000041245 1065.25000054072 1211.99999925152 1436.24999925256 1325.75000054399 1272.25000039647 1042.00000074561 800.2500008422 458.250000037891 762.50000014435 730.249999779795 812.499999290046 1055.49999893949 1154.50000136909 813.500001512244 767.249998779281 701.50000045567 567.500000829489 418.500000572204 -9999 -9999 405.749999754949 424.749999681352 557.749999639484 520.00000041727 489.250000113386 501.750000162088 435.250000420602 360.999999460061 417.499999508348 480.74999976445 457.000000674196 418.499999365244 485.749999411892 499.749999865141 530.750000620371 523.750000430081 493.249999630759
-9999 -9999 -9999 -9999 -9999 -9999 -9999 -9999 -9999 -9999 -9999 -9999 -9999 -9999 -9999 333.999999834307 430.249999834602 567.499999856294 769.74999974387 784.749999555142 929.999999569437 957.500000402184 930.999999789407 768.750000356626 1052.99999867121 1271.74999967606 1410.74999941042 1355.25000066956 1055.50000154571 548.750001445033 408.499999505053 317.499999921752 456.749999190268 874.999999424389 897.499999657397 964.250000640436 736.250000832677 552.499999126518 729.74999902602 841.750000818366 592.250001210229 344.250001287691 447.499998904376 463.999999775776 559.500000127528 554.000000295346 499.50000028406 434.500000145106 405.000000018498 400.000000652075 329.249999850551 401.99999962637 428.749999854641 378.500000234934 408.249999661805 456.749999655589 448.99999968712 446.749999884711 511.999999731955 559.499999522857
-9999 -9999 -9999 -9999 -9999 -9999 -9999 -9999 -9999 -9999 -9999 -9999 218.749999986873 249.249999962604 294.999999944581 347.249999980723 392.999999820452 448.999999809585 512.999999858768 544.749999920017 579.500000074431 535.750000548032 536.249999435163 713.749999553419 867.249999815058 1086.99999927916 1280.74999973935 1088.00000107133 888.500000925058 623.500000337991 421.750000387292 221.99999993387 594.999997915289 642.500001010594 692.99999953239 663.250000559251 581.50000100356 529.249999946273 733.749999151018 619.250000727826 489.0000003325 287.750000320958 408.49999957808 402.999999734222 476.749999536869 535.500000486461 431.249999933408 384.000000054409 415.500000638913 327.000000189021 332.49999962399 353.000000078688 349.499999839633 361.250000066402 400.500000124869 416.250000100687 422.499999546858 479.999999659599 527.999999631362 572.249999323993
-9999 -9999 -9999 -9999 -9999 -9999 -9999 -9999 -9999 198.999999954648 239.499999949883 214.999999896778 267.24999987945 402.999999868439 414.250000001375 440.749999957142 490.249999970141 514.499999829671 556.999999865853 585.000000108072 510.750000080303 398.000000545955 464.749999469465 680.999999439141 971.249999623262 952.00000036993 875.249999324317 785.000001543867 751.000000778145 448.750000639365 272.25000029984 187.499999681278 435.999999162376 504.750001544545 545.750000049384 508.250000952294 398.500001351849 413.9999991623 441.250000738648 419.500000339271 282.750000088877 316.499999310608 458.999999683519 437.249999763228 544.000000407933 479.500000295417 386.000000745759 350.500000262979 329.499999638833 309.999999810987 351.999999980733 336.999999980346 341.75000006515 343.499999928493 362.500000010398 376.74999976157 410.5000002589 424.499999846264 432.000000022322 469.74999971028
-9999 -9999 -9999 -9999 -9999 -9999 -9999 -9999 159.50000005521 231.249999946463 217.499999907741 353.499999844008 531.499999947337 597.49999989932 630.499999620502 768.499999905345 708.750000200023 679.000000010094 630.250000072518 501.000000297939 364.750000146802 343.750000527458 333.999999394355 424.250000118943 609.749999660836 579.499999936752 476.750000498496 443.750000102457 335.750000274885 230.250000301425 162.50000016888 143.499999945883 241.249999835615 314.499999699381 410.999999973705 455.249999630721 376.250000951327 248.749999545408 221.750000055154 207.75000001886 254.499999976843 265.750000170418 258.249999906698 270.249999921116 350.24999971538 302.750000195487 285.750000110992 299.499999818603 344.249999800921 386.750000061395 423.250000178375 408.500000108147 367.000000100229 362.000000122566 365.999999843918 406.000000021179 432.999999902877 455.999999857239 441.250000296004 443.749999914779
-9999 -9999 -9999 380.999999954562 361.000000057488 -9999 -9999 183.749999973526 132.499999936688 167.249999919275 361.749999790476 394.249999970289 428.250000022626 369.250000014154 446.249999838008 466.250000031036 392.500000091327 377.750000369115 319.750000121807 353.250000139611 297.750000213295 283.999999926102 221.500000197601 302.249999638767 350.750000105208 334.750000416305 321.250000002483 229.7500002074 169.750000089788 141.000000118293 120.499999976707 128.249999972935 137.499999981382 152.74999984969 172.99999992094 178.750000044037 173.249999982572 177.499999985678 187.749999952219 218.249999762458 264.249999686879 311.499999904984 364.250000182669 294.50000028245 342.750000114792 327.750000230239 327.75000027966 353.750000204064 367.500000000018 402.749999948012 496.249999840926 490.750000290072 420.750000155371 392.250000178754 369.50000003122 394.499999671494 437.749999865121 514.999999978028 526.500000279286 526.500000613561
326.499999989085 479.999999971974 290.000000035733 346.250000026988 323.750000092296 204.000000026256 -9999 223.999999881178 127.500000004869 250.999999887508 266.749999936839 299.50000018012 251.750000118196 279.99999984273 399.250000078955 297.499999893503 276.25000024413 295.000000180396 271.999999830463 268.749999901382 222.50000022308 236.000000422788 187.749999864687 177.4999997084 180.000000266705 148.000000063331 140.500000050632 125.249999997393 112.750000024499 108.999999977466 116.749999950506 135.499999951884 146.999999894509 186.499999724946 196.500000039491 222.499999742413 327.249999376235 282.999999735036 396.249999966832 425.749999407913 500.249999060359 669.499999833443 609.499999870074 490.250000735055 434.749999120499 448.000001059789 514.99999890799 449.249999551051 596.499999583242 556.750000458317 554.500000077103 501.500000452308 455.000000160352 399.750000219616 392.249999994788 404.250000026484 425.999999795008 481.749999950575 531.249999290651 618.99999911375
-9999 278.999999987382 261.499999931808 301.749999934864 430.249999988425 482.249999981724 336.000000172511 179.250000119603 107.249999906665 204.750000278493 230.749999862613 204.000000046083 211.749999838864 325.249999944632 398.999999750772 345.000000239631 227.750000250378 213.000000073484 219.999999781028 186.750000202896 178.750000080215 202.000000188801 137.499999836736 101.750000038127 91.7500000397615 87.9999999951284 92.4999999797576 100.499999963243 107.499999989118 133.499999943686 166.749999915602 187.249999972958 323.749999351654 430.249999440482 494.750000201001 457.249999359581 579.999999811852 543.750000146811 637.499999617721 724.249999475799 747.250000576029 701.249999710699 748.499999561704 744.250000693609 606.999999651688 656.999999435348 757.999999724818 705.500000789055 685.249999764001 765.500000170148 783.500000829223 662.750000388477 495.000000711696 436.250000423924 481.999999500549 463.500000116585 485.750000221195 506.749999302817 713.99999827977 894.999999204771
-9999 -9999 -9999 211.99999992393 245.999999989763 376.249999909167 483.500000094388 414.500000186186 186.750000176165 102.49999986575 164.499999973908 156.250000016456 249.499999782737 354.749999892964 476.250000087271 353.000000346162 227.500000188958 181.999999906475 184.499999855208 192.500000212233 111.000000043067 86.5000000656797 75.000000017186 80.2499999708323 123.999999929797 243.249999900125 274.750000007501 223.999999831893 236.249999431248 349.9999996225 401.000000197991 389.000000108266 354.249999804544 451.249999376417 464.750000102119 435.499999911909 487.999999776979 542.749999803081 614.249999849255 649.249999966037 658.750000320905 582.000000229815 558.499999918866 573.249999904514 575.249999936309 605.250000621141 628.499999831352 739.999999737068 810.249999588015 952.999998667488 951.250001441413 709.250000614494 666.999998696879 608.750000648561 531.750000202872 572.750000111244 529.25000044774 646.249999423555 782.750000977444 794.250000664747
-9999 -9999 -9999 85.7500000123313 119.499999959572 152.499999907614 278.750000138309 222.500000160287 178.250000077102 57.4999999818539 187.999999821543 228.999999859414 286.250000020279 353.24999983365 339.000000091361 334.499999721868 257.000000028346 176.750000248875 118.000000155375 85.2500000353639 72.7500000058665 67.0000000205199 121.49999979384 293.999999636678 453.499999929904 505.249999948805 425.500000222567 348.500000551364 262.999999842212 323.49999993238 313.499999836936 344.249999954858 340.250000027895 336.24999997759 342.750000240393 368.499999972841 414.999999916307 428.749999953406 430.999999992599 471.249999739746 552.249999663556 597.000000039573 581.000000486958 492.000000515016 478.999999694077 541.749999821962 589.249999462884 576.749999596405 653.249999495365 712.499999508526 904.749999252711 918.999999724639 911.00000073177 798.00000089898 727.000001175875 613.750000969592 485.750000997948 457.999999835271 475.000000078154 482.999999693189
-9999 -9999 -9999 -9999 -9999 -9999 211.249999946057 168.000000020025 95.5000001022845 50.2499999374075 159.999999997982 243.500000175738 245.499999945097 284.750000003894 284.500000113562 246.000000127233 205.500000163815 132.0000001136 79.7500000406171 67.0000000148945 59.0000000039158 130.999999417153 298.750000062278 324.500000228865 264.999999971946 277.750000104716 273.500000096161 267.500000000025 250.749999795909 261.749999923961 253.000000011644 238.750000027075 245.249999959679 268.249999824111 268.999999953897 260.500000000011 253.999999888519 262.49999996422 299.999999764784 344.249999611601 377.999999737105 439.499999754367 432.249999728142 384.500000357188 451.499999677096 425.249999926153 488.750000075478 669.999998884561 682.250001264008 613.250000524561 626.749999985598 609.749999188864 688.249998581693 700.000001174757 621.49999861605 618.000001155071 430.000000356046 384.000000010987 386.499999988837 385.49999998865
-9999 -9999 -9999 -9999 -9999 -9999 -9999 171.00000015173 35.0000000633034 66.7499998394392 177.249999864607 191.500000096638 196.00000017187 203.500000002568 191.50000005814 164.250000060622 105.500000062984 68.0000000467641 56.2500000017614 47.7499999944119 156.249999829833 218.750000080059 232.250000272757 194.000000148031 211.000000037393 201.499999970772 196.25000010373 201.000000015733 194.24999998636 182.00000001689 177.000000075687 191.249999846648 205.000000049625 215.999999948804 205.250000003284 204.250000023712 193.499999986061 236.249999602612 265.249999783146 291.75000018476 329.99999989949 346.999999801866 347.499999983746 334.250000137044 331.499999949002 354.749999761096 414.249999809099 500.499999310706 707.249999615692 554.750001015969 475.999999623964 434.250000054072 491.750000305712 477.749999851858 464.00000035378 421.500000169534 394.000000496266 365.500000142729 345.24999990504 357.75000027836
-9999 -9999 -9999 -9999 -9999 -9999 -9999 -9999 -9999 -9999 35.2499999769526 57.2499999835419 70.250000001208 84.9999999922771 89.4999999806192 92.0000000236764 73.0000000315021 51.2500000350855 39.2499999982348 52.4999999404406 95.2499998454299 126.500000004132 123.749999984977 131.749999984305 141.500000009368 139.499999965921 136.249999992417 130.499999936987 122.749999937418 139.750000002824 144.00000009318 136.500000012033 143.500000012413 154.499999961623 170.499999947299 218.499999694997 304.499999895469 239.000000021458 227.250000091864 235.499999924591 255.999999899484 274.749999908874 288.49999997566 298.749999962625 303.999999957516 311.000000008691 326.999999902353 380.749999279043 598.749999078695 471.750001072699 378.500000318212 380.499999891869 377.750000135345 371.749999892763 367.249999901168 360.000000000019 323.750000145655 307.500000087845 308.249999838036 311.000000056816
-9999 -9999 -9999 -9999 -9999 -9999 -9999 -9999 -9999 -9999 -9999 17.4999999846194 30.4999999737328 47.7499999806557 56.9999999833754 56.0000000118267 38.0000000125868 30.4999999899796 38.2499999841076 40.2500000018594 46.9999999256343 71.9999999589504 87.2499999806651 108.999999874383 155.999999901791 163.500000077951 112.500000131573 93.7500000288787 123.499999896616 182.749999980345 201.999999936001 192.000000030073 203.249999885256 217.000000064 215.249999904512 195.750000050828 206.999999853658 294.749999509594 313.250000319738 239.749999898194 250.25000002707 260.749999932643 278.499999894505 335.749999647017 342.499999711067 403.000000060836 388.75000025307 424.999999428742 525.499999657458 407.000001238046 302.000000019277 303.000000029492 306.249999964905 311.249999964233 305.250000036411 308.499999999994 296.500000064728 284.750000005487 284.749999994411 285.750000005677
-9999 -9999 -9999 -9999 -9999 -9999 -9999 -9999 -9999 -9999 -9999 8.49999999341114 13.2499999892589 18.4999999948483 23.7499999958504 24.249999998523 27.2499999921251 30.9999999933182 35.4999999929383 30.9999999962786 36.4999999647787 57.2499999404911 109.499999823884 125.750000109954 107.000000042137 89.0000000730616 70.999999964577 118.749999834583 127.749999991873 108.250000019744 116.249999956356 139.250000093255 127.250000015539 136.99999984013 202.749999746406 252.999999505205 288.249999710785 -9999 277.499999889718 310.99999990192 302.499999884004 342.999999778092 381.500000235327 376.249999680181 418.249999298927 463.749999457004 552.249999986643 539.750000684752 405.250000310283 326.500000415864 290.000000125341 283.250000034418 272.250000085205 271.500000000006 266.999999937571 276.500000021199 275.500000043163 272.999999967069 270.750000016762 268.249999960237
-9999 -9999 -9999 -9999 -9999 -9999 -9999 -9999 -9999 -9999 -9999 2.74999999231228 8.74999998925595 16.2499999961305 22.499999999997 21.749999995563 28.9999999936993 30.7499999949879 27.0000000105963 23.0000000074445 24.9999999882573 61.7499999979249 51.0000000644182 42.2499999887802 49.7499999742681 54.9999999805208 58.9999999898756 58.5000000314961 72.7499997469431 120.749999901457 132.249999985499 107.999999699321 204.249999922513 233.249999792126 252.249999930833 307.49999985766 357.999999867609 382.500000143207 373.499999838322 371.750000350711 430.749999454886 491.749999686984 567.750000109618 546.999999701014 560.750000344158 588.999999913112 542.000000692436 377.250000521425 285.000000092601 265.250000023626 276.750000024093 266.500000009829 259.25000003508 249.000000061286 245.999999968778 248.500000021188 250.499999989209 253.750000016466 252.749999983242 253.750000005678
