socal_rasters/embergerQ_SPHAsouth_aggfac2.asc
NCOLS 210 
NROWS 130 
XLLCORNER -119.45 
YLLCORNER 32.483333333 
CELLSIZE 0.0166666666666667 
NODATA_value -9999 
[rows 26 to 51 of 130, columns 120 to 179 of 210]
66.74750034542 63.7975007185728 55.45749953391 52.5449991770892 50.2449998739118 51.0900010918874 52.7624998246054 56.7075003634314 61.8799990618929 60.7725001643746 59.3950003244598 61.6425010336781 62.957501343765 60.287499409827 60.6625004309075 62.0150002908068 69.032501932664 70.572499968064 89.8074988981674 86.6599998740452 -9999 -9999 -9999 -9999 -9999 -9999 -9999 -9999 -9999 -9999 -9999 -9999 -9999 -9999 -9999 -9999 -9999 -9999 -9999 -9999 -9999 -9999 -9999 -9999 -9999 -9999 -9999 -9999 -9999 -9999 -9999 -9999 -9999 -9999 -9999 -9999 -9999 -9999 -9999 -9999
61.1650000023453 58.1750002542971 55.6275005222439 52.9350005537868 48.2549991852503 46.5374994470845 44.505000136661 43.6300000973982 46.5699996926123 49.8875005855255 49.1924992154555 50.1725006574253 51.4274997755466 55.402499132768 56.1749993333625 53.2600003049399 53.1275004385415 67.7575003777024 75.8924997982215 79.1625004641638 82.9549996755644 -9999 -9999 -9999 -9999 -9999 -9999 -9999 -9999 -9999 -9999 -9999 -9999 -9999 -9999 -9999 -9999 -9999 -9999 -9999 -9999 -9999 -9999 -9999 -9999 -9999 -9999 -9999 -9999 -9999 -9999 -9999 -9999 -9999 -9999 -9999 -9999 -9999 -9999 -9999
58.860000626918 55.9300003606199 52.2475004627698 48.1375007904108 46.4399996013022 44.5100002473328 42.8499994439782 40.8224993111151 38.7800007092177 37.6525001529593 38.4100007657057 42.8725003373899 48.3424986713996 50.6999997802097 50.6374995672211 53.2349998688127 51.1774986281076 59.3674993660686 57.305000322632 58.2374991636821 67.6999977219165 76.5949993949532 -9999 -9999 -9999 -9999 -9999 -9999 -9999 -9999 -9999 -9999 -9999 -9999 -9999 -9999 -9999 -9999 -9999 -9999 -9999 -9999 -9999 -9999 -9999 -9999 -9999 -9999 -9999 -9999 -9999 -9999 -9999 -9999 -9999 -9999 -9999 -9999 -9999 -9999
54.2725000357302 52.675000215788 49.8749990823444 47.0000009859789 44.127500571497 43.0249996408146 41.3450002832109 41.4700002653231 39.2849989904055 36.7174997464466 36.0650005422801 35.5775003381752 37.747500387612 40.3275002894107 50.1625002847768 48.2475005625466 53.3924987272711 65.5500012268384 54.5849992648208 54.4850005275163 60.8775004239362 67.0050001430792 57.2800007609227 54.6099996646211 -9999 -9999 -9999 -9999 -9999 -9999 -9999 -9999 -9999 -9999 -9999 -9999 -9999 -9999 -9999 -9999 -9999 -9999 -9999 -9999 -9999 -9999 -9999 -9999 -9999 -9999 -9999 -9999 -9999 -9999 -9999 -9999 -9999 -9999 -9999 -9999
50.7300005014331 49.8800001214014 47.589999216222 45.6774997910437 44.0850000547868 40.8950004726202 39.8649997928561 38.3699999067387 36.7050008867037 35.965000155308 35.2099990924464 34.269999524427 34.0550002877198 34.4624996237561 35.760000178805 37.4174995395215 42.8100003158961 49.7575006310451 48.0749998341252 47.9475010143563 56.3950003893585 55.555000269785 51.500000151279 51.3074998103445 53.2049999653632 65.1849990361661 -9999 -9999 -9999 -9999 -9999 -9999 -9999 -9999 -9999 -9999 -9999 -9999 -9999 -9999 -9999 -9999 -9999 -9999 -9999 -9999 -9999 -9999 -9999 -9999 -9999 -9999 -9999 -9999 -9999 -9999 -9999 -9999 -9999 -9999
48.0500001992469 46.8325004676224 45.5524997845665 44.1499996322064 43.0150013153004 40.9599991137063 38.7325000950123 37.4425001291689 36.1450004739566 35.0825004645631 33.6725006224361 32.7000007669563 32.3074998935279 32.0999998936716 32.670000535154 32.7124996378032 34.9399995610965 37.9574994341252 40.9300002766146 44.8099994536894 52.8450002766863 45.1074991697606 47.4024991835412 54.1199998589799 61.3775004185916 70.257500488064 79.4949988823726 -9999 -9999 -9999 -9999 -9999 -9999 -9999 -9999 -9999 -9999 -9999 -9999 -9999 -9999 -9999 -9999 -9999 -9999 -9999 -9999 -9999 -9999 -9999 -9999 -9999 -9999 -9999 -9999 -9999 -9999 -9999 -9999 -9999
45.6525001520132 44.554999363797 43.5574999046215 42.2249994384068 41.1724996665425 39.5599994901444 38.1374998509294 36.4650011130788 35.2225008117593 33.6649990284543 32.5249996279988 32.1375007653248 31.9800000246393 31.7474999492795 31.9224991781708 32.0074992181164 32.230000484965 32.8774995610879 33.6175002965816 36.9675005618615 41.8500003406977 48.9349992133319 57.5524997739737 57.6749991748659 62.8425015954829 60.5100002677772 63.1450003137118 66.5675001007855 -9999 -9999 -9999 -9999 -9999 -9999 -9999 -9999 -9999 -9999 -9999 -9999 -9999 -9999 -9999 -9999 -9999 -9999 -9999 -9999 -9999 -9999 -9999 -9999 -9999 -9999 -9999 -9999 -9999 -9999 -9999 -9999
43.5349998573048 42.3699998990135 41.4549989782175 40.3950004704965 39.1649999725495 38.7100000460543 36.9649992208924 35.2899990242454 34.1800003297108 32.4799995531158 32.2174997328466 31.8774991071866 31.842500208164 31.8774995774523 32.1549997244967 32.4299998229064 32.4175004887439 33.1874999859552 34.0449991170664 35.0725002135669 37.32500069963 43.0400008125913 49.9149989249205 53.9899997502916 56.5450010840409 62.5299985209369 71.4025001723111 71.4250011387834 71.1875009010831 76.1025007329842 -9999 -9999 -9999 -9999 -9999 -9999 -9999 -9999 -9999 -9999 -9999 -9999 -9999 -9999 -9999 -9999 -9999 -9999 -9999 -9999 -9999 -9999 -9999 -9999 -9999 -9999 -9999 -9999 -9999 -9999
41.4149999636941 40.3824997081636 39.3674993635471 38.2749996253688 37.3350000464674 36.3625002042738 35.1024999846782 33.6149997847513 32.5999994454611 31.9724998500084 31.9350004221085 31.7850003214874 31.9149994819799 32.3100004084012 32.8575010213651 33.2200002626307 33.7024993824815 34.2375001864032 34.7400007136859 36.0850000173715 38.1799993048238 42.0099992154994 46.0025004631791 49.5699996389285 51.1374997994703 55.067500062631 60.9625004294102 74.127500333119 77.1600016022175 79.3875008016176 79.9074992675222 -9999 -9999 -9999 -9999 -9999 -9999 -9999 -9999 -9999 -9999 -9999 -9999 -9999 -9999 -9999 -9999 -9999 -9999 -9999 -9999 -9999 -9999 -9999 -9999 -9999 -9999 -9999 -9999 -9999
39.3350000448187 38.6775007399869 37.4499998160476 36.3050003280479 35.1300001332196 34.1475009768442 32.774999166087 31.8025002626831 31.480000499836 31.6624999005527 31.7125000922526 32.25249862809 32.4549999209233 32.3299999249806 32.7999992260177 33.46000003556 33.86750028993 34.6450004435875 35.1950006500855 36.7550001003247 40.5075005542054 49.7274998142042 56.5474995917856 54.9225007540585 51.3524999625424 52.467499708107 54.7049999094399 56.5425004794352 62.6850003793541 73.1300009713441 78.0300006688293 80.2449989333291 84.1825007604696 -9999 -9999 -9999 -9999 -9999 -9999 -9999 -9999 -9999 -9999 -9999 -9999 -9999 -9999 -9999 -9999 -9999 -9999 -9999 -9999 -9999 -9999 -9999 -9999 -9999 -9999 -9999
43.499999978139 43.4375000158879 37.7074994922769 34.6075000884379 33.2174997544846 31.207500464593 32.9675007152661 31.6824998786205 32.5424995239563 34.0100002273975 35.6825008156865 35.5974998337267 34.3924999541904 33.154999742912 33.5675000976196 34.5524997598641 35.6000003606201 36.4474992824264 38.2474994338125 41.9174994605981 44.23750014741 46.3749999962207 48.4999999406894 48.2149991789127 50.0649995442404 52.7475003872515 57.4575003818172 60.3049992591252 70.3974989516326 76.3849983640631 73.954998008025 76.6400012556343 77.2099990993221 75.7949982152529 75.8975009810544 -9999 -9999 -9999 -9999 -9999 -9999 -9999 -9999 -9999 -9999 -9999 -9999 -9999 -9999 -9999 -9999 -9999 -9999 -9999 -9999 -9999 -9999 -9999 -9999 -9999
44.0024996959886 35.9774999645199 39.595000218848 33.8125000552943 31.7100005461237 30.4375000025158 32.407499331106 32.1350002028337 34.9075011528645 44.7050010338992 36.3149995347847 39.2799996965645 42.8225001913148 39.399999653198 35.1900005887583 34.7175006867738 37.9324998137602 40.7375001866667 42.562499002033 44.2524995914377 42.764999438472 41.9449987241288 45.144999435253 47.6725005880212 49.5625009300847 52.3699998130498 56.4825000613272 57.1174992896828 63.7774999894085 66.0799989511905 67.9924983405003 68.5450000820782 70.8075008606308 67.6824970223368 70.0550002485378 73.7074985333437 75.3149986096763 -9999 -9999 -9999 -9999 -9999 -9999 -9999 -9999 -9999 -9999 -9999 -9999 -9999 -9999 -9999 -9999 -9999 -9999 -9999 -9999 -9999 -9999 -9999
34.652501095794 32.7749991535249 31.8950000078248 30.7550001304758 29.9524998651784 29.8449997856388 30.9625000841362 32.3099999135666 34.6724986614156 35.8300008620499 41.4449995435745 40.9750004379606 41.7399997453139 45.8974999574717 41.7924986873038 37.9049997070986 35.727500956573 38.2674998729091 40.2900008446589 41.3575000583167 41.2575006515827 43.7274998906621 45.7250003488197 47.5725002131272 48.9625005381308 50.7250003400758 53.5224999859793 56.7500000290069 58.4099997725573 59.9800004605162 61.2050008026713 64.2199982740614 61.6800004035898 64.6274986702332 62.1175003911678 63.1700000332479 63.1099986988255 65.2574997737666 67.2074994776108 -9999 -9999 -9999 -9999 -9999 -9999 -9999 -9999 -9999 -9999 -9999 -9999 -9999 -9999 -9999 -9999 -9999 -9999 -9999 -9999 -9999
38.1649990003551 31.1749997498547 29.7149996785572 30.4200000626181 29.9475002432634 30.299999710064 30.9650001414776 34.664999371815 42.7824991471262 49.8175001657504 48.3599996083375 59.1524989499633 57.3274997050038 47.3049992380716 53.5749999073702 49.0150004144698 43.2050009255966 38.0700006655643 38.5550002871921 41.7899998907343 43.8675002980654 45.344999297685 45.9125004123511 46.9425000825206 48.8249997866409 51.3599996102826 54.7100009462265 57.6400003095254 55.1649999627021 54.8374996272356 56.7250003625036 58.5399990324747 57.5124998198914 55.1149997338951 54.889999556612 51.4375009698544 50.3625002088114 53.1824998198486 58.8224992759602 52.5950004287379 54.0574998513869 -9999 -9999 -9999 -9999 -9999 -9999 -9999 -9999 -9999 -9999 -9999 -9999 -9999 -9999 -9999 -9999 -9999 -9999 -9999
30.6974997503201 29.5625000066118 29.5149993798251 29.5300002053279 30.1199998815179 30.6724996481707 31.3900003358353 32.4325003442598 39.7599999717541 63.4674996322119 51.4925006242371 43.1824998834256 47.982499173095 52.9849993895415 57.0275001663276 55.4900006647753 49.8674994514479 45.5999994340941 44.2174997709164 41.7125005587509 41.3224992820467 41.5549983997183 42.4674987394379 44.7425002973676 46.0424995134049 48.8450002150791 51.3450002558411 50.9199991203671 51.1149997634628 51.8124990242043 52.72500033176 54.8874997868485 53.619998995941 50.5924997720981 49.5425005111034 47.0649995622726 47.2099991212261 43.720000244174 46.6000013436191 45.4699992481832 48.8674993207054 50.1324996946752 48.4924985103046 -9999 -9999 -9999 -9999 -9999 -9999 -9999 -9999 -9999 -9999 -9999 -9999 -9999 -9999 -9999 -9999 -9999
30.5025005153069 29.7125000975712 29.7249998990191 29.7150001537668 30.6600003078475 31.35749959143 31.1725006090231 32.7200002434147 36.597499807297 48.3275001483507 57.2000009777211 41.0450001099387 40.9675006708322 45.2425002244973 48.5524996718585 47.5825005906053 43.9274997928781 43.7650003110308 46.9274997532664 48.0849991105736 47.8475008347534 47.0499992521914 46.3924999918644 45.3124998982122 46.7749996221172 47.6200008281207 48.8824996924465 49.4700002532287 49.6949997030467 49.5374984808291 49.9949998987763 50.7575006324439 51.4049997303497 48.2174997940785 46.9300002603367 43.2949991710128 40.9200000532834 40.1225004116462 41.8899994196069 42.8149994664832 41.6550006489506 38.7124996627785 38.3125000938541 35.0924997949375 36.9624986398834 30.5475003090422 -9999 -9999 -9999 -9999 -9999 -9999 -9999 -9999 -9999 -9999 -9999 -9999 -9999 -9999
29.5999999000313 29.3250002791429 29.8150000502037 29.9974999410108 31.0100002067745 34.6774997753104 34.9925003052951 35.3349999967612 38.8249998296295 37.6224994539504 39.1624993875555 38.6000004053231 37.5024995946776 38.2849998242173 39.3300008832881 39.8074999058683 39.1125001853929 38.4800005064121 38.0974998335302 39.5349998162514 41.432500838296 42.6525001470504 46.5275001478282 45.890000363598 45.4425000985765 46.3825006139107 48.302499765104 48.5799999149752 49.1774997755129 48.8650007322144 47.5649995953254 46.7449998748573 47.4400005229938 45.5274992661772 42.2124996576174 39.2525005760694 36.5850000737059 35.5600004301428 35.5099992143791 35.6375007941561 33.6499995655145 31.8950008975991 29.9699998410775 28.2675004515869 26.0700001757456 24.0749998001024 28.32250018263 -9999 -9999 -9999 -9999 -9999 -9999 -9999 -9999 -9999 -9999 -9999 -9999 -9999
29.7999997083763 29.6500000923518 30.3524999507435 31.1199998747126 33.4374999642253 35.9825000572454 38.8525008543003 40.8550004878773 38.2150001570048 36.7125005834548 36.1099996469593 35.9950008407395 35.4850006204708 34.9425001232345 35.3799991466416 35.6199998842651 36.5875005934429 35.4600000468097 34.8149996078847 34.1024999721071 35.4499997878031 37.3024997566632 38.8850011711272 40.3500003831127 45.0950001574957 47.2149992091926 48.6775007151427 49.0150003559962 49.1199998878273 48.2025003614486 46.67249967205 45.0824995291095 43.7799988183121 41.4975004493639 39.4700002903327 37.5074997225841 35.1700001103582 32.994999914428 32.3625011475861 31.7124996494408 29.4824996253514 27.5950002950892 25.2150001805119 23.5825004744648 22.3775005668797 21.2100000435183 20.1275000640547 20.4149999455416 20.3875003332323 18.9225006836537 -9999 -9999 -9999 -9999 -9999 -9999 -9999 -9999 -9999 -9999
30.3549995325732 31.0950002535736 31.4299998189827 31.7600002152053 34.1099996359963 38.4750003210853 39.6549987930639 40.5924997306582 41.4849996569218 37.0074987749004 35.1349992894104 34.234999670738 33.672499659587 33.6700000734902 33.4975004223134 33.1924991564984 33.5225000281135 38.4824988977653 41.9524995058656 32.3599987043351 32.119999894412 31.817499627473 34.4075002220002 36.2274999282896 41.5475004590211 43.5050000816599 47.7975005019602 49.8450003188493 49.0150003495612 48.4849996926441 46.2274999780879 44.2374992701802 42.0599994924384 39.9574995165455 40.292500463017 39.4749994996429 39.4074993045369 34.4299993809706 31.0475002102309 29.0000000106592 27.3975000655748 25.8999996444327 24.4824996176076 25.2474998464697 23.8525003323687 22.6900002348022 19.3625002004307 18.4025001620222 18.1475000450641 17.4475002497564 16.202499890413 -9999 -9999 -9999 -9999 -9999 -9999 -9999 -9999 -9999
31.7299995367152 33.0950002561265 33.1874999959073 36.7150001113246 38.3249997873974 39.6650009145691 40.5825004581262 42.2100009565227 43.1725006372172 38.7300005755284 35.3125000365034 33.2250003897554 32.8000001950357 32.6100006159593 32.5000009621489 36.0475015069846 37.7875003075869 42.8349999263091 37.2349996984581 31.5125003006185 30.9099998533139 -9999 31.2450003504242 33.4549989081087 41.9825000916066 39.1500005705374 42.4424990632824 45.4624996580983 47.3649998176184 45.9050006832194 44.0775012985768 46.0000000280566 44.5725002473724 46.5875005134449 51.4974994029627 52.8199997387676 50.9100006950143 46.5800009612841 41.60000051705 35.7124996235614 41.0124998131019 30.9549994811013 33.9924990773805 39.4075000914306 40.4749996611678 27.419999820015 20.58749966701 21.7749996732194 22.1300000475282 16.5799999353566 15.8300001774251 14.8050000828023 -9999 -9999 -9999 -9999 -9999 -9999 -9999 -9999
37.4750003789378 37.5100001773816 38.1150007540269 36.3175000815464 39.0299997220375 42.0325011568432 43.7374992499826 42.0624999925751 41.8550005265798 40.1675005224905 36.167499598673 33.4799995660889 32.6150007275753 32.4150009229194 35.5300005222865 46.0000002033445 36.0424995770294 -9999 35.4399995560544 32.0050001698422 30.8250002906626 30.6100001405389 -9999 -9999 33.2174996039896 36.7800007736016 39.0900000793007 42.7699994480451 45.6099996436347 42.2100010320704 40.9225006119328 44.0900000880838 49.529999655229 54.4349993407974 58.4175004760014 61.6575012190692 58.3150005914295 53.7125007061749 49.8325005302416 47.4325008183711 48.8749999613872 51.377499723922 49.3500001034639 63.1524992524484 50.7874996003833 38.9799997697447 28.6699996102621 38.4575004940579 33.8999999827065 22.3024998366517 25.2899993590271 16.7375003343216 -9999 -9999 -9999 -9999 -9999 -9999 -9999 -9999
40.0024996012054 40.6724996254759 43.0649995455334 41.2625008281384 38.4949998508533 39.8949985508935 40.5250005408056 41.3999986390512 40.8474998755047 40.3275003244072 38.4074994104068 34.0174989980274 32.8000002006016 32.347499851618 32.4349994543857 -9999 -9999 -9999 37.1475001853092 31.367500294921 30.957500461117 30.710000516335 30.4800000277801 30.302499775365 30.6549997180724 31.3399996649158 36.8349998280742 38.8950004853619 39.1124992267096 39.4975003372652 40.1600008134431 42.7274998439827 51.0050000594106 52.5550002360091 57.3224992316963 57.8800000903901 59.0525007147807 59.3725004853256 55.5549994105162 52.4925003567975 53.6574992356701 66.1074997600699 74.9449977266638 75.80999763664 61.1674999535417 46.3975010077831 41.9450007330619 53.572500764736 52.8374998783184 41.0550009095299 36.6125003608302 29.1775000008249 16.7399998310623 -9999 -9999 -9999 -9999 -9999 -9999 -9999
-9999 -9999 40.6324996813765 39.8174991788059 39.3349990861365 40.4125003777562 41.7750005821085 40.9850006230114 39.9624996385265 39.53250026468 39.1475000818767 35.0400009496741 33.3100004297362 32.6024999675881 32.2975006089391 33.1100005725816 -9999 39.5624989855561 31.8925009036927 31.3949999750666 31.2100000453899 30.9825000777799 30.9050002068153 30.8074994173524 30.5174999221886 30.4974999429185 30.4800000022904 34.9599989422531 47.7125005454095 52.0374994821707 55.8224993009224 50.6949997428378 54.1200007556687 56.7199992984074 57.6175003413128 55.0900001071614 59.2675008093993 66.1075008956963 65.6425009050681 62.6500015474973 65.469998233724 75.4374997750479 82.7700003637497 83.8474998903337 75.1375010121675 72.5649993332793 65.9025011935171 65.0749995131246 69.5725004709696 49.9425003375902 31.5025002042024 27.8175006182897 21.7875006207492 -9999 -9999 -9999 -9999 -9999 -9999 -9999
43.0749997956912 41.5249996271143 41.3649997498357 43.0799989896052 46.6149997906149 44.7299995796201 46.4600000746231 44.8575000425802 43.7250003925116 41.5424995651088 39.9899997880626 37.2174988379253 33.8725004384646 32.9425001257841 32.3875007687177 33.3100013316402 35.5049991057765 31.8849997638581 31.5575003622641 32.2225003155931 32.8249998004131 34.4899997195171 45.0599992335854 41.1725009403775 31.162499908909 30.5999999135226 30.3750004782359 30.3499994277955 34.2025001222994 46.9074985472049 58.2024993070355 58.6724996707059 57.9374989134085 53.9525003428816 53.2400007879198 57.2124995346558 56.5074997233598 57.0874995819905 63.5500010608807 72.5375002272189 77.7724990015774 82.6499995463733 81.6475010109003 80.5225008886438 89.3350011334781 95.6774994341288 95.7049999068658 83.2800025687337 77.1000007405055 58.6774991244159 51.005000291869 43.4799997121873 27.7675006414743 16.3325001447426 -9999 -9999 -9999 -9999 -9999 -9999
43.8924999003539 49.6575002332719 52.735000521704 55.592499708092 55.5324993286859 52.3550005009424 53.4749994019516 55.185001338478 52.5325003728969 46.8150006408725 43.5349998446709 43.4150000037828 35.3474989614124 33.1174993544328 32.6099996654087 32.7499999873237 33.5524998119045 31.9074997887477 32.8499993968555 34.5699996609968 35.7925004783382 38.3599995383435 43.632499666665 48.1075000021798 34.2850004770979 31.1349997609345 30.7925000234089 30.5599994687586 30.5925002022944 30.8124995247327 36.2024996864696 45.8474998504548 47.9250001610377 42.537500373999 46.3000000936846 54.9725006014211 53.442499275063 51.6599997932831 56.7925003750087 68.052498608985 75.4825000228184 76.6474990824696 75.8900012644187 78.2600000890251 90.0100000834558 109.612498909858 111.755001414302 100.442499341295 93.4974995156468 74.3425009483024 55.8449997368865 43.3775007267673 33.7850005426186 18.2250000636411 -9999 -9999 -9999 -9999 -9999 -9999
43.8499993106868 51.1349991893735 56.9275007104068 56.9724998614424 57.5624990435924 55.7800006914391 56.2175006790378 57.6650009109015 51.5275002672873 45.1925010991458 40.6975002574111 40.2200002677813 35.9174995982739 33.6250000173333 32.9700002744764 32.6875000042687 32.5199995025257 32.6900005235569 37.5799998105279 45.6224994370451 48.2550000556951 43.3024989348358 42.3799990870335 47.9175005322148 34.0500003093734 31.7900004386902 31.4400000586192 31.249999526261 31.1774997692753 31.1925001157254 31.0875000998214 32.1250004340272 36.3000001447298 35.5425005051418 38.8924998188375 42.480000466515 45.4874992177851 49.0224999531928 56.8950003530527 64.0449999240252 68.9175015137843 70.6475008467383 73.5799998594824 81.9074991508652 94.1450002969477 106.412500291252 101.290001158397 91.777498392827 86.6549990051361 75.45000109531 55.7000002077321 45.330000199749 32.21250081379 20.0500002001071 12.5449998475377 -9999 -9999 -9999 -9999 -9999
