socal_rasters/embergerQ_SPHAsouth_aggfac2.asc
NCOLS 210 
NROWS 130 
XLLCORNER -119.45 
YLLCORNER 32.483333333 
CELLSIZE 0.0166666666666667 
NODATA_value -9999 
[rows 104 to 129 of 130, columns 120 to 179 of 210]
-9999 -9999 -9999 -9999 -9999 -9999 -9999 -9999 -9999 -9999 -9999 -9999 54.717498829515 52.3099994570214 51.7325000882355 52.275000565478 51.877499581556 50.9699993212303 50.5500002092457 50.260000223555 51.2175006460042 52.2574997014438 52.1149997488075 52.6625004092801 53.1599998132006 52.2725010230754 50.5299997077965 49.7250004101965 50.1449994553206 49.682499989605 46.5000000255743 46.8874996841633 52.0949992763754 53.8225002378214 56.4025001686663 54.6525001601616 55.9549989344793 66.6575010686917 61.3274994554733 51.7825015001209 46.0200001724565 55.9399996250969 53.3274994894044 48.6574993469162 47.8500003965468 50.5074995414133 63.0824993837662 59.6275006084126 61.3750008436498 63.819999628157 69.0874995067054 73.7825012879961 71.41749952231 77.4599989781337 81.0150012846694 79.0475025557337 76.9174995316213 77.3025017159171 76.9449996886892 75.9074993320331
-9999 -9999 -9999 -9999 -9999 -9999 -9999 -9999 -9999 -9999 -9999 -9999 55.4324998925163 53.9149999960102 52.8125009681842 52.6449995139202 51.5649995769954 51.1925001284861 50.3250007729883 50.2100000346843 50.2624998053753 51.6525001265161 51.6424989837711 51.904998763132 52.9775009101471 51.6100006492447 49.3124999293698 48.152500182299 51.2849998051644 49.8900003667293 46.9825001336191 43.5699996985844 51.9099998005332 50.7949991223247 48.7649995436314 43.2200003409562 43.1874990354184 45.7424994181085 48.3600005325702 45.8399983621813 43.6149996083934 49.1650010135893 48.5975006684484 52.2100002828991 49.4424991047014 51.7224997739455 56.7724999117823 58.2874994423469 63.6024989086083 71.4200001313129 73.1574994460124 70.1224975777503 70.3700008194702 80.3899993286952 80.5324993431743 73.415000869282 75.1724987388933 77.0599994984778 76.3149985234396 76.5125027019902
-9999 -9999 -9999 -9999 -9999 -9999 -9999 -9999 -9999 -9999 -9999 -9999 55.9624986872457 55.2100000322842 54.2025013235769 53.4875002040581 52.3100004292593 51.4349994764431 50.5074997084427 49.7399997764452 49.9000005652298 50.1649999640144 52.2274999121983 51.5825004863962 50.7600002854419 49.9125003899432 46.627499587796 48.8474998168547 48.2524995626632 48.0750008174606 45.165000920126 43.4949989712229 43.8500003925352 45.3799991560792 44.110000611235 45.5100001706873 50.6424999113062 50.3800011496106 49.8250009551087 45.6299999024775 54.6274995719565 58.5449999366055 60.1199998399467 62.8699990701769 55.7125005513154 56.7599991886257 63.2749995082164 64.7624997128415 65.2299994894745 67.0500011586496 68.7350006083996 65.9025001972862 68.6549988263969 73.3250007072895 77.7875003469875 67.8875000778414 66.8974990799254 69.2849988286704 76.1999987778835 75.8899993944466
-9999 -9999 -9999 -9999 -9999 -9999 -9999 -9999 -9999 -9999 -9999 -9999 56.1800003127654 55.070000662263 54.4949998999406 53.7075004651368 52.5200004710548 51.7174997491164 50.6975002335095 49.9399986285735 49.7550001117584 50.2274999573952 52.2949990926906 51.2650004244244 49.0949993834324 48.8649997622278 45.9774990161507 46.69000053462 44.8224992991665 44.0225000574147 43.4600000418826 42.9524993981815 43.1824998638677 45.1774997557315 46.1199998740544 46.5050000992989 47.3225011677647 48.6949986731871 47.7375002910568 47.9499997760711 50.9424991388556 55.0824993833663 63.5674998539681 73.7099992227675 58.3125001562595 55.4749993712335 58.8074998723636 67.762499601236 70.8775005744345 66.7900000838624 63.9175014354237 65.0024984916344 65.8074988865984 67.9799994898952 68.9449997271418 62.9775000923703 64.5224999870931 71.4849974778626 75.7999992489886 76.6174983945712
-9999 -9999 -9999 -9999 -9999 -9999 -9999 -9999 -9999 -9999 55.5574998635072 57.9250001648729 56.5500002509455 55.0925006760674 54.7674999423247 53.6899995881443 52.6824998955925 52.1125002097676 51.2199993342453 50.3024997848351 49.3824987471857 49.887499807509 51.4899997469027 52.9225005518552 47.1274996061796 46.0325002707792 45.3374996368522 44.8424997350834 44.2725009987679 44.8849992215417 46.7475004493561 45.5275001608311 44.2725000138345 45.2099990619054 45.2700004456689 50.0625008356557 56.4874991726662 51.9325000517076 47.7100000211993 50.9299992887669 53.45750042145 54.9575013869241 56.4174995185023 59.1925011890886 54.8450002667145 55.2675008908088 55.9825000268608 62.212500425259 66.1050004203126 65.7250003552578 65.477499942807 70.7350003752423 75.8474999114748 68.7050019009534 63.6174994226369 60.9099997364973 67.787501128394 73.772500936071 74.4774990345922 75.784999781265
-9999 -9999 -9999 -9999 -9999 -9999 -9999 -9999 -9999 -9999 -9999 58.334999083217 57.5975008414385 55.2874994113544 55.3050003108259 54.1875009690674 53.2775001709612 52.5524997772874 51.5474996673872 50.4524994023002 49.9049997278744 49.3449993187575 50.3975000390989 48.2899990057121 52.3749999591672 50.2074995797942 48.3849993140898 46.5150003551524 44.4250001955552 44.7024993603895 46.3424997351248 46.4875001634001 46.0124997957263 48.4900006957794 51.3325004169086 51.6125011810775 49.525000607464 47.8675003320884 51.6925000292514 53.1024999565246 53.2274989841226 53.902499210785 53.5025005084595 54.1724996009527 55.3849993150965 53.7825003038394 55.737500124455 59.4575004150723 62.6499985947236 64.3499975071778 67.547500522292 68.8000010487927 70.1250000289834 63.8300000061925 63.6549998512506 60.1950006243721 64.1275003933603 69.1949996602553 76.4100017479435 75.5224991247433
-9999 -9999 -9999 -9999 -9999 -9999 -9999 -9999 -9999 -9999 -9999 56.7200012262272 56.2199993310644 54.382499733187 54.7550000982621 54.5524997779737 53.8124990506259 52.8575000913888 52.0850000468735 50.9825000881465 49.6675014376474 47.9050007115017 47.5275001159929 48.9350003889294 50.989999713455 51.5725012563162 49.5699997146845 49.0000009457887 44.9099998601714 44.4425001125854 44.3274993869188 44.50749968311 45.0424985680356 49.6900004256178 52.704998959707 51.4099989914198 44.2250003477039 45.4674997595861 46.5600003654476 52.0225000842863 51.4025000696942 53.4274997740479 51.4374999731614 51.7624998025519 55.9750002322759 59.6074991385783 61.5249996681228 61.1425008218949 60.6450004481136 63.2075004029081 62.4925003789134 65.7250003536378 63.1374999065936 64.2275008686539 64.2699994077998 65.9874991621661 64.3724996716806 61.837499421454 74.7374991830413 72.7849981179413
-9999 -9999 -9999 -9999 -9999 -9999 -9999 -9999 -9999 -9999 -9999 -9999 55.474999435132 -9999 54.1149997580208 54.6050005034131 54.1350002265363 53.1374998256726 52.4525003566771 51.0024995853105 49.0674992019445 48.3100003866558 48.6849994634937 50.5399989857115 49.7374992515453 49.4274997859809 48.7849998627966 48.6624994259645 45.3575010581807 44.5199995052312 44.0799999354872 43.7799997280539 44.6949996890009 44.8874998316849 48.5425004326327 47.9549999940711 42.2250003524844 42.9025001100352 48.8599995680062 50.5074997567968 -9999 48.7074994274628 46.2499999605957 48.4049996917642 49.039999970018 53.7049998785212 55.8275003237719 57.7375001749038 56.7125005446969 53.7275009085662 55.7800004434675 62.6250009366506 66.3250006865287 64.6399994105196 66.2025012685097 67.8375015732939 69.5225010105235 59.9799983658954 70.2450007444849 69.2600005414513
-9999 -9999 -9999 -9999 -9999 -9999 -9999 -9999 -9999 -9999 -9999 -9999 -9999 -9999 54.195000651837 54.7274999723303 53.9199991385172 52.7375002039921 51.487500204618 50.5725011699041 49.8499994261852 49.0150003433226 49.062500003673 48.5225000443116 48.7750005837926 48.4825000911568 48.1049995514673 48.8375005309455 47.7499990846021 46.2100000475657 45.9324989231206 44.1149997578123 45.6324996850705 43.4125005222956 41.6400002905186 42.7650003881532 41.5374993801351 44.8574990818739 45.322500256574 46.5824993751165 51.8750000193059 54.7325000690473 57.7699995552826 53.8525009621979 52.2099991158808 53.1050004870624 56.2625007077857 57.3774995978125 50.9324999819129 53.6924999408105 65.8075016716434 70.1850014472961 67.1600017340113 67.3474998489025 64.3275012895011 65.087501536435 64.1225004548339 53.1174993120196 62.1825008581523 62.8700019505666
-9999 -9999 -9999 -9999 -9999 -9999 -9999 -9999 -9999 -9999 -9999 -9999 55.5900001551178 55.0625000026763 54.5699996968788 54.7150001657819 54.1499996362521 53.232500079838 52.6949997101619 51.7550001293566 50.7600002428315 49.7175007002891 49.3449993114499 48.6200008504667 48.0149994039951 48.5425005007725 47.6274996084947 47.4050006779142 47.3950004603146 46.6024999925383 44.0575008617895 42.5725002411745 42.274999660166 41.7349996103704 45.6124990752591 51.0000001229205 44.2025003389926 49.482498968201 55.944999584972 52.0025006002963 52.2174997024789 53.5224990867851 54.5174998915927 59.1949996270809 58.7950001648688 56.7974996770599 54.7525005370776 51.4049998647277 49.9999999060604 55.4075002115255 60.4699992459645 67.022499955789 68.1075001515539 66.7800006989015 62.5999995050941 62.5474986743518 59.7450000850609 50.1049996052735 53.1975000473938 56.2824993097548
-9999 -9999 -9999 -9999 -9999 -9999 -9999 -9999 -9999 -9999 -9999 -9999 56.8575000766731 56.1150007449299 54.7724990948735 54.5375003818575 54.5174999306123 53.6624994368525 52.4850006204005 51.6700000909433 50.6175003171135 49.4649992253908 48.6500005727486 48.5775003557895 47.834999094957 47.164999959075 45.1525001762247 45.4099988658558 45.8699998980346 45.0050001301407 41.5399999885762 41.2524996022214 40.4825000816801 41.762499796809 45.3500002988723 50.0925006755139 52.507500628926 51.3074998126342 53.8625001288471 55.4724998527408 55.3699998788163 54.7275009782786 55.0499992519529 61.1524988615997 62.3000013438578 57.0174999655769 52.8275004127846 50.007499821627 53.1500003994425 57.0524997376219 62.6774995626082 64.9725017395313 68.8575012771527 59.5074997841039 56.672499606535 60.9775009381463 56.940000691774 48.7874994666008 49.3824996322841 53.7175007581062
-9999 -9999 -9999 -9999 -9999 -9999 -9999 -9999 -9999 -9999 -9999 -9999 57.5124998250771 55.0474996601182 -9999 -9999 53.9574994948376 53.5924997548918 52.4899997909512 51.1099996718591 49.5499992601307 48.3424997382396 48.1974992802407 47.4549999253498 47.0049991764926 46.4799995633499 44.2725000427621 46.889999431329 45.0399999768804 43.9625006123104 42.2724999897304 43.6474991129657 43.6525001576842 44.2149991698983 45.7524996179941 45.5624990491459 47.2674988886058 53.9600000841582 52.137500710734 56.8599995848043 57.8600006262862 58.5199994889789 62.7374982379319 63.9324998813448 55.0825006466891 49.6274996617484 46.8425006648697 49.4725007935714 54.4450006977196 52.3150014543977 54.7325000272993 61.6199997136435 65.1950016502574 60.2524996964945 52.4750013954501 53.2024992668356 53.5000000855972 48.542499537322 49.9850015575502 48.3625001915909
-9999 -9999 -9999 -9999 -9999 -9999 -9999 -9999 -9999 -9999 -9999 -9999 56.8625002452544 -9999 54.4825000807881 -9999 -9999 52.8274993955555 51.8750000251223 50.332499534853 48.9050006936205 47.5200004742442 46.6700000798312 46.7949991294691 46.0600004201681 45.5924997836714 43.4874992374801 42.8375005914968 -9999 41.652500139886 49.215000075002 48.6250000465677 46.4975004404358 45.2749986871308 44.420001049143 43.7349996100647 46.0749997566749 49.8399993324359 47.0500002485387 49.4099987950674 56.6149985940388 59.9875002645836 56.752498638964 55.1575003299356 50.6875000328234 50.9375009629958 44.9449997453696 49.0374992693318 51.5349988618883 53.0550002550135 55.9750012710127 57.7424993519926 59.8299989232618 61.1025000584189 53.2349988036239 -9999 49.1350002669639 48.6675005740287 48.8049994544301 48.6874999532168
-9999 -9999 -9999 -9999 -9999 -9999 -9999 -9999 -9999 -9999 -9999 -9999 -9999 -9999 -9999 -9999 52.6824999023685 -9999 -9999 49.1824999149906 47.949998878661 46.8850002445516 46.1475010003915 46.3549995255226 46.0949993045255 44.7049999628766 42.4549989666747 -9999 43.6574992394929 47.0050001407044 55.7499999738493 50.7074995959252 44.012500749982 46.002499559722 43.9249993627268 41.3225011732035 42.2874994228641 42.1299991436253 43.6549986479548 50.002499492828 58.7424993387821 57.4425001663975 57.4274996549203 58.1325006670742 54.6075002133974 50.3224993104418 45.4400006128955 45.565000508153 46.2249994499915 49.0900001040412 50.079999899939 53.6125000890592 57.1199999152007 55.5449999967878 -9999 -9999 48.6899995679142 49.87249948543 48.9600000248553 48.8625002364889
-9999 -9999 -9999 -9999 -9999 -9999 -9999 -9999 -9999 -9999 -9999 -9999 -9999 -9999 -9999 -9999 -9999 -9999 -9999 -9999 46.6600008016232 46.2250003984906 45.0575008342001 45.0374994293028 43.8024997839479 41.7549992013271 40.8225002293012 41.0174998945571 44.2274989569997 45.4750004251443 44.7974996970502 41.8975000695317 43.4300002399549 48.5299997063028 42.7550002241791 40.6300001159249 40.0050001649406 39.465000125223 41.2099990275792 45.6800003106595 46.0100002586087 53.2975005926207 54.8924998683225 56.3474997979316 55.6575002976532 52.0425005532624 47.824999882381 49.944999654208 51.1300000957786 47.680000297729 46.2325000911034 46.2674998940696 44.4050007129954 44.5900000687771 53.9049998315945 52.3825006516814 50.154999752517 48.1549997878754 48.8274993939095 45.4550009041141
-9999 -9999 -9999 -9999 -9999 -9999 -9999 -9999 -9999 -9999 -9999 -9999 -9999 -9999 -9999 -9999 -9999 -9999 -9999 -9999 45.9724998580083 44.9350004393388 43.7325000845921 43.0249996363393 41.5675010784616 42.2500000163917 42.6075000918184 42.5599985105787 42.9300002890141 42.9850006120638 42.0550003382199 41.8725003737704 47.3724993932971 48.2675008520288 40.0800000172189 39.1300010559411 38.5275000926769 40.4700002781562 38.567500097342 40.3874997835299 42.8699999241713 51.9850004567857 56.4925002783369 58.2474994152127 54.2200003587435 48.7124997232782 42.3599994707078 47.9900006723437 49.2849998673573 48.3375006241474 49.7874993296441 50.9650002072716 46.3250007652447 50.3175000722046 47.2500000143287 46.6149998153507 48.2299995668365 46.0274992682205 45.2049999574469 44.0024995253749
-9999 -9999 -9999 -9999 -9999 -9999 -9999 -9999 -9999 -9999 -9999 -9999 -9999 -9999 -9999 -9999 -9999 -9999 -9999 -9999 45.1750002205118 44.437500004458 43.3649997849945 42.4399995880549 42.5349998438256 43.0325012233424 42.8649997786708 42.4875002041125 42.3200006544527 42.1775007509111 40.590000156611 39.4500007577333 39.7774992002243 40.9524993437838 39.2924995683429 41.1174992860331 42.6574983487712 41.8400001315378 39.6650009718158 41.0349998081257 40.3675002569094 45.970000082938 53.425000168707 57.0349998211912 52.712499678365 43.4300006461244 39.3824994676881 49.4449996532497 50.5274991630421 52.3750000045319 50.2574997421917 47.1250000694206 46.1299991469333 49.8150004234131 54.7799996799944 53.2325001692817 47.8174992623722 43.649999663267 42.5874996490344 41.9850006257746
-9999 -9999 -9999 -9999 -9999 -9999 -9999 -9999 -9999 -9999 -9999 -9999 -9999 -9999 -9999 -9999 -9999 -9999 -9999 -9999 -9999 43.0499992435443 42.7574987448229 42.0200004659831 42.2149991983617 42.2674999244004 42.0225000477971 41.2700004622694 41.8649997589256 41.3500004245724 39.1299991475486 -9999 38.1925010656406 38.6525001500977 41.3400000829712 45.454998790109 56.6475001515494 44.449999859787 43.3400001444179 42.4800003923678 43.4574995777912 42.3850001943453 48.7149999819377 46.9949998518393 46.6199989767965 37.4199993485454 42.4599989283894 49.3324995208786 52.2550009439339 49.347499968289 46.852499022665 46.7750005636909 47.929999301439 52.8999994151303 56.845000280689 53.134999387463 46.3350001871015 42.6850004392735 41.0249996355713 40.6625003816413
-9999 -9999 -9999 -9999 -9999 -9999 -9999 -9999 -9999 -9999 -9999 -9999 -9999 -9999 -9999 -9999 -9999 -9999 -9999 -9999 -9999 42.4175005052318 41.625000006258 41.1300001056735 40.6949996978594 40.7375011434368 40.9850006050371 40.5550003119352 40.6174993468235 39.0475006433217 37.2174997227713 38.1399993526242 42.5375003763726 43.2775001369061 48.9674994770651 53.2875001681438 66.735000586743 56.2700014869144 51.9149990384381 48.8374997612072 44.0250006610773 41.5050002205164 40.9050006782682 37.0924999426007 33.735000572032 34.7000006523451 39.9249990345623 46.8625011004364 47.6449994979776 47.2899990075312 46.9174995456544 47.527499179757 48.5050010776673 49.6000004579951 51.0275000674607 47.5450001667697 43.8324996222098 41.3125000177931 41.1224994766783 42.615000671669
-9999 -9999 -9999 -9999 -9999 -9999 -9999 -9999 -9999 -9999 -9999 -9999 -9999 -9999 -9999 -9999 -9999 -9999 -9999 43.3699999031382 -9999 41.3500003917361 40.9274997951971 39.8350000565044 39.0424995528582 38.6024999794941 38.0974998467128 37.8000011317354 38.022500105203 37.1075000987028 37.1200008314762 38.9625005231761 42.062499928226 44.4699991128844 53.0775002121982 61.8375003692732 63.8174993378081 63.5850009328768 57.0550002691583 50.6925004757784 39.5950002762222 36.6374999133377 36.4674996152193 40.5050000691789 48.5675000998386 50.1950007322376 46.2349987716709 44.6024999460245 45.8649998000723 45.6149997520228 45.5799998970106 46.6825008200766 46.2799998044419 43.6525001358583 44.5400000018338 42.2024994072409 42.4049997188176 43.1075000347783 43.9549989949124 43.4100007860066
-9999 -9999 -9999 -9999 -9999 -9999 -9999 -9999 -9999 -9999 -9999 -9999 -9999 -9999 -9999 -9999 -9999 -9999 -9999 42.7049999428837 41.6574993234144 40.8174991735997 39.8750000182297 39.3824996971533 39.6899995806595 41.7424993444173 40.9250002080772 40.4424991713277 39.4549999339137 38.6050005013345 38.3850002283072 38.2624997978399 39.5124997540905 42.6999997503557 48.7624996999687 55.4224987518459 55.5875007307251 50.8974989372738 44.6525011778391 41.4174998941376 32.0999999263916 32.0949998916439 33.3049996446588 45.5249994246671 52.9050005280283 60.3950005598284 47.7700005528145 45.0850000698078 43.992500321423 43.0999994310319 43.2425002981771 43.382500624104 42.8300008806745 43.6649999303813 42.7600002675304 42.6225013463168 44.7624997902241 41.9725008066786 42.0699996747164 43.27999975662
-9999 -9999 -9999 -9999 -9999 -9999 -9999 -9999 -9999 -9999 -9999 -9999 -9999 -9999 -9999 -9999 -9999 -9999 -9999 42.1249990449939 40.9075002845997 39.9025001578562 39.1475000548799 38.0974998634403 38.2274999492987 40.6925000840205 39.9249992655919 39.3024997743566 38.4674997478569 37.6099987081411 37.5124998085464 36.8024997891961 36.037500380159 36.3350000038553 40.2674988394951 40.4025002804029 37.6025004501896 33.9799999105131 34.297500250784 32.6424998873133 32.6674995653737 32.0350003390522 31.4900002749493 35.6899999214183 44.4700001102939 48.7775011617155 43.0750007568987 43.097498933233 42.7524995480511 44.0100002139951 44.1724997131594 43.237499230676 43.0624999909437 42.8949995663697 41.5674991755934 41.4275007460712 41.5775003182159 42.4324989201923 42.2624997998934 41.8950004598204
-9999 -9999 -9999 -9999 -9999 -9999 -9999 -9999 -9999 -9999 -9999 -9999 -9999 -9999 -9999 -9999 -9999 -9999 -9999 -9999 41.4300002716424 41.5324993361825 40.5574998971211 37.5849990899526 36.7174987901951 36.4224996368143 37.6825007775553 38.9675006921374 37.9424991705489 37.29500009285 36.5050001328313 35.5349998612964 34.6775007467757 33.0274992075601 32.7200003115736 32.9124999208143 37.9300002092556 39.5574998589451 37.0600009914779 31.7849998955289 31.9524998782833 31.9175004880477 33.0424995361862 33.7700004146812 38.5700006318491 42.379999163612 42.6000012226083 44.6424998762138 45.0349998454815 45.2100000135512 47.6524991655462 48.0400000469898 46.2674999248581 47.0925006632908 47.1625003696407 44.9300004036922 -9999 -9999 -9999 -9999
-9999 -9999 -9999 -9999 -9999 -9999 -9999 -9999 -9999 -9999 -9999 -9999 -9999 -9999 -9999 -9999 -9999 -9999 -9999 -9999 42.9474991945951 43.4399986548074 42.914998997024 41.0874996967552 37.5824995356807 36.1025009228894 35.8450002631125 36.3775005299726 37.085000950707 36.0424995677835 34.4375000205442 33.1525010971502 32.7199993040379 33.1124996917704 33.0174999300485 32.6774997602813 36.287499429736 41.8825004985879 49.1750003490056 37.3050004279066 32.0099997802378 31.2674999195431 33.5825003868664 -9999 -9999 -9999 -9999 -9999 -9999 -9999 -9999 -9999 -9999 -9999 -9999 -9999 -9999 -9999 -9999 -9999
-9999 -9999 -9999 -9999 -9999 -9999 -9999 -9999 -9999 -9999 -9999 -9999 -9999 -9999 -9999 -9999 -9999 -9999 -9999 -9999 44.4574994170375 45.7375001900591 44.3124990785671 43.6599988786683 43.3650007606587 39.0550003974078 36.8574991649964 35.3350000522281 34.5475006221183 33.7374992574702 33.57750034088 34.2500000133052 34.0124988644714 34.0900010977631 34.4075002825155 33.4750003960177 35.8825005607961 45.9124989642327 -9999 -9999 -9999 -9999 -9999 -9999 -9999 -9999 -9999 -9999 -9999 -9999 -9999 -9999 -9999 -9999 -9999 -9999 -9999 -9999 -9999 -9999
-9999 -9999 -9999 -9999 -9999 -9999 -9999 -9999 -9999 -9999 -9999 -9999 -9999 -9999 -9999 -9999 -9999 -9999 -9999 -9999 45.7874993402078 46.1999998381728 45.5149993937298 -9999 44.512500756456 -9999 -9999 -9999 -9999 -9999 -9999 -9999 -9999 -9999 -9999 -9999 -9999 -9999 -9999 -9999 -9999 -9999 -9999 -9999 -9999 -9999 -9999 -9999 -9999 -9999 -9999 -9999 -9999 -9999 -9999 -9999 -9999 -9999 -9999 -9999
