socal_rasters/embergerQ_SPHAsouth_aggfac2.asc
NCOLS 210 
NROWS 130 
XLLCORNER -119.45 
YLLCORNER 32.483333333 
CELLSIZE 0.0166666666666667 
NODATA_value -9999 
[rows 0 to 25 of 130, columns 0 to 59 of 210]
-9999.000000000000000 -9999 -9999 -9999 -9999 -9999 -9999 -9999 -9999 -9999 -9999 -9999 -9999 -9999 -9999 -9999 -9999 -9999 -9999 -9999 -9999 -9999 -9999 -9999 -9999 -9999 -9999 -9999 -9999 -9999 -9999 -9999 -9999 -9999 -9999 -9999 -9999 -9999 -9999 -9999 -9999 -9999 -9999 -9999 -9999 -9999 -9999 -9999 -9999 44.6199998798881 -9999 -9999 -9999 -9999 -9999 -9999 -9999 -9999 -9999 -9999
-9999 -9999 -9999 -9999 -9999 -9999 -9999 -9999 -9999 -9999 -9999 -9999 -9999 -9999 -9999 -9999 -9999 -9999 -9999 -9999 -9999 -9999 -9999 -9999 -9999 -9999 -9999 -9999 -9999 -9999 -9999 -9999 -9999 -9999 -9999 -9999 -9999 -9999 -9999 -9999 -9999 -9999 -9999 -9999 -9999 -9999 46.8750009501233 46.4099998472309 46.3049993574277 45.7375001951296 45.3149995814442 44.3149995885451 -9999 -9999 -9999 -9999 -9999 -9999 -9999 -9999
-9999 -9999 -9999 -9999 -9999 -9999 -9999 -9999 -9999 -9999 -9999 -9999 -9999 -9999 -9999 -9999 -9999 -9999 -9999 -9999 -9999 -9999 -9999 -9999 -9999 -9999 -9999 -9999 -9999 -9999 -9999 -9999 -9999 -9999 -9999 -9999 -9999 -9999 -9999 -9999 -9999 -9999 -9999 49.1724996582969 48.444999701792 47.8424997330143 47.1075010446612 46.0349998301816 46.9799995475145 45.90749931482 45.7199993177902 45.1550006843844 45.5074996976807 44.6349992743902 44.342499730526 -9999 -9999 -9999 -9999 -9999
-9999 -9999 -9999 -9999 -9999 -9999 -9999 -9999 -9999 -9999 -9999 -9999 -9999 -9999 -9999 -9999 -9999 -9999 -9999 -9999 -9999 -9999 -9999 -9999 -9999 -9999 -9999 -9999 -9999 -9999 -9999 -9999 -9999 -9999 -9999 -9999 -9999 -9999 -9999 51.2950000766712 50.127499583438 50.4625005799314 48.9949998951362 48.8425006757221 49.170000083857 49.0525007290058 48.5275001623095 44.8824996935995 47.8049993438157 47.1275005335385 47.2550001184907 45.8450002729291 45.8324994924118 45.6549997282726 45.1149997721592 44.2349996611276 43.7349996614242 -9999 -9999 -9999
-9999 -9999 -9999 -9999 -9999 -9999 -9999 -9999 -9999 -9999 -9999 -9999 -9999 -9999 -9999 -9999 -9999 -9999 -9999 -9999 -9999 -9999 -9999 -9999 -9999 -9999 -9999 -9999 -9999 -9999 -9999 -9999 -9999 -9999 -9999 54.53000068651 53.402501112917 52.2425012585272 52.7849998456477 52.0125007669746 49.597499832682 51.6025009222237 49.7074995135441 49.71000003499 50.3949995036641 50.3199996958664 49.9499998128161 48.5574999016551 -9999 46.1225004004796 48.130000112127 47.8275003475996 47.110000607745 45.3649997611082 46.3249998150923 45.1674995444083 44.9249992408363 44.144999507932 43.1649999749225 -9999
-9999 -9999 -9999 -9999 -9999 -9999 -9999 -9999 -9999 -9999 -9999 -9999 -9999 -9999 -9999 -9999 -9999 -9999 -9999 -9999 -9999 -9999 -9999 -9999 -9999 -9999 -9999 -9999 -9999 -9999 -9999 -9999 -9999 55.2674989754363 54.6000003827872 54.3199996937399 54.4800005006497 54.1475000369656 53.800000196542 53.2049999220467 50.077500337563 52.4799995389874 51.6649999621785 51.7325000781631 51.6750001929446 51.3200006501491 50.977499962874 50.1925010677979 48.6125002048564 -9999 46.6249999914189 47.0574998944569 45.5574999144782 46.4799995511221 46.3875007638236 46.1575002773606 44.4425001148181 43.7825002540184 44.2950010346601 43.1449995114746
-9999 -9999 -9999 -9999 -9999 -9999 -9999 -9999 -9999 -9999 -9999 -9999 -9999 -9999 -9999 -9999 -9999 -9999 -9999 -9999 -9999 -9999 -9999 -9999 -9999 -9999 -9999 -9999 -9999 -9999 58.4774990108861 57.3024997729521 56.9149999650171 56.257500650513 58.3724994568199 55.0025005395812 55.2049999228003 54.8825006515413 53.9825000722134 53.8100004327386 51.7349987262002 48.3524999503232 51.7649993986575 50.4475002365661 51.7200002519032 52.4074993155692 51.667500502258 49.8249998116232 48.2449998797259 -9999 46.3874998027569 44.8099994785285 -9999 47.6925001189864 46.8724994612077 45.9449996875125 46.9525003458578 46.1875000081797 44.8124990531955 43.9475011885208
-9999 -9999 -9999 -9999 -9999 -9999 -9999 -9999 -9999 -9999 -9999 -9999 -9999 -9999 -9999 -9999 -9999 -9999 -9999 -9999 -9999 -9999 -9999 -9999 -9999 -9999 -9999 -9999 63.1524992207087 59.5875005787675 59.5424995436049 58.7950000814662 58.4324989323502 57.5124998142222 58.3374995990003 57.6675005015022 55.4800004993257 55.1275005355254 55.6199998861471 55.3400001513062 54.6400003570097 49.9400005542646 50.5424995522588 51.977499934567 53.4374990427141 53.2800006911626 52.4724988920952 50.1475000636762 47.6900005344274 46.9549999248397 -9999 -9999 47.9274997700659 47.27750016316 45.9624996444925 46.8424997094999 47.9600000419233 46.7824993202171 46.0124998113321 45.1274995793043
-9999 -9999 -9999 -9999 -9999 -9999 -9999 -9999 -9999 -9999 -9999 -9999 -9999 -9999 -9999 -9999 -9999 -9999 -9999 -9999 -9999 -9999 -9999 -9999 70.3874988702102 65.9699993241155 64.1475000379182 62.7825002693125 61.7374992415504 60.1775016768615 60.1024999625809 59.5749998116702 59.5174999208205 59.1175003066784 57.9650011065915 57.2750005773553 56.849999424868 56.5550003087552 56.5775003379198 56.1500005780873 54.1075000957409 49.8575000890918 52.7550010662471 52.9549999340065 53.0649995795335 52.1100006065297 51.7924995320713 51.1425008973766 48.2600002447156 46.3000002027378 44.76999949464 47.399999625807 46.092498782756 46.982500066334 45.0625009868173 47.2375001718194 48.3525009139635 48.4475002328893 47.7225008065037 46.6000003924904
-9999 -9999 -9999 -9999 -9999 -9999 -9999 -9999 -9999 -9999 -9999 -9999 -9999 -9999 -9999 -9999 -9999 -9999 -9999 -9999 -9999 90.9999981203993 77.6475010034852 71.1074981847158 73.0050010580554 70.7549991656867 68.2474975704102 64.3850002381772 62.6049995451211 62.0700006540197 59.5150003383736 61.0074996961174 60.5500001928446 60.3074998881494 59.3125009576597 58.2800006913223 58.5450000751095 58.2875003812194 57.9049997367201 56.5849990956344 54.2325000677488 -9999 51.2699994988951 52.9774989989176 51.6900005614193 52.0549993412515 53.7349996613823 52.7049989833627 50.2300005120229 46.6849994744488 45.7699995011003 46.2075004600748 47.3649997660061 48.0974998545111 44.4500007609627 47.114999748229 46.6225004271141 47.3249988324237 47.5550003138885 45.5974998471281
-9999 -9999 -9999 -9999 -9999 -9999 -9999 -9999 -9999 -9999 -9999 -9999 -9999 -9999 -9999 -9999 -9999 -9999 -9999 70.4074993148624 71.4099998380592 77.8075008431976 71.1099987194566 67.5225009930553 68.180000297691 73.3525008954903 69.7100010080146 66.3525009263187 63.7375001933743 63.0825004620732 60.3824987326786 61.4724998574254 61.2025003452775 60.8900003476078 59.9425010719027 59.5149993934439 59.5750007655177 59.0075006418044 58.7425003072703 57.0124998203126 53.7449998920532 -9999 -9999 51.1375007639774 51.9099998418035 53.6025009147885 52.4074993252951 50.979999547315 50.640000344712 48.5750007797622 46.349999424517 47.2575006479575 48.1449994954694 46.5249996392665 45.2624998009924 46.7499999747797 46.3374996127582 47.0950002806438 46.5649995896556 45.8549995332604
-9999 -9999 -9999 -9999 -9999 -9999 -9999 -9999 -9999 -9999 -9999 -9999 -9999 -9999 -9999 65.9349994637823 67.9174995396056 69.4799976340181 70.6849994658714 70.5499992357204 70.1575012217795 69.6800003071052 68.8075008413595 67.889999389873 67.8224983196852 68.5850009868045 71.1750011204225 69.1874981122117 64.9649982476341 62.7225008149168 60.0524997778455 57.3150005309301 60.4625005597654 62.009999277894 61.342499736693 60.9225006088271 60.4724998512797 58.8649997673952 59.8499994254432 59.7049999257425 57.1475000579044 52.2100010111568 53.8924999111668 54.9700002638733 55.2450008336259 54.7625007796616 52.8400001580917 50.922500616836 49.7449998913927 48.5424995557979 46.9250001860108 48.0074996939888 47.7849998485147 46.3325004636373 46.3474998490252 46.9025001449052 45.9300003053916 46.3050002921106 47.9425001048919 49.149999616145
-9999 -9999 -9999 -9999 -9999 -9999 -9999 -9999 -9999 -9999 -9999 -9999 65.102499008883 65.4599990808104 67.3624992374326 68.0074996918205 68.7424983956383 69.0324993150753 68.8649997695289 69.1300010664031 69.0175018327576 66.947501192347 67.5900001540909 67.9350013711813 69.5475025088331 70.0299987721853 70.2924995540524 66.8824997013624 65.6224994696157 63.9750003899767 59.6349992894158 55.2524995762035 61.5999994091816 62.4175005038735 62.4149999661344 61.3549995443379 60.1975002422274 58.1025008998111 60.5699996949709 58.8949995230193 56.8549995635792 52.2199993210412 53.3400001597295 53.4700002543196 54.5250005703344 54.5900001557158 52.3349990831411 50.8149995858244 50.4450006572027 48.3125000082693 47.3949995070782 47.8575000795883 47.4599990835707 46.997499466504 47.4200000834736 47.3100004234316 47.5450000684172 48.3500003744419 49.2874994218186 50.6475000272967
-9999 -9999 -9999 -9999 -9999 -9999 -9999 -9999 -9999 66.9525012957004 66.9250011489609 66.0900020561372 67.2224998448703 70.8624992340562 71.2774982432323 70.9500007647457 72.0449981699857 71.8174991620873 71.6875000006547 70.4600009964392 68.782499316898 65.7374992477539 66.1650028137262 68.8649997687402 69.3725013746245 68.5550003084871 67.952499389269 66.7724990890674 65.5074977897336 62.2049999375075 58.6449995113088 55.7399997702158 61.1199989213369 61.2050008952885 61.3524999543767 61.2150011161583 57.5500002101087 57.4525003230246 57.2650003528775 55.7874994309238 53.6700000798507 54.0699996926062 55.3024997647472 55.3350000400567 56.8849992809011 55.8324995252418 52.0599994780168 50.8924999328196 49.4124994327493 49.1625003754692 50.1199998859453 48.8375005737292 48.2124996214876 47.7400007257121 47.5900011080315 48.0849990784325 47.9475002337907 47.8675003075365 47.7524995784286 49.3675012520895
-9999 -9999 -9999 -9999 -9999 -9999 -9999 -9999 65.567499162837 67.6499996158817 66.8075008354312 73.1424980108983 76.8349990876226 75.9399986275584 74.9275016774837 75.5825004557967 74.6400012991707 74.0825004638608 72.1674995443745 68.0874996236123 66.4549980191758 65.5474987129154 64.6449994949407 66.6525001493353 68.4000015283122 67.2574996995731 65.8075008458883 64.4724998518504 60.8975009994692 58.9924993624028 56.400000575931 55.7975006114638 57.1774997644483 59.8924999191335 60.5350008049077 60.0100002236643 57.7424993732103 55.2524995802051 54.4574995055228 54.0025014892779 53.6925001097627 53.5574998811611 53.3099994674844 52.8725004150066 53.1525001532259 51.9724998524074 51.3375005782862 51.2175006853295 51.8575000733768 52.2399997633678 52.5500001933374 51.8600006177254 50.5024995843421 49.6475000429985 49.0975008044678 49.7224988944264 50.3249998084009 50.8975000407261 49.5924997389466 49.5974998449688
-9999 -9999 -9999 77.3600006084879 76.5724983238979 -9999 -9999 69.1825008357047 65.7000007595952 67.8700008345898 73.3474998399428 73.9175014484081 73.2650012987386 71.7749996181945 72.5874996191249 71.292499544588 70.0025005367819 69.4324989393172 67.130001071364 67.409999857091 65.0174999269353 64.899997711592 62.860000615292 64.4124994173631 65.2200012209362 64.0975017636958 63.0749998128068 60.5275001563423 59.2500000035376 57.7124996235724 56.9275007261609 56.5000000000001 56.147500992349 55.8125000013113 55.7874994313851 55.6700000794117 55.1850004194774 54.9225006117479 54.8874998047448 55.7075004584058 55.7375001882998 56.3674993536821 56.9449996890639 54.8324995127705 55.1849994651791 54.3074998904682 53.1300001187027 53.2875003881359 53.4049987880946 53.6499996123875 55.9549999066402 55.2150001688122 52.9099998538275 51.5650005415145 50.7025003449359 50.9399995756149 51.7725000333457 53.6475000398485 54.0974998552877 53.689999592541
79.0299987789678 84.4724998467313 77.4674968729502 79.0349998472848 77.5699996984734 72.1499996214264 -9999 69.3099994605324 63.922500610441 70.1674995421181 71.1424999242781 70.3450012238439 69.0074996980835 70.2800006804315 72.5974998488385 69.6024990086081 67.6100006131552 67.8149986328559 66.809999459091 65.8324985473445 64.7524986259458 64.5274992093597 63.1550006852278 62.1899995768392 61.4999990540926 60.3175001153417 59.9050006896316 58.8575010305723 58.3225002288 57.9174995440107 57.7874994268345 57.6750011454911 57.5599994647628 58.8124999964489 58.3099994664024 59.0299997292424 61.2200002601283 59.0624999978151 61.6549997317931 62.0850000479498 62.7400007155116 63.5425004939683 62.8575010357698 60.2274999816622 57.9774999551817 58.8074998958517 60.0574998688234 57.7825002634457 59.3674993375641 59.7650003427543 58.7250003779979 56.5225000469463 54.8924999335787 53.064999579055 52.7700004613012 52.5700006549621 52.5750007593786 53.6199998785314 54.9399995604983 56.2924995436557
-9999 73.8375015256103 75.3500003790272 77.9300003039194 81.7199993133045 82.6949996931034 79.0450000823259 70.8449993212745 66.1400003420073 68.7299995506721 70.2650012957736 67.9599990875466 69.0899982399159 72.204999921284 73.1849994615121 71.7375011517029 67.0725002366768 66.0174980195475 66.1524982428554 65.5199985548083 64.1649999633003 64.7325000878483 62.6024990071258 61.5650005362113 60.9474992781784 60.0675010701848 59.9200000763954 59.3500003833606 59.4000005688852 60.0649986256962 60.0399999601071 60.9524993947307 63.0699996850222 65.0850009881132 65.2950000772174 64.4025001406944 65.4600009921 64.6825008359044 65.3575000756691 65.5575008389692 65.104999546644 64.7424983977081 64.6050014500721 64.5399990124155 63.1450014114392 63.5150003426278 63.630000114885 63.0225000433619 62.1400003375824 62.2224998479319 62.0850000283125 61.5000000096366 58.0925006991258 55.797500620516 56.0399999510316 56.0649995870603 55.9650001572276 56.7199993024858 58.9700002758536 56.3525009276274
-9999 -9999 -9999 73.5575008366332 74.6424999228187 77.9799995391922 81.2900009188544 78.5374984812162 68.9249992453732 63.4075002658584 66.4050006840568 67.9274997719627 70.7575015987471 74.4025020546118 76.5249996206634 72.8450012306737 68.4150009228339 65.7699985522192 64.940001484625 64.615001686025 62.8125000016637 62.0850009902206 61.7475004196382 62.2524995760981 63.7324991181509 66.1200008301261 67.4875011461026 65.1399993850257 64.4750013232792 66.3124999952391 66.3074989298759 65.4450016037962 65.0199985473737 65.7299995365439 65.5349998514304 65.087501522659 65.2150001515417 65.6450004550423 66.4000015224234 66.1450004585173 66.059999467566 65.0850010014888 63.8424997369071 63.2899999670033 63.0250005663415 63.2149992056895 63.6700000761162 64.0175008810533 63.7975006106754 62.8675003107039 62.0674991567652 62.8524999622953 62.6774997674589 61.2049999346352 59.9749994335173 60.3449993176984 59.0550003277242 60.4600000246419 60.0500001850371 59.3950004617394
-9999 -9999 -9999 67.7099971779639 68.9125003783363 71.467500681444 75.2050018347263 72.4324989333941 68.9249992403879 63.1374998083122 70.5075015969497 71.815000533947 71.2299995447901 74.2499999995099 74.1499996192779 72.084999079324 69.1349983258174 66.1349983295172 63.3249998102539 62.465000154412 61.7875003821155 62.1075000727848 64.5524988096927 69.2174987712451 70.917499535898 70.6050014583491 68.8500003831894 66.7774982529325 64.9899997711191 66.1500015254846 65.3549995406057 65.5825004609807 64.8850021397669 64.5174999260402 64.2199993171746 64.3474979424689 64.2525005308162 64.0224990835774 64.0950002669549 64.4374999902325 64.8000001808365 65.8074989301015 65.0949993274758 62.9825010454596 62.2474994644551 62.4500007708443 64.2399988118509 64.0424995298575 64.6350002288826 64.7300014501521 63.9449996992601 63.357500082047 62.6249999947876 63.1724996522338 63.5324983628541 62.0275001742587 58.3899994090688 56.3350000452832 56.5475006125287 56.1225004108107
-9999 -9999 -9999 -9999 -9999 -9999 72.997501370719 71.915000917372 66.3025016862191 63.4350004175665 69.8175010678429 71.5849990922488 71.4925022102198 72.2624988595234 71.8575000805455 69.9925003114931 67.7349987061219 64.897500045848 62.6899995819374 61.8699989319596 61.5475006102537 64.1350002082765 68.7575016031396 68.9699993252447 67.7049999243148 67.7075004612944 66.7350025188644 66.0624999943021 65.9724998417244 65.6574993125379 64.4950008368464 64.6199989348317 64.1125001939923 64.2600002291373 63.944998742994 62.9549999274338 62.5274991994365 62.5150003416759 62.6050004967927 62.4000005704698 63.0024995768652 63.6374988505592 63.1824989314383 62.2100000492776 62.0424995376055 61.8450012092371 63.3249988401432 65.9950008313436 65.9375000078242 64.4925003062629 64.0825004616695 63.3674993456524 64.5550002962546 64.2899999730894 62.6049995476475 61.3575000905479 57.1024990222579 54.7950000818939 54.4149990117537 54.0950002754365
-9999 -9999 -9999 -9999 -9999 -9999 -9999 70.0324993197598 63.2950000800273 65.0275010964369 70.2749996174058 69.2875022910475 69.6000003854081 69.3699989322448 68.2475013734698 67.0199985546745 64.3225011862882 62.4675006909382 61.4375000003354 61.6100006048052 65.8325014027325 68.6324996957473 67.3299999284737 66.1824989329837 65.9350013733845 66.0950012244524 65.7625007671648 65.3050003057526 64.5399980527079 64.2125005751618 63.9949998878882 63.8575000760834 63.6774997741272 63.0225000384984 62.7524995799547 62.0799999243838 61.6525001505322 62.3524999608144 62.5349998411636 62.897500039165 63.2199993093335 63.0900011081639 62.1525001561992 61.4399995841213 60.817501070792 60.7574996959098 61.8850002335866 63.8800000994759 66.9799995357544 65.3525018880563 62.3100004178808 60.2950000681324 61.6024999760367 60.3100004204333 59.8375005767307 58.3149995874829 56.4499998253396 55.1124992487536 53.6475000256919 53.7050008865831
-9999 -9999 -9999 -9999 -9999 -9999 -9999 -9999 -9999 -9999 62.3774995787491 63.1399993900879 63.5625009533526 64.4324989300929 64.6224994649593 64.3975000391676 63.2849998494598 61.7075014151633 61.002500534358 61.5624999993114 62.8599996448976 64.7275009162054 64.8325023643176 64.8424987785573 64.7000007654663 64.5049991606696 64.2875022892992 63.8925008769339 63.2624998095101 63.4574985532039 63.0399990092853 62.8275012982899 62.6874999989141 63.0799999231301 63.0399999615233 64.0299997314796 65.4524993881509 63.5024995772686 63.2699995056322 62.8175001141768 62.7350006105061 62.5549993501541 62.3675003077322 62.155000688805 61.6350011840007 61.1600008068196 60.4925003074393 61.8475007761023 65.8300008653436 63.3424988164863 59.7100000592631 58.6299991594893 57.9399995807849 57.3100013714528 56.97250080603 55.822499281407 53.9700002781412 52.752500541359 52.2475004203427 52.3149995807242
-9999 -9999 -9999 -9999 -9999 -9999 -9999 -9999 -9999 -9999 -9999 62.2450008390355 62.3550004949315 62.9925003060908 63.1925001147312 62.4774990101455 61.1099996589761 61.0549993512011 60.9849996588316 60.6525001536116 61.175000185686 62.6925010662886 63.545001029109 64.3899993845791 66.2525005346909 66.2475013808646 62.969999315682 63.0675001115268 64.1949996895467 65.6274995742158 66.4074993124527 65.7199993117314 66.0825004551904 65.4174985892988 65.2575016045113 64.0025005321263 64.3149995764115 66.170000069421 65.795000085335 64.1974992745667 63.8850002300421 63.6424989707848 63.3874998085758 63.8625001818892 63.4325008345171 64.2850007975254 64.2874994318365 64.3774995811566 66.9175014439838 61.4250002427141 57.9800004967784 57.279999737986 56.5000000034078 56.3324995036291 55.3000001962498 55.0249986654918 54.1250000046392 53.2749996209459 52.6199998841071 52.1399993916937
-9999 -9999 -9999 -9999 -9999 -9999 -9999 -9999 -9999 -9999 -9999 62.147500992535 61.9449996954688 61.8099994659424 61.4275007257203 61.1250000007988 61.1774997710709 61.0025005346087 60.8900003435347 60.6700010294098 60.5150003408573 61.9200000728056 64.3874998029726 64.6899995857688 63.1549997389606 62.4874992401531 61.9500007628383 63.7150001522736 63.5400009193388 63.0100011894297 62.5950002706395 62.5550003016886 62.897500991853 63.335000026635 65.5399970900268 67.4200000672108 67.6674976229354 -9999 66.7599983199887 66.6624984761187 66.7874984701381 67.3299999248147 67.3350010006664 66.7550010663701 67.6499996143652 68.1199989218932 68.9600009848072 67.9575023725953 63.0075016147215 60.1399994089285 58.5800008852864 57.6925001218647 57.0100002324903 56.0775003510348 55.3900003443633 55.1875009556346 54.4749994280112 54.0225000419348 53.4274997783231 52.6350002319495
-9999 -9999 -9999 -9999 -9999 -9999 -9999 -9999 -9999 -9999 -9999 62.3649988184762 62.1849994665393 61.7100000394619 61.5000000002491 61.5774993905511 61.3549995422366 61.3375005727224 60.835000993093 60.3175001157999 60.0474996587709 62.1724996599383 61.0349989000944 60.9724998449667 61.6549997335327 61.6625003825166 61.3424997326422 61.6050004984307 62.2024993714449 65.7750005773339 65.6175003045675 64.3424997046773 66.2974996406393 68.0425014495529 68.0350017508748 68.8700027402788 70.0650005316186 70.2099990875516 69.7400016770709 70.2649993851245 69.9725017531762 70.9375018967699 71.5375003858123 71.0750007546332 70.6699981740439 70.3274993949038 69.4425010853823 65.1500015421121 61.5975008067815 60.3150005366094 59.7375001987858 58.6875000034909 57.6675005007723 56.8474998514472 56.1624994303452 55.6799993555286 55.2924995430458 54.8625001921076 54.2249994321521 53.6574993156839
