socal_rasters/growingDegDays0_SPHAsouth_aggfac2.asc
NCOLS 210 
NROWS 130 
XLLCORNER -119.45 
YLLCORNER 32.483333333 
CELLSIZE 0.0166666666666667 
NODATA_value -9999 
[rows 0 to 25 of 130, columns 0 to 59 of 210]
-9999.000000000000000 -9999 -9999 -9999 -9999 -9999 -9999 -9999 -9999 -9999 -9999 -9999 -9999 -9999 -9999 -9999 -9999 -9999 -9999 -9999 -9999 -9999 -9999 -9999 -9999 -9999 -9999 -9999 -9999 -9999 -9999 -9999 -9999 -9999 -9999 -9999 -9999 -9999 -9999 -9999 -9999 -9999 -9999 -9999 -9999 -9999 -9999 -9999 -9999 64822.4999839224 -9999 -9999 -9999 -9999 -9999 -9999 -9999 -9999 -9999 -9999
-9999 -9999 -9999 -9999 -9999 -9999 -9999 -9999 -9999 -9999 -9999 -9999 -9999 -9999 -9999 -9999 -9999 -9999 -9999 -9999 -9999 -9999 -9999 -9999 -9999 -9999 -9999 -9999 -9999 -9999 -9999 -9999 -9999 -9999 -9999 -9999 -9999 -9999 -9999 -9999 -9999 -9999 -9999 -9999 -9999 -9999 64336.4999829815 67324.5000069378 66289.4999815829 64962.0000182028 63958.5000009548 62388.000020709 -9999 -9999 -9999 -9999 -9999 -9999 -9999 -9999
-9999 -9999 -9999 -9999 -9999 -9999 -9999 -9999 -9999 -9999 -9999 -9999 -9999 -9999 -9999 -9999 -9999 -9999 -9999 -9999 -9999 -9999 -9999 -9999 -9999 -9999 -9999 -9999 -9999 -9999 -9999 -9999 -9999 -9999 -9999 -9999 -9999 -9999 -9999 -9999 -9999 -9999 -9999 65726.9999920761 63855.0000142252 63022.4999963253 67333.4999802643 68350.5000149361 64561.5000179187 63031.4999892001 63153.0000105886 62918.9999773472 66284.9999947681 68098.5000026659 67585.5000006551 -9999 -9999 -9999 -9999 -9999
-9999 -9999 -9999 -9999 -9999 -9999 -9999 -9999 -9999 -9999 -9999 -9999 -9999 -9999 -9999 -9999 -9999 -9999 -9999 -9999 -9999 -9999 -9999 -9999 -9999 -9999 -9999 -9999 -9999 -9999 -9999 -9999 -9999 -9999 -9999 -9999 -9999 -9999 -9999 64142.9999778722 67531.4999999304 63783.0000228236 60750.0000170928 61667.9999736839 63436.5000097127 64314.0000025021 66914.9999883343 69786.0000039181 66996.0000180012 64102.500006211 65002.5000162276 62208.0000074346 63395.999954352 67576.5000166401 63881.9999956929 63719.9999961835 64804.5000051447 -9999 -9999 -9999
-9999 -9999 -9999 -9999 -9999 -9999 -9999 -9999 -9999 -9999 -9999 -9999 -9999 -9999 -9999 -9999 -9999 -9999 -9999 -9999 -9999 -9999 -9999 -9999 -9999 -9999 -9999 -9999 -9999 -9999 -9999 -9999 -9999 -9999 -9999 63665.999995608 64044.0000225779 60142.499988593 63895.4999902748 66226.4999950441 68724.0000118305 64174.5000166185 60471.0000172384 61294.499991402 63800.9999951049 65276.9999993743 64876.5000013585 67121.9999804125 -9999 69052.500011312 67275.000006768 65317.5000105298 65227.4999851134 68647.500005056 65974.5000072113 64705.499991892 66352.4999932995 67391.9999915013 68125.4999890409 -9999
-9999 -9999 -9999 -9999 -9999 -9999 -9999 -9999 -9999 -9999 -9999 -9999 -9999 -9999 -9999 -9999 -9999 -9999 -9999 -9999 -9999 -9999 -9999 -9999 -9999 -9999 -9999 -9999 -9999 -9999 -9999 -9999 -9999 56735.9999953946 58067.999998457 59957.9999802349 65794.4999936652 64845.0000176558 65587.4999890843 66257.9999993217 68998.5000053582 66312.0000102705 63400.5000066485 64912.4999797407 66028.4999997702 65083.5000032052 65938.5000091891 66631.5000023675 68201.9999909995 -9999 69057.0000060743 68611.4999938944 69236.9999843026 68422.4999984381 68372.999997191 68638.4999938011 69511.50000068 69367.5000131422 67869.000013672 65686.500012985
-9999 -9999 -9999 -9999 -9999 -9999 -9999 -9999 -9999 -9999 -9999 -9999 -9999 -9999 -9999 -9999 -9999 -9999 -9999 -9999 -9999 -9999 -9999 -9999 -9999 -9999 -9999 -9999 -9999 -9999 62910.0000247347 58166.9999963196 59805.0000020097 58356.0000180734 53104.5000104922 57541.4999760276 61816.4999927887 63985.4999883385 66789.0000026472 66577.4999832353 68368.4999825322 70438.5000099132 67864.4999945212 68602.4999964857 66847.5000211843 65182.499995387 66667.4999922497 68237.9999986938 68935.5000045833 -9999 69570.0000038181 70096.4999958406 -9999 68561.9999963227 68913.0000035587 69048.0000047685 68076.0000042724 66775.5000113644 64813.500009954 63603.0000200413
-9999 -9999 -9999 -9999 -9999 -9999 -9999 -9999 -9999 -9999 -9999 -9999 -9999 -9999 -9999 -9999 -9999 -9999 -9999 -9999 -9999 -9999 -9999 -9999 -9999 -9999 -9999 -9999 55826.999984819 63229.4999737887 60745.5000313886 57163.4999861974 61766.9999917354 60745.5000126065 54612.0000264398 53905.4999987192 56623.4999899021 59246.9999938134 62531.9999912662 63638.9999782805 66352.4999823928 70042.4999849517 69326.9999948874 67945.5000210068 66744.0000038241 66199.5000021115 66874.5000011989 68404.4999865327 69772.5000005838 69880.500000936 -9999 -9999 69003.0000021651 69142.4999956793 69538.4999905412 69075.0000108722 67432.5000057288 65763.0000065223 65483.9999879366 65681.9999795498
-9999 -9999 -9999 -9999 -9999 -9999 -9999 -9999 -9999 -9999 -9999 -9999 -9999 -9999 -9999 -9999 -9999 -9999 -9999 -9999 -9999 -9999 -9999 -9999 50674.4999910318 53666.9999896575 55795.5000008668 57545.9999947087 63301.4999838852 65722.5000055257 62685.0000223222 59517.0000066015 61712.9999842519 62379.000006907 57784.5000256677 56861.9999826759 60061.4999880198 60691.500003028 62567.9999788298 65722.4999911076 67729.4999832283 70672.4999909424 68359.5000010965 67994.9999934208 67743.0000004587 68256.0000021887 68184.0000068713 68354.9999893897 69817.4999922497 70762.4999927697 71581.5000073762 69641.9999971679 70146.0000001799 69619.500004321 70289.9999848281 69313.5000086787 68665.5000030096 68197.4999997034 67144.5000065343 68143.4999861948
-9999 -9999 -9999 -9999 -9999 -9999 -9999 -9999 -9999 -9999 -9999 -9999 -9999 -9999 -9999 -9999 -9999 -9999 -9999 -9999 -9999 42416.9999885479 47879.9999949736 51533.99998934 49729.5000079589 50701.4999977637 51722.9999940793 54998.9999889403 59318.9999922606 63179.9999841806 67014.0000053454 64111.5000056833 64494.0000005588 63571.5000084615 61074.0000139907 57478.4999801749 62950.4999806202 63396.0000033513 64610.999988622 66658.4999878506 68391.0000070992 -9999 69907.5000059166 68665.5000062048 69236.9999851636 68877.000007818 67625.9999988817 68057.999992981 69227.9999921663 71176.4999932802 71613.000005901 70659.0000012387 69781.500002075 69434.9999977938 71001.0000044951 69628.500007153 69853.4999967961 69583.5000095852 69407.9999955767 70253.9999995911
-9999 -9999 -9999 -9999 -9999 -9999 -9999 -9999 -9999 -9999 -9999 -9999 -9999 -9999 -9999 -9999 -9999 -9999 -9999 57995.9999987923 54589.5000143347 48856.5000004784 53099.9999860806 57653.9999970911 55102.5000115776 49698.0000130594 51416.9999904356 53594.9999931943 58117.4999866283 63566.9999840794 66829.5000068641 64808.999990365 64714.5000036286 61857.0000223354 58243.5000187925 57977.9999802354 63598.4999783616 65029.5000137243 65173.4999972883 66842.9999854757 69416.9999967994 -9999 -9999 70321.500001271 69565.5000040534 68440.5000003911 68903.9999950461 69533.9999983674 69457.4999995831 70510.4999886871 71856.0000043388 70578.0000053097 69763.5000035181 70640.999987313 70915.5000118937 70047.0000072481 70227.0000007768 70087.4999959484 70294.4999956767 70609.5000033744
-9999 -9999 -9999 -9999 -9999 -9999 -9999 -9999 -9999 -9999 -9999 -9999 -9999 -9999 -9999 67108.5000015712 66208.5000020131 65016.0000010833 63135.0000019079 61789.5000080084 59935.5000044039 59930.9999920218 60187.499997257 62473.500002302 58279.5000183175 54877.5000070582 51219.0000181267 52487.9999822306 59314.4999690918 66073.4999876794 67706.9999932909 69363.000002057 66937.5000134572 61582.4999991374 61686.0000206308 61690.4999857878 64750.4999899031 67149.0000025777 64183.5000162086 63589.4999886647 67589.9999864985 70852.4999858075 69480.0000103723 68508.0000026908 68008.5000051235 68219.9999918692 69209.9999966445 70136.9999965721 70663.4999972501 71225.9999909844 72121.5000030371 70996.5000029202 70717.500001534 71666.9999970582 71136.0000028097 70393.5000054363 71045.9999998061 70924.5000076088 70051.5000059309 69565.5000021471
-9999 -9999 -9999 -9999 -9999 -9999 -9999 -9999 -9999 -9999 -9999 -9999 67697.9999998281 67369.5000010444 66852.0000000505 66568.5000009321 66136.5000012188 65803.4999994285 65673.0000012713 65164.5000023114 64840.4999992598 65870.9999944579 65029.5000029771 62599.5000112684 58279.5000135197 55602.0000170954 52541.9999916198 57383.9999876159 60862.499977421 65533.4999948784 68530.4999934489 70636.5000020027 66307.5000212753 65506.4999902715 64948.50000077 65911.4999992062 66775.499987393 68301.0000122435 65623.5000036387 67072.4999858135 68377.4999862894 71590.499997789 70460.9999960557 70105.5000103915 69250.5000019122 68881.4999983577 70033.5000011983 70816.4999973066 70802.9999954996 72044.999995747 72386.9999998264 71914.4999972563 71905.5000033376 72013.4999999081 71504.9999953175 71180.9999963756 70996.5000028163 70501.500002866 70164.0000036193 69444.0000077711
-9999 -9999 -9999 -9999 -9999 -9999 -9999 -9999 -9999 67653.0000006204 67441.4999991879 67585.5000011266 67126.5000007088 65979.0000011141 65632.5000014702 65465.9999989343 64660.4999994608 64619.9999998791 63994.50000162 64336.4999962798 65420.999998097 66932.9999948278 66600.0000047168 64210.500003594 60286.500005686 60668.9999950059 61443.0000112057 63733.4999903121 64111.4999819275 67652.9999929022 69466.4999968038 70776.0000008661 67914.0000077063 67526.9999859552 67167.0000045058 67031.9999926797 69569.9999879577 69381.0000144344 69380.99999365 70083.0000000011 71392.4999968686 70852.5000029236 69651.0000054053 69529.500000823 68408.9999975526 68701.4999885074 70951.4999936877 71603.9999960829 72229.4999970834 72157.500006379 71383.4999992188 72004.4999986723 72252.0000012629 72220.5000004596 72117 71743.5000065808 71693.9999955338 71550.0000003955 71653.5000031167 70803.00000225
-9999 -9999 -9999 -9999 -9999 -9999 -9999 -9999 68102.9999995323 67437.0000007511 67545.0000011195 65596.5000022736 63494.9999991415 63720.0000003259 63594.0000036883 62581.5000026351 62972.9999977313 62765.9999950082 64052.9999977735 66478.499998425 66977.9999988726 67360.4999962689 67630.5000037496 66640.5000012516 65186.9999993257 65659.4999979392 66622.4999953086 67139.9999981089 68885.9999960808 69691.4999960957 70717.4999990043 70883.9999996753 70479.0000033504 69124.5000033958 68521.4999981615 68589.000003415 69871.4999873928 71131.5000008373 71680.4999995369 71837.9999991855 71856.0000023661 71869.5000027813 71896.5000010954 71955.0000037378 71365.5000017584 71954.9999990615 72044.9999968037 71896.500001388 71271.0000030002 70767.0000032325 70420.4999985251 70658.9999955756 71464.4999970232 71797.4999973342 72085.4999987826 71455.4999983787 70974.0000027192 70600.4999975299 71270.9999975875 71275.5000013294
-9999 -9999 -9999 65574.0000005531 65641.4999993589 -9999 -9999 67275.0000008503 68044.5000008328 67446.0000013387 65736.0000022018 65425.500000653 65582.9999999575 65916.0000001395 65569.5000004241 65825.9999990948 66266.9999989796 66338.9999976551 67031.9999993008 66977.9999967166 67688.9999988727 67801.4999990765 68507.9999982216 67891.5000040788 67531.500000211 67967.9999960559 68269.4999985885 69421.4999994803 69898.4999989715 70366.4999977185 70712.9999996856 70829.9999997835 70983 71131.4999994819 71149.4999991108 71284.4999987191 71410.4999998118 71540.9999994845 71671.4999999338 71302.5000003389 71212.500002157 70586.9999994286 70033.5000041622 71203.4999946917 70690.5000019111 71023.4999980448 71500.499998322 71194.499997143 70969.4999964161 70627.5000038275 69214.5000075496 69479.9999950444 70663.4999961209 71369.9999957711 71806.4999989698 71568.0000041964 70942.500003593 69934.4999995063 69772.4999972855 69938.9999930464
65497.5000001076 63733.5000002955 65722.4999998759 65101.4999999941 65425.4999989722 66788.9999993956 -9999 67261.5000012752 68431.5000000438 66861.0000002287 66447.0000000721 66599.9999992093 66851.9999995271 66406.5000016939 65722.4999993769 66505.4999999732 66995.9999990361 66928.4999981659 67243.500002066 67549.5000009043 67891.5000000352 67963.4999967122 68535.0000004639 68944.5000012516 69232.4999970101 69628.5000002191 69767.9999994533 70042.4999998581 70280.9999998041 70429.499999848 70537.4999999477 70613.9999996754 70636.5000005028 70200.0000016123 70433.9999997632 70146.0000020744 68823.000003764 70015.5000014827 68166.0000010598 67639.4999949102 66357.0000119717 65245.5000029255 66024.0000000012 68116.4999854232 69574.500006195 68930.9999956225 67846.500010947 69156.0000021223 67923.0000120015 67702.4999992352 68377.5000018227 69407.9999966375 70136.9999940461 71316.0000009194 71347.4999984081 71423.9999961853 71221.500001845 70641.0000029647 69934.5000105568 68229.0000102266
-9999 66802.5000000492 66267.0000006955 65493.000000445 64224.0000002468 63607.5000010671 64687.4999983356 66829.4999981052 67914.0000005553 67189.4999979591 66708.0000005776 67234.499999427 66847.5000014824 65952.0000009278 65614.50000157 65969.9999976566 67319.9999982426 67544.9999989177 67576.5000004132 67814.9999985928 68206.4999991901 68093.9999963798 68899.4999999616 69322.4999993943 69551.9999992421 69745.4999996055 69840.0000003643 69974.9999999054 69997.5000008325 69826.5000007601 69871.5000001569 69637.499998322 68602.5000063095 67459.5000035104 67099.5000002957 67410.0000081732 66393.0000010037 66942.0000042528 65952.0000021173 65007.0000066525 64993.4999940852 65704.5000009278 64570.5000097148 64759.4999930473 66505.4999985458 66051.0000053168 64836.0000000001 64651.4999906128 65650.4999990818 64381.5000012749 64750.4999804748 66986.9999929202 69151.4999939555 70316.9999946676 70065.0000043078 70168.4999953265 70114.4999999027 69790.5000082013 66721.500020609 63549.0000073615
-9999 -9999 -9999 66622.5000006188 66294.000000216 65286.0000007935 64120.4999991618 64871.9999981185 67202.9999982173 68391.000000392 67648.5000005238 67216.4999997037 66501.0000009023 65403.000001346 64601.9999994015 65749.4999970443 67000.499998271 67693.4999997895 67923.0000010169 68048.9999979224 68647.4999990489 69002.9999997783 69191.9999995361 69165.0000010501 68584.5000008845 67747.5000044269 67108.4999995909 68166.0000006623 68350.5000054371 67702.500002586 67531.5000008908 67936.4999994047 68053.5000009497 67522.5000039717 67594.4999975691 67788.0000019521 67464.0000017565 66811.5000012248 66064.5000033743 65830.50000129 65524.4999958942 66541.4999923689 67513.4999981739 67684.4999966356 67680.0000045883 67234.4999916341 67023.0000019175 65650.5000035089 65092.5000035826 62622.0000159894 61870.4999846412 65087.9999784079 66501.0000072177 67994.9999906232 68764.4999967228 68395.4999945643 69169.4999874742 68013.0000136364 66032.9999883373 66545.9999936589
-9999 -9999 -9999 68008.4999998261 67594.5000008586 66892.5000011809 65933.9999992409 66523.4999995751 67202.9999991527 68418.0000000654 66690.0000010827 66289.5000000199 66388.4999992052 65637.0000001393 65461.4999998755 66055.500001518 66752.9999988093 67571.9999978954 68372.9999991735 68552.9999993299 68777.9999996478 68859.0000006648 68229.0000017777 66748.5000035932 65866.5000032418 65960.9999948292 66878.9999990896 67715.9999967862 68480.9999996078 68098.5000002536 68328.0000003146 68287.5000001626 68611.4999990509 68786.9999982734 68935.4999976883 68831.9999985365 68755.5000014433 68733.0000033511 68494.5000011251 68017.500007535 67707.0000069599 66820.5000049216 67274.9999916734 68570.9999904312 68850.0000018357 68593.4999983584 67356.0000033558 67225.5000098761 66068.9999973323 66285.0000025521 63351.0000130176 62986.5000057536 62329.4999907073 64687.4999855658 66131.9999926949 68030.9999814982 70298.9999899015 71311.499995356 71207.999998191 71415.0000032726
-9999 -9999 -9999 -9999 -9999 -9999 66442.5000005912 66653.9999994851 67796.9999983343 68359.5000005062 66888.0000001448 66410.9999982603 66321.0000006448 66203.9999990717 66185.9999988035 66577.499998269 67144.499998951 67855.4999984064 68314.4999994597 68521.4999997655 68584.4999997535 68197.5000042483 67095.0000003865 67004.9999959617 67549.4999995367 67616.9999987727 67877.9999991801 68193.0000003781 68274.0000018614 68557.4999999492 68899.4999998427 69007.4999991881 69164.9999993298 69173.9999995396 69394.4999991108 69763.499999329 70038.0000002508 70096.5000017398 69984.0000001322 69934.5000019684 69615.0000027835 68958.0000008554 69304.5000027025 69731.9999941688 69651.0000025998 69664.5000069577 68692.5000103072 66001.5000141197 65983.4999847495 67648.5000007651 67765.5000002595 67810.5000082288 67171.5000096525 67211.9999834516 68827.4999957854 69052.4999855979 71500.4999944653 72436.4999979247 72638.9999985923 72760.4999986705
-9999 -9999 -9999 -9999 -9999 -9999 -9999 67031.9999985572 68327.9999992111 67923.0000022209 66721.5000003794 66905.9999996047 66779.9999992697 66824.9999995825 67036.5000001747 67270.4999991747 67828.4999991212 68161.4999993686 68332.4999999046 68395.5000009045 67675.5000013732 67144.5000003326 67517.9999986084 67918.4999991521 67936.4999993685 68057.999999036 68251.4999993169 68503.4999991967 68818.4999995593 68989.4999990368 69205.4999990043 69281.9999996753 69484.4999987157 69758.9999993095 69929.9999989331 70289.9999998781 70465.500000439 70461.0000003868 70429.5000016541 70208.9999987784 69948.0000020879 69983.9999998576 70402.4999971517 70726.4999991777 70969.4999996177 70834.5000014857 70114.4999986421 68809.5000103666 66010.5000035841 67733.9999874114 69556.5000016491 70578.0000028321 69862.4999943166 70483.5000010116 70784.9999975653 71491.4999960901 72184.4999931064 72706.4999957511 73210.5000039209 73304.9999959099
-9999 -9999 -9999 -9999 -9999 -9999 -9999 -9999 -9999 -9999 68386.5000001263 68170.5000001383 67977.0000001288 67756.5000004409 67693.5000000249 67693.4999998668 67922.9999994897 68201.9999989777 68300.9999998729 68256.0000000001 68098.5000014441 67814.9999994827 67959 68017.4999997173 68093.9999998316 68345.999999737 68539.499999499 68759.9999995274 69002.9999997061 69137.9999996957 69335.9999987422 69664.4999992964 69839.9999996649 69920.9999993093 70024.5000002965 69876.0000003661 69403.5000011912 70168.5000009665 70469.9999980156 70803.0000002715 70771.5000002087 70821.0000005705 70892.9999992695 71041.4999988786 71257.4999994646 71351.99999828 71459.9999996803 70686.0000135484 68139.0000083329 69560.9999802663 71396.9999895864 71869.5000018578 72071.9999999997 72301.5000002755 72436.4999989694 72904.4999976155 73453.4999956305 73952.9999976283 74128.499998693 74097.0000004089
-9999 -9999 -9999 -9999 -9999 -9999 -9999 -9999 -9999 -9999 -9999 68332.5000002175 68206.5000001934 68013.0000000464 67950.0000000001 68021.9999994675 68165.9999996031 68202.0000000601 68130.0000001272 68112 68053.5000008806 67945.4999997413 67950.0000002319 67981.5000006864 67774.4999995365 67931.999998159 68597.9999997268 68777.9999999054 68742.0000004895 68679.0000007096 68696.9999997902 68984.9999994587 68998.5000000554 69336.0000001148 69560.9999992886 70019.999999146 70074.000000878 69466.5000023841 69785.9999962955 70487.9999997284 70708.4999985385 70830.0000005705 70951.4999991965 70654.5000039619 70776.0000038242 70204.5000014852 70123.4999957645 69849.0000004884 68292.0000049998 71216.9999768646 72778.4999995662 72908.9999985842 73219.4999993687 73228.5000006439 73507.4999985954 73660.4999987603 73943.9999980581 74236.4999985178 74411.9999983914 74506.4999988752
-9999 -9999 -9999 -9999 -9999 -9999 -9999 -9999 -9999 -9999 -9999 68404.4999999012 68364.0000001719 68314.4999999767 68197.4999999751 68170.4999999734 68116.5000000284 67972.5000000301 67945.4999999683 67985.999999866 67896.0000004227 67797.0000002217 67621.5000003479 67720.4999990711 68143.4999992841 68354.9999988605 68624.9999993624 68634.0000000944 68836.4999994609 69205.4999983267 69421.499998585 69646.499999621 69785.9999992181 69894.0000017267 69543.0000027272 69259.5000023793 69174.0000031362 -9999 69758.9999996034 69772.4999989822 69768.0000025056 69390.0000000005 69164.9999944494 69574.5000012713 68926.5000054306 68319.0000065682 67680.0000057532 68233.4999928981 71225.9999923319 72512.9999923444 73052.9999987851 73358.9999980531 73691.9999967522 73975.4999995402 74173.5000006555 74245.500000286 74357.9999982521 74474.9999996046 74641.499998894 74808.0000002045
-9999 -9999 -9999 -9999 -9999 -9999 -9999 -9999 -9999 -9999 -9999 68283.0000000395 68260.4999999355 68283.0000000928 68175.0000001994 68035.5000002396 67936.5000001416 67900.50000003 67895.9999999364 67864.4999999664 67819.4999998943 67558.4999993721 67738.4999993428 67940.9999998385 68111.9999996631 68354.9999996494 68588.9999992713 68809.4999990076 68940.0000023509 68584.4999989348 68800.49999827 69264.0000042215 69043.500002401 68872.5000000577 69038.9999992886 68895.0000014641 68454.0000013799 68305.4999978736 68647.5000013889 68166.0000018999 68179.5000020179 67477.5000097706 66824.9999957632 66960.0000073262 67391.9999955644 67369.4999969511 68120.9999873761 70784.9999905324 72620.9999983332 73124.9999982989 73237.4999971365 73678.4999993806 74006.9999980154 74276.9999981614 74560.499998408 74681.9999994278 74663.9999998058 74789.9999996048 74902.4999992963 75032.999999591
