socal_rasters/growingDegDays0_SPHAsouth_aggfac2.asc
NCOLS 210 
NROWS 130 
XLLCORNER -119.45 
YLLCORNER 32.483333333 
CELLSIZE 0.0166666666666667 
NODATA_value -9999 
[rows 104 to 129 of 130, columns 120 to 179 of 210]
-9999 -9999 -9999 -9999 -9999 -9999 -9999 -9999 -9999 -9999 -9999 -9999 72733.4999806465 73921.5000061938 74132.9999990755 73413.0000041911 73399.4999997655 73606.4999988186 73732.499997858 73858.4999992808 73561.5000132788 73340.9999990272 73305.0000034283 73210.4999898896 73179.0000134087 73687.4999837479 74502.0000125874 74920.4999896077 74785.500024753 75032.9999506745 76553.9999927586 76383.0000546689 73764.0000178199 72715.4999960431 71180.9999989372 72013.4999938525 70519.5000293094 63229.5000917481 66289.4999605046 72796.4998182796 76315.5001641053 68912.9999600352 70406.9999285103 73732.4999766783 74065.499986148 71023.5001606786 60741.0000709541 62005.4999663243 60831.0000550123 59188.5000358257 56686.5000436556 54859.4999832012 55210.5000109678 53023.5000372684 51133.5000254884 51466.4999966823 51624.000019411 50251.4999935942 49756.5000162573 49616.9999993833
-9999 -9999 -9999 -9999 -9999 -9999 -9999 -9999 -9999 -9999 -9999 -9999 72404.9999954462 73241.999983941 73556.9999990755 73435.4999979045 73791.0000023454 73646.9999952745 73759.499995002 73844.9999995206 73939.5000045873 73516.5000094831 73642.4999933887 73579.5000061645 73277.9999985102 73898.9999794977 74997.0000281961 75635.9999837785 74191.5000242429 74821.4999889532 76324.4999743977 77840.9999984381 73768.5000243713 74362.5000092331 75334.499924867 78133.499960186 78255.0000075304 76859.9999621106 75186.000062103 76603.499940524 77647.5000940494 74105.9999317269 74065.5001080655 70559.9998016383 72954.0000565364 69741.0000858848 64755.0001035711 62847.000001151 59638.500050091 56150.9999796106 55268.9999613258 55889.9999994103 55516.5000133396 51898.5000301123 51209.9999946024 53406.0000235244 52330.4999930241 50481.0000018302 49927.5000868076 49081.4999855028
-9999 -9999 -9999 -9999 -9999 -9999 -9999 -9999 -9999 -9999 -9999 -9999 72373.49999112 72809.9999995412 72895.4999956084 73237.4999974389 73453.4999988272 73561.4999978735 73705.4999954781 73939.4999968837 74092.4999973442 74105.999995137 73309.5000198347 73714.4999829849 74191.4999729339 74596.4999932491 76193.9999924475 75361.5000124201 75649.500008931 75752.9999763647 76994.9999984479 77773.4999877647 77611.4999976412 77008.4999960425 77589.0000010626 76882.5000312646 74209.5000121015 74294.9999594026 74650.4999071233 76522.5001192294 70888.500016272 66577.5001246092 64795.5000488697 62671.4999204901 66987.0000333585 65367.0000858861 61069.5000763924 59692.5000515217 59094.0000289546 57910.5000026212 56830.500013184 57500.9999846748 56101.4999878461 54171.0000268318 52029.0000221891 55219.4999158584 55224.000004852 53914.5000326359 49941.0000680961 49464.0000092538
-9999 -9999 -9999 -9999 -9999 -9999 -9999 -9999 -9999 -9999 -9999 -9999 72427.499995674 72809.9999944941 73169.9999981508 73214.9999976716 73457.9999967163 73462.499997401 73844.9999966681 74078.9999980823 74168.9999971028 74155.50000462 73359.0000151822 73799.9999625178 75041.9999647402 75168.0000060009 76580.999994965 76207.49999924 77048.9999928549 77359.4999915222 77624.9999948278 77845.4999971364 77836.5000070751 76972.5000076493 76518.0000100887 76230.0000090853 75739.5000018826 75069.0000319365 75401.9999602344 75303.0000213784 73687.5000201337 69646.5001345993 62487.0001686636 57091.4999542036 64606.4998985176 66145.5000554559 63216.000027468 58311.0000869214 56596.4999823372 57941.999946989 58900.5000090827 57838.5000686669 57028.5000240101 55782.0000321997 55102.4999919041 56857.4999592867 55921.50002396 52681.500118042 50049.0000055216 48856.5000200498
-9999 -9999 -9999 -9999 -9999 -9999 -9999 -9999 -9999 -9999 73156.5000096429 71869.5000196601 72350.99996357 72985.5000103232 73093.4999905238 73381.499998836 73570.49999742 73633.4999940932 73898.9999957161 74195.9999942468 74524.4999983099 74592.0000009726 73750.5000095501 73093.5000313169 75919.4999868397 76409.9999989999 76702.4999942097 76994.9999984792 77206.4999982137 76914.0000210667 76238.999985001 76792.4999960953 77292.0000131024 76855.5000071219 76833.000004779 74295.0000550458 70596.0000462564 73070.9999074382 75334.5000068094 73777.5000309715 71820.0000430249 69678.0000366325 67536.0000273645 64745.9999263853 67338.0000220495 66244.5000048354 64912.500058652 60813.0000777103 58504.5000361908 58342.5000171839 58032.0000152362 55570.5000934217 53360.9999833996 55480.4999794279 57091.4999781095 57636.00005911 54553.5000852276 51768.0000372122 50620.4999972395 49050.0000487364
-9999 -9999 -9999 -9999 -9999 -9999 -9999 -9999 -9999 -9999 -9999 71514.0000054235 71851.4999792801 73273.5000107822 73003.4999960709 73286.9999967404 73412.9999971854 73628.9999976373 73822.49999881 74141.9999956851 74646.0000024143 74920.4999948941 74326.5000026938 75361.5000066583 73296.0000238377 74420.9999594944 75343.4999881673 76346.9999954371 77084.9999984688 76936.5000079641 76126.5000012937 76144.5000148388 76239.0000026203 74907.0000152978 73476.0000223007 73304.9999861045 74267.9999822507 75019.4999894455 73206.0000424887 72292.5000030141 72036.0000303383 70546.5000024982 70087.5000432835 68616.0000696791 66599.9999813435 67315.4999718473 65097.0000629422 61906.5000348253 59841.0000353236 58945.5000096119 56983.5000459992 56052.0000389015 55232.9999958501 57280.4999776392 56816.9999628169 57780.0000241266 55854.0000582336 53401.5000216564 49437.0000141103 49283.9999876618
-9999 -9999 -9999 -9999 -9999 -9999 -9999 -9999 -9999 -9999 -9999 73133.9999945765 73192.4999938519 73939.4999814176 73660.5000108629 73363.4999979045 73534.5000007036 73593.0000023628 73786.499995478 74276.9999913702 75150.0000130374 75910.499992462 75838.5000237527 75208.50001159 74187.0000322803 73741.4999602446 74591.9999944615 74812.5000048159 76733.9999954067 76927.4999971741 77022.0000025861 76806.0000031238 76513.500012316 74061.0000511719 72459.0000069028 73273.4999612538 76693.5000217835 75896.9999902561 75366.0000250571 72679.4999750573 72733.5000548847 70883.9999994447 72193.5000376981 71037.0000196688 66258.0001486913 62635.4999963022 61033.4999773973 60804.000032236 60660.0000075275 59206.5000300007 59084.9999736301 57258.0000182712 57950.9999602782 56920.5000271306 56452.5000398819 55359.0000398095 55552.4999305445 56173.5000844904 50188.5000322073 50665.4999225769
-9999 -9999 -9999 -9999 -9999 -9999 -9999 -9999 -9999 -9999 -9999 -9999 73849.4999974954 -9999 74434.5000071651 73647.0000027941 73624.5000063329 73813.499990313 73826.9999961921 74830.4999959252 75541.4999814097 75717.0000175071 75222.0000034282 74245.5000110966 74654.9999875845 74852.9999939993 75064.4999937064 75114.0000020279 76495.4999900476 76787.9999974309 76860.0000015516 76864.5000002603 76441.5000070751 76166.9999889219 74299.5000384975 74470.4999687365 77274.0000150603 76783.5000230054 74056.5000422171 73273.4999734142 -9999 73728.0000521739 74965.5000170337 73638.0000309054 72625.5000121565 67059.0000557387 64296.0000274663 62437.5000181333 62685.000030113 64381.5000189347 62482.5001403403 58383.0000141442 56385.0000403134 56618.9999970181 55566.0000131941 54521.9999891432 53343.0000018203 56772.0001024875 52146.0000472379 51889.4998812442
-9999 -9999 -9999 -9999 -9999 -9999 -9999 -9999 -9999 -9999 -9999 -9999 -9999 -9999 74492.9999958397 74016.000008382 74020.4999875684 74933.9999877137 75366.000000952 75163.500017979 75087.0000014491 75262.5000055927 75073.5000036733 75257.9999960547 75181.4999927989 75473.9999944994 75388.4999967273 74619.0000273748 74902.4999818828 75690.000002056 75784.500000776 76450.5000059877 75519.0000083855 76580.999937222 77224.5000273461 76630.4999794256 77166.0000209767 75496.5000197566 75257.99998856 74785.5000501578 71990.999995036 68796.0000177617 65519.9999558807 68291.9999707803 69272.9999756905 67365.0000233204 63931.5000552175 62509.5000020148 66905.9999235604 64120.5001348588 57357.0000574257 55178.9999787808 55930.5000103748 55449.0000041743 56079.0000077963 55372.5000039204 55385.9999915074 59958.0000292813 55183.5000070537 54377.9999426258
-9999 -9999 -9999 -9999 -9999 -9999 -9999 -9999 -9999 -9999 -9999 -9999 73849.4999956738 74155.4999942647 74447.9999944529 74340.0000097786 74276.9999929629 74304.0000085053 73863 73984.4999964043 74330.9999956541 74681.9999990273 74731.5000007346 75041.9999960546 75257.9999955304 75136.5000002498 75577.4999972309 75249.0000050697 74884.5000074009 75167.9999866412 76220.9999906902 76783.4999960952 76778.9999863737 76905.0000174089 74866.5000793815 72260.9999321266 75577.5000008055 73066.500073345 68683.5000814358 71635.499955323 71248.5000278566 69781.5000080484 67932.0000413283 63418.5000542258 63139.4999550528 64016.9999954486 64575.0000005722 67418.9999021424 67738.500111473 62397.0000378651 59535.0000386756 56317.5000333034 55385.9999845855 55480.4999991059 56654.9999730121 56232.0000168889 57199.4999135605 61487.9999780388 59220.0001104264 57082.5000120303
-9999 -9999 -9999 -9999 -9999 -9999 -9999 -9999 -9999 -9999 -9999 -9999 73187.9999990895 73691.9999926588 74335.4999951463 74717.999997206 74061.0000065671 73777.4999931481 73961.999993812 74096.9999937674 74443.5000002413 74762.9999927053 74871.0000073463 74776.4999928488 75104.999993544 75325.4999987499 75901.4999921957 75672.0000162222 75501.0000000002 75703.4999951189 76832.9999917245 76927.499993492 77102.9999968556 76545.0000089685 74772.0000403548 72396.0000053433 71185.5000121021 71766.00004168 70105.5000373143 68458.5000024676 68044.5000146186 68107.4999436627 67292.9999983251 62707.5002121283 61154.9998976688 63778.4999803754 66491.9999628046 68269.4998736449 64813.5001381131 61326.0000233017 58360.5001016669 56866.5000138525 54877.4999125551 58400.9999600477 59319.0000323846 56754.0000030158 58189.4999244781 62059.4999862741 61245.0000472376 58166.9999697705
-9999 -9999 -9999 -9999 -9999 -9999 -9999 -9999 -9999 -9999 -9999 -9999 72607.4999806462 73912.4999965589 -9999 -9999 74803.4999992963 74254.500000709 74331.0000033321 74411.9999889732 74924.9999956543 74974.4999987842 74830.5000051424 74898.0000019727 75010.4999947855 75311.9999954994 75870.0000035245 74609.9999822575 75478.4999951515 75730.4999874115 76221.0000274121 75469.4999898463 75329.9999984272 74875.5000160902 74056.4999811502 74042.9999994657 73309.5000341541 69736.4999764529 70735.5000367707 66910.500060026 65636.9999988974 64552.5000296958 61429.5000354637 60300.0000050572 65515.4998515922 70051.4999286198 72099.0000349048 68670.0000195714 63283.4999765478 63949.5000375737 61933.50003135 58230.0000795723 56231.9999899225 57977.9999481226 61352.9999778099 60421.5000738886 59930.9999538988 62131.500013726 60700.500009509 61240.5000089458
-9999 -9999 -9999 -9999 -9999 -9999 -9999 -9999 -9999 -9999 -9999 -9999 72526.4999583326 -9999 74011.4999979199 -9999 -9999 74736.0000018902 74565.0000019039 74857.499994966 74929.4999992756 75042.0000009726 75015.0000014693 74969.9999980275 74974.5000007451 75203.9999814979 75798.000002014 75950.9999929028 -9999 76140.0000056518 72409.5000395689 72611.9999781336 73493.9999905659 73997.9999920866 74281.4999923007 74569.5000264535 73422.0000274308 71518.4999309835 73012.4999741245 71788.5000512539 66510.0001759658 63823.4999736376 64975.5000036307 65888.9999657207 69421.4999714483 68427.0000000001 73493.9999771115 68701.5002017652 65128.5000414044 63207.0000489328 61069.5000336934 59877.0000053048 58491.0000249001 57298.4999645208 60740.9999514221 -9999 62086.4999845313 61865.9999652282 61411.4999469338 60858.0000438013
-9999 -9999 -9999 -9999 -9999 -9999 -9999 -9999 -9999 -9999 -9999 -9999 -9999 -9999 -9999 -9999 74258.9999990618 -9999 -9999 74834.9999952057 74992.49999831 74951.999998541 74920.5000022039 74718.000002959 74529.0000029797 75001.4999912492 75753.0000020141 -9999 74943.0000382775 73219.4999858691 68782.5000162935 71104.4999513196 74241.0000052411 73179.0000131881 74101.499942919 75316.5000061459 74682.0000010761 74686.5000089314 74025.0000582867 71028.0000487872 64444.5000190317 64813.4999691963 64350.0000955022 63377.9999904467 65600.9998987976 68480.9999726969 72796.4999487871 71964.000041447 70510.4999997129 66663.0000739842 64845.0000369185 61722.0000601212 59543.9999952575 59922.000046511 -9999 -9999 62109.000015165 61118.9999945096 61105.5000131895 60727.4999793336
-9999 -9999 -9999 -9999 -9999 -9999 -9999 -9999 -9999 -9999 -9999 -9999 -9999 -9999 -9999 -9999 -9999 -9999 -9999 -9999 74744.9999995172 74749.4999982979 74902.5000036731 74695.5000022193 74983.4999987584 75671.9999839981 75910.4999992449 75739.5000134339 74349.0000296017 73354.4999791904 73579.4999800866 74870.9999880247 73944.0000283012 71586.0000142429 74254.4999572553 75046.500000802 75217.4999733758 75447.0000140735 74565.0000261469 72598.4999958879 72445.4999875883 67630.5000219246 65875.5000511019 64098.0000494494 64093.4999867136 66415.4999530759 70127.9999364848 67293.000032813 65403.000029536 67972.5000288392 68638.5000049842 67680.0000477452 68782.4999700595 67680.0001371455 60146.9999574186 60493.5000087462 61303.4999978771 61960.4999759031 61155.0000055209 62576.9999888951
-9999 -9999 -9999 -9999 -9999 -9999 -9999 -9999 -9999 -9999 -9999 -9999 -9999 -9999 -9999 -9999 -9999 -9999 -9999 -9999 74483.9999956541 74627.9999975685 74884.4999953474 74951.999997041 75402.0000014898 75028.4999967492 74821.4999957202 74767.5000053225 74403.0000081658 74268.0000005138 74465.999990173 74398.5000273342 71689.5000317076 71203.5000176727 74803.4999646891 75136.500004543 75438.0000279683 74506.4999959398 75307.5000046303 74452.5000134307 73354.4999815212 67990.5001046282 64296.0000284831 62604.0000269725 64943.9999428981 69236.9999135474 73368.0001058596 68728.5000739715 66442.4999829179 66563.9999784464 64440.0000990302 62828.9999770133 65790.0000160074 62289.0000304103 63886.5000236879 63454.4999816031 62149.4999978774 62896.4999704132 63053.999990798 63445.5000348557
-9999 -9999 -9999 -9999 -9999 -9999 -9999 -9999 -9999 -9999 -9999 -9999 -9999 -9999 -9999 -9999 -9999 -9999 -9999 -9999 74272.4999987928 74308.5000007295 74479.499996327 74628.0000009865 74511.0000049662 74344.4999987499 74168.9999974826 74285.9999949307 74141.9999979587 74029.4999910084 74601.0000025861 75069.0000088511 74735.9999999998 74119.5000218921 74717.9999888494 73827.0000315317 73044.0000021526 73426.500013803 74281.4999735808 73692.0000219274 73953.000018755 71271.0000971335 66204.000025131 63346.5000238804 65816.9999621204 72031.4998029196 74578.5001004232 66892.5000572771 64822.5000437213 62937.0000069899 63715.4999721654 65668.4999448892 65911.5000358676 62374.5000718527 59512.5000296869 59885.9999601912 62221.4999560215 64034.9999853589 64322.9999834358 64417.5000015423
-9999 -9999 -9999 -9999 -9999 -9999 -9999 -9999 -9999 -9999 -9999 -9999 -9999 -9999 -9999 -9999 -9999 -9999 -9999 -9999 -9999 74056.4999987842 74173.5000012243 74276.9999990136 74200.5000022347 74051.9999999999 74065.4999942098 74232.0000020279 73921.5000089315 73966.4999858703 74731.500010603 -9999 74857.5000002619 74663.9999999994 73363.5000321239 71419.5000809652 65767.4999416402 71644.4999759118 72126.0000054467 72477.0000476905 72035.9999663513 72535.5000158188 69021.0001083473 69772.5000053409 69983.9999785183 74821.4998939254 72513.0000761024 66608.9999902144 63567.0000996024 65200.4999000945 66707.9999941406 65817.00003006 63900.0000492063 60687.0001055427 58329.0000077966 59831.9999499374 62995.4999311507 64507.4999899343 65159.9999803687 65173.5000064775
-9999 -9999 -9999 -9999 -9999 -9999 -9999 -9999 -9999 -9999 -9999 -9999 -9999 -9999 -9999 -9999 -9999 -9999 -9999 -9999 -9999 73836.0000009727 73975.4999977962 74110.4999967943 74276.9999990067 74195.999999 73957.5000042797 74092.4999987326 74043.0000020414 74416.4999848424 75177.0000082752 74592.0000156197 72603.0000041936 72009.0000079142 69399.0001136312 67275.0000961972 60327.0000161371 65402.9999648182 67405.499986656 69025.4999290119 71252.99995918 72422.9999467156 72738.0000005586 74578.499902506 76077.0000163958 75766.5000395297 73611.0000881203 68877.0000587159 67536.0000086853 66996.0000186416 66447.0000111336 64836.0000271136 63355.5000038533 62261.9999707811 61150.5000506766 62599.4999586827 64862.9999150743 66073.4999887138 65267.9999926383 64003.5000305374
-9999 -9999 -9999 -9999 -9999 -9999 -9999 -9999 -9999 -9999 -9999 -9999 -9999 -9999 -9999 -9999 -9999 -9999 -9999 72886.5000011986 -9999 73601.9999970821 73916.9999965718 74236.4999928488 74497.4999962754 74618.9999914988 74763.0000050349 74772.0000040556 74641.4999762682 74798.9999917784 74754.0000051715 73854.0000223881 72319.5000322327 71077.5000888926 67176.0000610635 62842.5001028759 61622.9999187853 61479.0000346446 64377.0000223365 67396.4998177323 72863.9999961387 74227.4999508777 74394.0000552919 72549.0000230369 67977.000011305 66523.4999445421 69308.999943349 70614.0000126628 69376.4999794425 68827.5000305845 68170.5000489304 65754.0000223988 65281.4999421979 68098.5000599275 65497.4999469256 67850.9999981903 66361.5000476176 64593.000042702 63512.999990184 63688.500008945
-9999 -9999 -9999 -9999 -9999 -9999 -9999 -9999 -9999 -9999 -9999 -9999 -9999 -9999 -9999 -9999 -9999 -9999 -9999 72638.9999990412 72872.9999951713 73309.4999948938 73723.4999963269 73872.0000009863 73822.5000037247 73053.0000055008 73228.499997231 73259.9999974654 73498.4999946411 73669.4999982017 73683 73696.5000028637 73080.000029349 71505.0000284876 68728.5000469931 65600.9999893104 65411.9999257748 67275.000070367 70096.499965952 71536.4998336275 75883.4999892432 75811.4999569831 75307.5000779088 69502.500101989 64710.0001142042 59903.9999476721 67832.9999216069 70006.4999715052 70888.4999944981 71437.5000096117 71001.000014063 70159.5000421423 70177.5000008886 67945.50006291 68359.4999589195 67180.500082934 63855.0000266909 65398.500008235 64903.500021778 63769.499987353
-9999 -9999 -9999 -9999 -9999 -9999 -9999 -9999 -9999 -9999 -9999 -9999 -9999 -9999 -9999 -9999 -9999 -9999 -9999 72621.0000004795 72908.9999966199 73295.999993678 73732.4999948577 74051.9999950682 74020.5000072012 72927.000008001 73124.999992951 73255.4999997465 73399.4999982137 73547.9999984585 73584.0000036205 73804.4999914093 74065.5000023585 73786.5000160905 71991.0000578786 71846.9999433516 72985.4999959683 74686.5000511526 74506.4999457986 75186.0000148006 75163.4999947595 75491.9999983341 75712.4999879922 73890.0000522606 69615.0000904601 67112.9999596186 71140.499996281 71464.4999720814 71662.500018241 70209.000025631 69542.9999501913 70047.0000135556 69250.5000222304 69092.9999189029 70105.4999871054 69686.9999704444 68184.0000721863 65466.0000298922 64948.5000101217 64881.0000030844
-9999 -9999 -9999 -9999 -9999 -9999 -9999 -9999 -9999 -9999 -9999 -9999 -9999 -9999 -9999 -9999 -9999 -9999 -9999 -9999 72675.0000091747 72742.4999953806 73048.4999987762 74033.9999950682 74375.9999925507 74497.5000087509 73831.5000284475 72980.9999969584 73282.4999966826 73394.9999953756 73574.9999958622 73952.999996876 74438.9999868975 75253.4999934052 75262.4999795565 74979.0000026719 72445.5000497531 71541.0000146153 72589.4999539711 75325.4999838292 75104.9999966907 75069.0000038853 74767.4999991623 74394.0000196681 72328.5000031108 70829.9999869176 70749.0000652328 69592.5000290713 69210.0000063703 68634.0000419425 65367.0000427757 64390.4999395858 65286.0000059294 63756.0000256405 63288.0000113955 64624.4999243032 -9999 -9999 -9999 -9999
-9999 -9999 -9999 -9999 -9999 -9999 -9999 -9999 -9999 -9999 -9999 -9999 -9999 -9999 -9999 -9999 -9999 -9999 -9999 -9999 72189.0000217291 71932.499992462 72031.5000046524 72607.4999741077 73831.4999863425 74506.4999917489 74695.5000032728 74137.5000103929 73552.5000298573 73916.9999933209 74686.4999925009 75244.500013277 75208.5000154604 74709.000014771 74600.9999968139 74691.0000053441 72958.4999970424 70015.5000700985 66883.4999327273 72193.49992627 74758.4999848307 75082.4999997224 74133.0000268075 -9999 -9999 -9999 -9999 -9999 -9999 -9999 -9999 -9999 -9999 -9999 -9999 -9999 -9999 -9999 -9999 -9999
-9999 -9999 -9999 -9999 -9999 -9999 -9999 -9999 -9999 -9999 -9999 -9999 -9999 -9999 -9999 -9999 -9999 -9999 -9999 -9999 71523.0000284897 71028.0000019454 71320.4999933885 71406.0000088774 71459.9999880815 72967.4999602458 73934.9999788536 74641.4999951843 74879.9999964275 75163.4999956327 75082.5000049137 74168.9999953144 74137.5000023583 73831.5000092321 73579.4999954869 73939.4999943887 72751.5000406091 68323.5001848539 -9999 -9999 -9999 -9999 -9999 -9999 -9999 -9999 -9999 -9999 -9999 -9999 -9999 -9999 -9999 -9999 -9999 -9999 -9999 -9999 -9999 -9999
-9999 -9999 -9999 -9999 -9999 -9999 -9999 -9999 -9999 -9999 -9999 -9999 -9999 -9999 -9999 -9999 -9999 -9999 -9999 -9999 70987.5000287308 70748.9999907604 70739.9999970615 -9999 70699.5000042211 -9999 -9999 -9999 -9999 -9999 -9999 -9999 -9999 -9999 -9999 -9999 -9999 -9999 -9999 -9999 -9999 -9999 -9999 -9999 -9999 -9999 -9999 -9999 -9999 -9999 -9999 -9999 -9999 -9999 -9999 -9999 -9999 -9999 -9999 -9999
