socal_rasters/growingDegDays0_SPHAsouth_aggfac2.asc
NCOLS 210 
NROWS 130 
XLLCORNER -119.45 
YLLCORNER 32.483333333 
CELLSIZE 0.0166666666666667 
NODATA_value -9999 
[rows 26 to 51 of 130, columns 120 to 179 of 210]
69696.0000331297 70226.9999590775 73246.4999922115 73903.4999879035 74344.500009627 73525.5000122914 72301.5000015202 69430.50007734 64192.5000775039 64291.4999156586 64467.0001094335 62567.9998987639 61231.5000484969 62338.5000176632 61852.4999724944 60759.0000335274 57514.5001100025 56398.5001117563 47187.0000742559 43195.5000136621 -9999 -9999 -9999 -9999 -9999 -9999 -9999 -9999 -9999 -9999 -9999 -9999 -9999 -9999 -9999 -9999 -9999 -9999 -9999 -9999 -9999 -9999 -9999 -9999 -9999 -9999 -9999 -9999 -9999 -9999 -9999 -9999 -9999 -9999 -9999 -9999 -9999 -9999 -9999 -9999
72404.9999855058 73147.499977243 73575.0000164199 74065.4999624372 75311.9999952935 75523.4999993532 75842.999996957 75766.5000111746 74254.5000112632 72058.5000954696 72139.4999773524 71072.9999701739 70240.5000070579 66879.0000582696 65659.4999396769 67162.4999532013 66901.5000752924 58252.5001183733 54526.5000511723 52874.9999712373 49567.5001779386 -9999 -9999 -9999 -9999 -9999 -9999 -9999 -9999 -9999 -9999 -9999 -9999 -9999 -9999 -9999 -9999 -9999 -9999 -9999 -9999 -9999 -9999 -9999 -9999 -9999 -9999 -9999 -9999 -9999 -9999 -9999 -9999 -9999 -9999 -9999 -9999 -9999 -9999 -9999
73678.4999973078 74186.9999916485 74906.9999920009 75743.9999932088 75964.4999989301 76328.9999965494 76535.9999982609 76931.9999934271 77359.4999962461 77445.0000031153 76797.0000179397 74911.5000336691 72175.5000603367 70555.5000245451 70006.5001402957 67985.9998640261 68845.5001245475 63027.0000042543 64115.9999947618 62982.0000469834 57775.5000832936 53468.9999659552 -9999 -9999 -9999 -9999 -9999 -9999 -9999 -9999 -9999 -9999 -9999 -9999 -9999 -9999 -9999 -9999 -9999 -9999 -9999 -9999 -9999 -9999 -9999 -9999 -9999 -9999 -9999 -9999 -9999 -9999 -9999 -9999 -9999 -9999 -9999 -9999 -9999 -9999
74947.500002278 75145.4999956158 75599.999992843 76157.9999923601 76787.9999880194 76891.4999971966 77035.4999980437 76752.0000039443 77179.4999697484 77773.4999975522 77728.4999997758 77661.0000058755 76549.500016622 75496.5000204177 70731.0000591711 71315.9999292207 68193.0001576188 60286.4999662149 66716.9998781461 66379.500073593 61654.5000668777 58139.9999863834 63008.9999549442 64224.0000128242 -9999 -9999 -9999 -9999 -9999 -9999 -9999 -9999 -9999 -9999 -9999 -9999 -9999 -9999 -9999 -9999 -9999 -9999 -9999 -9999 -9999 -9999 -9999 -9999 -9999 -9999 -9999 -9999 -9999 -9999 -9999 -9999 -9999 -9999 -9999 -9999
76023.0000028987 75996.0000008348 76387.4999964213 76607.9999970288 76850.9999952933 77562.0000004313 77620.499998913 77845.4999971517 78128.9999986751 78093.0000026703 77971.5000020182 77944.4999988701 77827.5000047814 77508.0000004587 76810.5000205701 76063.5000002323 73854.000046909 70443.0000051958 71198.9999923829 70996.5000779072 65313.0000574603 65407.5000265023 67823.9998981313 67342.5000549926 65636.9999885803 58261.5002377801 -9999 -9999 -9999 -9999 -9999 -9999 -9999 -9999 -9999 -9999 -9999 -9999 -9999 -9999 -9999 -9999 -9999 -9999 -9999 -9999 -9999 -9999 -9999 -9999 -9999 -9999 -9999 -9999 -9999 -9999 -9999 -9999 -9999 -9999
76815.0000016567 76851.000002088 76913.9999991581 76999.4999997879 77089.499996791 77480.9999952556 77939.9999986958 78083.9999978091 78250.4999980127 78282.0000013353 78214.5000024668 78223.5000029377 78128.9999995447 78115.5000029824 77886.0000073962 77759.9999967404 76869.0000079753 75564.0000269356 74430.0000095205 72621.0000091095 68922.0000000001 72089.9999810357 70983.000015182 66037.5000327985 61195.5000841785 55759.5000837594 49248.0000050367 -9999 -9999 -9999 -9999 -9999 -9999 -9999 -9999 -9999 -9999 -9999 -9999 -9999 -9999 -9999 -9999 -9999 -9999 -9999 -9999 -9999 -9999 -9999 -9999 -9999 -9999 -9999 -9999 -9999 -9999 -9999 -9999 -9999
77508.0000045552 77467.5000006262 77498.9999978949 77570.9999999999 77579.9999999999 77818.4999971964 78034.4999906528 78322.4999997809 78349.4999997792 78452.9999968845 78453.000001794 78124.5000038415 78016.4999979508 77967.0000000001 77967.0000009245 77912.999998603 77800.5000030492 77503.5000054342 77121.0000071399 75780.0000465043 73809.0000106217 70519.5001266837 64647.0000078368 64039.5000500571 60408.0000293023 61411.4999827466 59571.0000845851 57096.0000192615 -9999 -9999 -9999 -9999 -9999 -9999 -9999 -9999 -9999 -9999 -9999 -9999 -9999 -9999 -9999 -9999 -9999 -9999 -9999 -9999 -9999 -9999 -9999 -9999 -9999 -9999 -9999 -9999 -9999 -9999 -9999 -9999
78007.499999793 77985.0000016704 77949.0000004211 77976.0000012734 78030.0000004279 77962.4999989217 78115.4999984785 78331.4999984664 78389.9999973502 78610.4999993324 78444.0000040365 78111.0000036156 77863.5000029599 77836.5000006881 77782.5000016178 77746.5000016297 77620.5000039874 77391.0000066155 76905.0000038079 76410.0000062325 75550.5000219705 73350.000037446 70519.50004971 67374.0000241685 65240.9999776549 60894.0001640172 55444.4999962223 54499.5000215407 54238.5000364885 49014.0001859979 -9999 -9999 -9999 -9999 -9999 -9999 -9999 -9999 -9999 -9999 -9999 -9999 -9999 -9999 -9999 -9999 -9999 -9999 -9999 -9999 -9999 -9999 -9999 -9999 -9999 -9999 -9999 -9999 -9999 -9999
78390.0000028988 78281.9999995823 78291.000001263 78295.5000010611 78241.5000010696 78250.4999984903 78416.9999973914 78637.4999989044 78605.9999982334 78628.500002893 78372.0000035881 78133.5000042935 77769.0000031877 77670.0000004588 77517.0000046226 77296.5000058209 77116.5000039874 76860.0000080333 76608.000000952 75991.5000064724 75276.0000135204 73849.5000192092 72346.5000271814 70641.0000325509 69529.5000146503 66141.0000495045 61587.0000956625 53028.0001637368 50094.0001628073 41328.000152086 34749.0000403435 -9999 -9999 -9999 -9999 -9999 -9999 -9999 -9999 -9999 -9999 -9999 -9999 -9999 -9999 -9999 -9999 -9999 -9999 -9999 -9999 -9999 -9999 -9999 -9999 -9999 -9999 -9999 -9999 -9999
78705.000003313 78520.4999997913 78520.5000010525 78556.4999955434 78610.4999959352 78664.5000066856 78785.9999973916 78871.4999993428 78777 78484.5000020028 78241.5000069518 77832.0000018077 77584.500000683 77512.4999988529 77364.0000027735 77143.5000016298 76905.0000065674 76612.5000092145 76293.0000019039 75829.5000055133 74488.5000296963 71217.0000573845 67576.5000531377 67859.9999097482 69844.5000042216 68692.5000262533 66262.5000219025 64246.5000235726 59791.500032919 53055.0000750187 45189.0001525833 36108.0000525898 29508.7500974423 -9999 -9999 -9999 -9999 -9999 -9999 -9999 -9999 -9999 -9999 -9999 -9999 -9999 -9999 -9999 -9999 -9999 -9999 -9999 -9999 -9999 -9999 -9999 -9999 -9999 -9999 -9999
77179.5000068343 76954.4999956164 78093.0000071574 78650.9999983023 78808.4999972188 79168.4999984904 78457.4999936964 78660.000003944 78214.5000086123 77539.5000033384 76729.5000100915 76558.5000070057 76805.9999931696 77062.4999951826 76927.5000076274 76558.5000034927 76113.0000084441 75793.500000709 75186.000010948 74079.0000263692 73260.0000125548 72481.5000036463 71635.5000217925 71653.5000076441 70722.0000203614 68854.5000327539 64858.5000606729 62172.0000684371 55714.5000824259 51344.9999825319 52267.5000183607 48510.0000916346 43276.5000107406 44982.0000158233 41382.000057874 -9999 -9999 -9999 -9999 -9999 -9999 -9999 -9999 -9999 -9999 -9999 -9999 -9999 -9999 -9999 -9999 -9999 -9999 -9999 -9999 -9999 -9999 -9999 -9999 -9999
76652.9999739113 78516.0000025055 77355.0000134719 78506.9999881158 78911.9999935819 79101.0000012939 78358.4999963048 78246.0000083256 77188.5000240686 74195.9999612782 76239.0000156977 75150.0000140102 74124.0000095625 74906.9999921996 76153.4999826652 76202.999999069 75253.5000189986 74380.5000016536 73795.5000135655 73291.4999988012 73696.4999886525 73998.0000053495 72985.5000203244 72058.5000086308 71149.5000141538 69291.0000505066 65862.0000146028 64786.5000544961 59769.0001015653 57843.0000154153 56232.0000356892 55350.0000114549 53181.000000002 54558.0000116068 52272.0000557532 47412.0000464944 40194.0000683105 -9999 -9999 -9999 -9999 -9999 -9999 -9999 -9999 -9999 -9999 -9999 -9999 -9999 -9999 -9999 -9999 -9999 -9999 -9999 -9999 -9999 -9999 -9999
78529.5000039343 78817.499998956 78875.9999949478 79028.9999961799 79110.0000012837 78988.5000049602 78462.0000034781 77872.5000120504 76941.0000185487 76315.5000068987 74578.5000356572 74465.9999945773 74200.5000066029 73138.5000204174 74096.9999764253 75073.5000067528 75707.9999873346 74938.5000134671 74416.5000226092 74128.5000069514 74168.9999980688 73512.000017021 72774.0000127335 72126.0000088774 71428.5000161402 70470.0000220026 68458.5000410348 65366.9999893551 63477.0000581826 61924.5000285154 60583.5000524974 58140.0000624786 59183.99994759 56744.9999825898 57685.4999593785 56407.5000456902 55710.0000188211 53671.4999504689 51507.0000228774 -9999 -9999 -9999 -9999 -9999 -9999 -9999 -9999 -9999 -9999 -9999 -9999 -9999 -9999 -9999 -9999 -9999 -9999 -9999 -9999 -9999
77436.0000053838 78821.9999912311 79101.000000842 78808.5000048808 78727.4999976466 78516.0000038818 78124.5000028258 76797.0000372467 74331.0000441638 72557.9999928782 72724.500014128 69723.0000700526 70127.9999134764 72657.0000293643 70897.4999845134 72035.9999785784 73484.9999873335 74834.9999948015 74781.0000023804 73912.5000184589 73314.0000009661 72958.5000046198 72787.4999933884 72387.0000103571 71667.0000074494 70443.0000255032 68049.0000382661 65110.5000342194 66316.5000150573 65916.0000051389 63756.0000217243 62009.9999895877 61996.4999976424 63094.5000419412 62581.4998977866 64426.4999991993 64629.0000000014 62100.0000573796 57559.5000068117 61123.4999010562 59602.5000394422 -9999 -9999 -9999 -9999 -9999 -9999 -9999 -9999 -9999 -9999 -9999 -9999 -9999 -9999 -9999 -9999 -9999 -9999 -9999
78750.0000020705 78911.9999979121 78907.5000044207 78705.0000029712 78444.0000021395 78003.0000043132 77701.500006304 77179.5000085449 74920.5000726484 68971.5000331578 71815.4999298091 73467.0000022597 72328.4999892977 71077.5000658409 70046.9999981508 70240.5000146679 71716.4999734954 72818.999999528 73115.9999890527 73885.5000011994 73966.4999968618 73984.4999987842 73768.500011019 73111.5000061646 72643.5000116705 71631.0000210021 70254.0000095658 70285.5000073503 69601.5000125039 68638.5000249191 67203.0000527557 64813.5000299373 65047.4999630511 66815.9999852282 66914.9999968134 68251.5000275224 67495.4999809061 69894.0000270648 66600.0000038119 66811.5000622173 63585.0000275788 62172.0000177578 62797.4999226462 -9999 -9999 -9999 -9999 -9999 -9999 -9999 -9999 -9999 -9999 -9999 -9999 -9999 -9999 -9999 -9999 -9999
78471.0000057977 78525 78520.4999997894 78372.0000033955 77967.0000055623 77530.5000028034 77422.5000002173 76801.5000081066 75235.5000187693 72328.5000478464 70276.4999446103 73664.9999945766 73692.0000040986 72765.0000169768 71986.5000238068 72233.9999692666 73142.9999934328 73165.5000082698 72360.0000061884 72107.9999961649 72098.9999917911 72377.9999961092 72539.9999794301 72958.5000323036 72427.499999255 72067.5000032505 71622.0000055385 71217.0000035486 70906.4999987243 70465.5000043676 69633.0000025865 68337.0000244717 67158.0000073381 68980.4999628082 69291.0000493818 71455.4999799604 72670.5000190955 72868.5000159693 70798.4999888347 69394.5001131995 69822.0000408207 71684.9999716939 71500.4999204183 73903.4999474615 71383.5000308148 77291.9998316451 -9999 -9999 -9999 -9999 -9999 -9999 -9999 -9999 -9999 -9999 -9999 -9999 -9999 -9999
78304.5000039343 78349.4999993737 78205.5000039996 78025.5000044568 77539.500007488 76333.4999980594 76027.5000028265 75591.0000188426 74294.9999969086 74389.5000042281 73935.0000094185 73898.9999968363 74065.4999947631 74011.5000020646 73872.0000013866 73777.499996973 74006.9999985926 74263.4999964559 74484.0000042836 74205.000006232 73755.0000004825 73525.5000007292 72450.0000014688 72719.9999916159 72787.5000032281 72522.0000100013 71842.5000027693 71788.5000058298 71316.0000025518 71230.4999997429 71536.4999940518 71514.0000088507 70411.500019129 71207.9999614881 72967.4999784947 74348.9999759509 75613.499983595 75977.9999962104 75744.0000370417 75428.9999813612 76549.5000416465 77593.500030249 78974.9999676066 79892.9999584159 81468.00000113 82773.0000051183 79150.5000552165 -9999 -9999 -9999 -9999 -9999 -9999 -9999 -9999 -9999 -9999 -9999 -9999 -9999
77985.000000414 77958.0000025053 77764.5000039994 77418.0000046687 76630.5000113385 75663.0000086259 74646.0000230417 73818.0000039436 74169.0000004414 74339.9999982197 74241.0000067276 74146.5000011299 74222.9999959016 74407.4999974765 74456.9999990755 74573.9999986031 74465.9999920256 74933.9999943297 75190.4999897662 75622.4999944867 75402.0000057948 74934.0000004865 74574.0000024492 74267.9999970412 72913.500035012 72242.9999979998 71743.5000042795 71594.9999989861 71500.5000022967 71734.4999956327 72094.4999950865 72602.9999958348 72917.9999842775 73718.9999889218 74474.9999899115 75365.9999877085 76544.9999817129 77683.4999872796 77957.9999994557 78245.9999764289 79609.4999831762 80846.9999844589 82250.9999810116 83299.4999896049 84208.4999759724 85036.4999974409 85891.4999917035 85572.0000155437 85481.9999675721 86579.9999370864 -9999 -9999 -9999 -9999 -9999 -9999 -9999 -9999 -9999 -9999
77607.0000041414 77377.5000031319 77202.0000029472 76918.5000040322 76212.0000089855 74749.5000204876 74115.0000021738 73660.5000028483 73314.0000008834 74020.499995772 74155.4999957392 74259.000000452 74303.9999959016 74447.9999981647 74762.9999990755 75014.9999995343 75190.5000002345 74119.5000526892 73336.4999702516 76144.499997363 76387.4999925154 76662.0000038902 75910.5000124883 75456.0000073977 73840.5000434541 73323.0000110011 71896.5000380139 71113.4999769343 71360.9999989791 71576.9999886961 72256.4999992242 72845.9999911488 73669.499989256 74443.4999923505 74043.0000260193 74177.9999583165 74070.0000010773 76945.4999834913 78785.999955332 80086.4999909549 81026.9999823482 81953.9999844584 82804.4999868755 82444.5000632179 83344.5000698236 84253.4998757242 86732.999989128 87466.4999922287 87610.499998552 88204.4999839799 89482.4999838855 -9999 -9999 -9999 -9999 -9999 -9999 -9999 -9999 -9999
77035.500000621 76680.0000037578 76527.0000033679 75424.5000120961 74839.500005348 74245.5000028035 73773.000003478 73260.0000087637 72886.499998896 73561.4999873155 74033.9999955149 74340.000000452 74416.49999704 74677.4999942648 74924.9999972265 74290.5000076828 73998.0000150111 72958.5000252817 74420.9999890524 76337.9999928085 76814.9999946884 -9999 76977.0000039182 76378.5000184948 73732.499995282 74650.4999962497 73570.5000309656 72679.4999880874 71950.4999823923 72427.4999992296 73030.5000002588 71914.4999835998 72355.4999903034 70623.0000474772 66370.5000629209 64772.9999711397 65902.5000755649 68300.9999388312 71905.499901674 75388.5000030107 70987.5000041318 78610.4999769624 75861.0002401469 70807.5001795319 69250.499802403 80905.4998415962 85801.4999659527 84982.4999640201 84541.5000576158 89270.9999900971 90085.4999903315 91079.9999823176 -9999 -9999 -9999 -9999 -9999 -9999 -9999 -9999
75613.500002278 75370.5000127359 75136.499995159 75370.5000108234 74470.5000057762 73507.5000148807 72994.5000002174 73129.5000050392 73030.4999971294 73237.4999971071 73885.4999894602 74357.9999954806 74609.9999986338 74789.9999954118 74236.5000362874 72085.4999569251 74312.9999882721 -9999 74830.50000595 76139.9999760283 76783.4999954128 77030.999993678 -9999 -9999 76585.5000454402 75392.9999664956 74673.0000216505 73525.5000195169 72468.0000025517 73741.4999848423 74177.9999979308 72787.500033062 69340.5000568653 64935.0001060363 61470.0000249545 58774.5000179038 60169.4999755273 62662.4999071682 64903.4999545163 66289.5000298765 64300.5000427499 61991.9999073091 63202.5002231183 53158.4999806162 60907.4998894748 69884.9997781794 79488.0000223189 69034.4999599961 73898.9996363384 84253.4999519422 81153.0001066515 89401.4998476375 -9999 -9999 -9999 -9999 -9999 -9999 -9999 -9999
74843.9999925456 74403.0000104391 73741.5000094726 73948.4999883278 74416.5000117667 73899.0000012941 73498.5000084777 73143.0000070111 73106.9999955837 73107.0000044507 73403.9999834052 74303.9999950286 74713.4999961292 74924.9999981648 75006.0000009246 -9999 -9999 -9999 74393.9999576364 76356.0000019178 76702.499994447 76927.4999997568 77197.4999948576 77512.4999972875 77580.0000044696 77391.000007001 75483.000070994 74744.9999893549 74709.0000051043 74601.0000308283 74371.4999940516 73282.5000492018 68251.500048479 66550.500058821 62235.0000424788 61173.0000208437 59872.5000233979 58990.4999688746 60893.9999678595 62347.4999827311 60804.0000634347 52542.0002192446 44235.0001033186 42439.4999193628 54170.9997438881 63589.4999542104 66640.4999533617 57501.0002682492 57883.4998230868 66230.9998858174 68741.9998236219 76742.9997394802 88951.4999344896 -9999 -9999 -9999 -9999 -9999 -9999 -9999
-9999 -9999 74196.0000046308 74164.499997241 74128.500003637 73674.0000038818 73214.9999973913 73201.4999984661 73273.4999971293 73210.5000024479 73268.9999941693 74065.4999916391 74578.4999952185 74920.4999970177 75118.4999993066 74943.0000074505 -9999 73575.0000085046 75896.9999895279 76301.9999995206 76549.4999949299 76828.4999982979 77017.4999958372 77278.4999943284 77638.4999957787 77822.9999989999 77917.5000042797 76333.5000499315 71320.5000165874 68962.4999709714 66046.499992502 69029.9999724068 66105.0000728497 63387.0000211017 62086.4999806186 63058.5000435559 59778.0000467948 55282.5000857957 54989.9999874727 56123.9999939723 53851.500087985 44829.000258101 36085.5001069521 34852.4999800541 43010.9997523735 44586.000244007 49000.4999774033 49909.5002270941 45791.9997747378 59206.4998569838 74915.9998306535 78295.4999991193 83987.9997693828 -9999 -9999 -9999 -9999 -9999 -9999 -9999
73840.5000060048 74020.5000006262 73881.0000071567 73313.9999978773 72373.4999976457 72611.9999948235 72116.9999952167 72342.0000092015 72499.5000002206 72823.4999962167 73097.9999941692 73709.9999850856 74587.499993397 74924.9999944942 75073.4999969953 74934.0000111759 74430.0000136041 75770.9999933845 76063.499997858 75906.0000014382 75946.4999997584 75546.0000145887 72351.0000666053 73624.4998897721 77287.4999957787 77782.4999957495 77930.999996979 78151.4999967049 76702.5000844681 70794.0001454125 64395.0000677567 63445.5000039051 63364.5001008888 65551.5000108159 65420.9999596459 61663.5000654666 61514.9999860163 60624.0000308553 56200.5000563814 50103.0001249842 44374.5001183211 37395.0000827031 38092.4999690069 38511.0001196921 31130.9998948411 24601.8751934941 24015.000030129 34587.0000235986 39572.9996826587 53513.9998036803 58364.9998810422 62477.9998856514 77647.4997406244 90238.4998261793 -9999 -9999 -9999 -9999 -9999 -9999
73462.5000047625 72108.0000096048 71307.0000206298 70501.5000070038 70398.0000004281 70942.5000015097 70569.0000099994 70069.5000089832 70550.9999761521 71738.9999799723 72337.4999997758 72260.9999891535 74249.9999799632 74960.9999972471 75176.9999963019 75163.5000020955 75140.999982643 75887.9999990549 75577.500005474 75141.0000086301 74875.5000041048 74223.0000345275 72652.5000066112 71424.0000226863 76040.9999394123 77471.9999929992 77714.9999964756 77921.9999989862 78106.4999997448 78223.4999966602 75838.5000752532 71293.4999986956 70263.0000172942 72891.0000121322 70492.5000687612 63481.5001643343 63832.4999265812 64426.5000538585 60115.5000830727 53352.0001249839 47686.5000570916 45261.0000188698 45328.500041607 41751.0001899304 31027.5000958302 14490.0000803865 13533.7498911369 19936.1248080949 28034.9999698879 41872.499753295 55241.9997638508 62833.4998594218 71252.9997622638 87875.9998240969 -9999 -9999 -9999 -9999 -9999 -9999
73269.0000269188 71635.5000198346 70245.0000067364 70154.9999978777 69849.0000025671 70145.9999999997 69961.5000028258 69457.5000010955 70735.4999759315 71999.9999937692 72967.4999948424 72981.000001356 74069.9999817847 74852.9999935765 75239.9999958397 75365.9999981373 75491.9999990618 75559.5000040165 74101.5000302249 71973.0000076704 71230.5000176238 72719.9999640124 73003.5000193447 71365.4999889032 76171.4999520756 77120.9999984998 77408.9999979859 77683.4999967049 77791.499998724 77872.499999743 77993.999995345 77670.0000177025 75807.0000204402 76207.4999965714 74587.5000538945 72481.5000232488 70227.0000199025 66892.5000852548 60174.0000697266 55669.5000890773 52469.9999746271 50778.0001043488 47583.000067575 38475.0001691389 27372.3751897525 16467.0000251228 20604.749755144 29015.2498813703 31228.8747671394 41377.4997096045 55502.9997767412 61375.4998240598 72967.4997151367 85922.9997531366 94967.9999892048 -9999 -9999 -9999 -9999 -9999
