socal_rasters/maxTempColdest_SPHAsouth_aggfac2.asc
NCOLS 210 
NROWS 130 
XLLCORNER -119.45 
YLLCORNER 32.483333333 
CELLSIZE 0.0166666666666667 
NODATA_value -9999 
[rows 81 to 107 of 130, columns 120 to 179 of 210]
185.5 185 184.000000023389 183.999999952839 188.249999988114 189 188.250000036229 187.499999975656 189.749999963198 189.750000012363 188.500000024918 187.499999949785 190.5 192.49999997451 192.750000012841 190.50000002587 188.250000065153 185.750000039379 185.749999986779 185.749999960046 187.749999986586 186.750000013509 184.500000000001 181.000000027399 173.250000013796 169.74999998611 176.249999902092 176.500000112647 186.999999886582 182.000000085638 174.750000244242 151.250000072314 148.000000145583 140.500000087928 136.499999970504 130.500000148455 123.250000134469 119.000000000002 119.749999954605 125.749999954318 129.999999877416 138.499999938327 141.250000015514 141.000000000001 142 140.250000047398 139.750000015895 139.250000015992 138 133.000000064728 125.250000211602 116.000000098237 108.000000065872 105.249999950312 109.499999900048 110.749999916227 116.999999898901 126.499999796654 131.749999710297 145.749999914322
185.749999988497 186 185.5 184.49999997642 188 186.74999998802 187.000000024153 188.500000024344 189.749999987732 189.750000012363 190 190.499999974892 191.74999998735 192.00000002549 190.500000025682 191.249999961196 193.249999986969 190.749999986872 188.000000079333 183.000000026636 181.999999946349 182.000000027017 180.000000081624 178.249999904104 175.250000041384 172.750000041671 170.500000027971 167.750000014081 175.749999730643 187.749999985728 180.000000287338 166.250000014459 147.500000203815 150.250000131883 154.500000088495 149.999999910926 142.250000014936 139.750000105248 126.99999993947 124.99999993909 124.999999877419 132.999999845818 141.749999984486 142 140.750000047114 140 140.249999984106 138.99999996802 138.000000096515 131.750000080907 127.500000130215 120.000000130979 113.000000098806 112.499999999999 115.000000066636 111.749999949736 117.249999915751 115.500000067785 117.99999989776 122.500000000007
-9999 185.749999988401 185.5 185.24999998821 187.749999988114 187.500000023962 187.499999951694 189.249999987828 190 190.5 191.249999987542 191.249999987446 192 190.750000012745 191 189.500000051741 185.750000065155 188.999999842485 188.250000013224 184.249999986687 183.750000120719 179.250000013509 178.499999918376 178.500000000001 174.750000124156 171.750000013891 169.000000055944 166.999999971838 172.749999787346 183.249999843004 184.750000186772 180.250000072311 171.500000262048 153.000000439622 143.750000162242 139.250000044529 134.499999970114 138.999999699276 141.749999984865 136.250000228408 129.500000030646 136.499999814983 141.750000015513 141.000000031218 140.499999968591 140.499999968402 139.750000015895 138.750000015991 137.000000096515 134.000000097091 129.50000006511 126.250000016374 123.500000065874 120.500000000001 110.500000099953 109.500000033507 107.999999999997 107.249999949163 118.249999710305 124.000000000003
-9999 -9999 185.749999988306 186.25000001179 186.249999988116 186.249999988019 187.499999975847 188.249999987828 190 190.749999987637 190.5 190.749999987446 190.249999987351 189.250000038236 186.000000025682 187.750000012936 184.500000026062 183.999999921244 187.500000105777 176.750000039956 182.750000013415 178.750000067542 175.250000013603 175.749999958902 176.750000013796 174.000000027781 173.249999986013 172.250000042243 172.499999886584 183.000000028547 159.750000502851 145.750000245863 139.250000160142 135.749999985347 137.000000088499 129.000000059381 128.249999955178 134.499999759424 130.750000136185 131.749999832506 135.999999938711 -9999 -9999 140.5 141.5 140.749999952603 140.00000003179 139.24999995203 139.250000048257 137.000000097088 133.500000032553 130.250000081862 125.250000082339 118.000000132508 111.000000066634 110.749999983242 111.499999999997 112.499999932218 125.749999676218 138.249999880037
-9999 -9999 185.750000011694 185.24999998821 185.750000011886 186.749999988019 187.249999987923 187.750000012171 188.749999987732 187.749999987636 188.749999987541 189.249999987446 189.750000012649 189 184.500000128407 178.999999974128 181.000000156366 175.24999982936 185.499999973555 170.500000053271 171.999999973174 176.249999959472 177.75000006802 176.249999986301 175.99999997241 175.499999999999 175.249999958041 174.000000056326 171.750000014176 168.000000228358 166.750000043099 162.000000057852 146.250000451305 139.50000005862 131.250000162245 125.249999896085 132.250000014941 134.749999984965 129.000000090789 124 124.24999989274 134.499999814981 -9999 142 141.250000047114 139.500000031598 137.749999984105 131.750000111931 131.999999871311 133.249999951452 134.750000016275 131.750000049118 128.750000049405 125.000000066256 121.999999933365 121.249999983246 118.500000067401 116.750000016947 124.499999795508 136.749999880043
-9999 -9999 -9999 185.75000001179 185.250000011886 185.999999976038 186.999999975847 187 187.499999975465 187.750000012363 188.249999987542 188.499999974892 189.749999987351 188.50000002549 186.000000025681 177.500000077609 178.749999934846 175.999999999999 178.249999960334 175.250000199764 171.750000013414 178.749999986489 169.75000006802 168.749999931504 171.749999903436 175.249999986111 171.750000097902 169.749999901428 169.999999971645 164.750000214089 158.250000043101 157.999999942148 164.749999956324 145.750000278427 132.750000103246 131.249999925773 142.999999790828 140.750000285683 129.500000121052 127.499999908636 123.000000061288 126.999999938326 133.749999891407 138.749999921956 140.250000078523 131.250000268588 127.499999872846 132.49999993604 125.500000128685 121.500000032363 126.499999837231 126.750000049119 126.999999967066 126.250000016565 124.500000000001 123.750000016754 122.000000067401 122.249999915272 126.499999897754 139.499999794362
-9999 -9999 -9999 -9999 185.750000011886 185.750000011981 186.250000012076 186.749999987828 187.250000012268 187.249999987637 188 188.249999962338 188.499999999999 187.750000012745 186.75000001284 184.000000025871 180.750000039092 182.749999960622 179.750000145442 177.249999933411 176.250000040242 181.250000013509 174.250000095232 167.499999890406 170.750000068976 175.000000111127 167.75000015385 162.250000042249 166.249999702283 166.000000085637 160.500000086204 162.749999840912 166.250000014557 151.250000366353 143.500000059001 144.2499998664 155.750000253991 154.25000046612 135.000000090789 130.749999984774 131.250000076613 124.999999969162 123.249999984484 127.499999906343 135.999999874362 132.500000315984 122.750000079473 120.249999984007 125.2500001126 122.499999967636 126.749999853505 131.750000016374 124.250000181152 119.749999950308 124.499999900046 126.250000016757 124.500000067402 122.749999983055 125.99999986367 129.000000034269
-9999 -9999 -9999 -9999 -9999 186.5 186.5 187.000000000001 187.000000000001 187 187.500000024917 187 187.25000001265 186.749999987255 187.5 183.750000038805 180.500000026062 184.250000013126 180.500000132222 176.499999973364 180.749999959761 183 179.500000163247 172.249999931501 174.000000027588 180.499999916655 174.500000083916 170.250000126734 170.000000000003 167.000000114182 164.499999971266 167.75000010124 162.249999985443 158.500000087923 160.24999948376 175.749999717935 165.750000014941 151.750000676624 130.250000015131 133.749999984771 133.500000000001 130.000000092506 128.749999984486 125.999999937563 128.500000031412 132.000000063199 122.75000017484 116.000000063961 114 114.249999983821 115.999999934895 126.499999803531 139.499999999998 131.750000281576 129.749999850066 136.250000050262 134.250000151648 130.999999999995 132.250000017036 122.500000171363
-9999 -9999 -9999 -9999 -9999 -9999 186.5 185.5 187 187.5 186.750000037376 185.750000012554 187 187.5 186.25000001284 183.99999997413 181.750000013032 183.250000039379 181.750000066112 182.250000013318 181.499999973174 183.250000013509 181.750000040812 181.749999986302 182.249999931026 181.000000222249 170.750000097903 169.749999957758 169.000000028354 164.250000099907 167.749999956898 164.500000231402 159.750000014558 163.749999956041 172.749999926255 185.999999940619 179.500000179289 147.000000451082 131.749999924344 143.250000045684 136.750000015325 134.250000077091 132.250000077567 131.5 126.00000006282 127.249999952606 131 118.000000191886 112.500000032172 108.000000064727 108.749999886059 118.999999934504 131.999999736506 147.749999950309 138.500000399821 133.000000100526 136.749999814645 146.999999830545 150.500000136334 152.499999897188
-9999 -9999 -9999 -9999 -9999 -9999 -9999 187.249999987828 187.500000024535 187.250000012364 187.249999987543 186.750000037662 186.25000001265 184.750000012745 184.249999987159 185 184 184.000000026252 183.749999986778 182.5 181.999999973174 183.750000013508 183.750000013604 184.749999986301 185 184.25000001389 184.249999986012 172.500000056328 164.000000198477 169.749999700275 169.749999956898 167.750000216939 163.249999927208 170.500000293082 171.249999867253 185.249999807014 178.750000463157 154.250000436045 139.250000196706 151.999999665005 143.5 141.750000262106 132.500000062055 133.250000078045 131.749999984295 137.249999921003 134.000000222526 125.999999904058 122.500000128683 110.500000161815 106.999999967446 107 114.49999973651 139.249999453402 150.999999999999 143.74999994973 139.250000050547 138.999999932221 153.24999967622 162.249999982865
-9999 -9999 -9999 -9999 -9999 -9999 -9999 186.249999987828 186.5 186 186 187 186.500000000001 184.500000050979 184 183.50000005174 182.499999973938 180.000000105008 180.499999973555 181.250000013317 182.750000013413 183.249999986491 183.5 183.5 184.250000013794 183.749999958327 189.75000006993 179.500000168981 169.500000226835 177.24999964319 172.750000043102 164.500000115701 166.249999898094 180.500000117234 172.999999882005 186.749999836704 184.750000074705 173.999999759422 169.499999909214 161.250000045682 155.249999800813 146.000000092511 135.000000093082 137.999999906346 138.500000000001 139.999999905205 139.750000079475 128.999999999997 125.250000048255 120.750000048547 118.749999951173 111.250000147353 117.499999505956 138.749999751549 153.499999933363 155.749999949737 153.500000168502 141.250000118621 142.249999982956 140.249999742948
-9999 -9999 -9999 -9999 -9999 -9999 -9999 -9999 186.5 185.000000024726 186.249999987541 187.500000050216 183.75000001265 184.750000038234 181.500000102723 176.750000038805 174.999999947877 174.000000078757 180.24999993389 182.000000026635 181.999999973174 181.749999986492 182.499999972792 183.9999999726 184 187.499999833313 190.500000055945 185.250000042244 182.00000008506 189.999999800181 175.500000373547 165.249999985537 169.74999983986 184.500000146542 181.749999867251 187.249999925775 181.500000298811 159.499999939851 150.750000075658 152.249999832502 162.750000076611 157.999999999999 154.249999860378 146.000000218528 139.250000047115 139.999999968401 140.750000047683 128.249999984009 126.000000064341 120.250000048544 119.749999983723 113.000000261962 113.749999588299 135.749999652165 150.74999981675 157.499999932982 158.750000016849 156.750000050834 149.750000017033 148.24999936594
-9999 -9999 -9999 -9999 -9999 -9999 -9999 -9999 186.250000012267 186.999999975274 188.249999987542 188.000000025108 185.75000001265 183.50000002549 182.749999987158 180.5 179 179.500000078758 180.999999947111 180.999999973365 181.000000026827 181.749999959475 183.249999959188 185.999999945203 184.49999994482 190.749999930548 191.750000013986 191.500000000001 190.250000042533 194 193.749999985633 185.000000260335 183.000000029122 187.000000205156 177.500000530983 175.250000103913 170.249999925297 165.500000330793 155.750000105919 152.250000045683 147.999999969354 143.999999969162 147.250000015513 148.25000014048 140.500000094228 136.500000063196 139.749999984106 130.000000127921 127.250000048257 121.500000129453 118.000000032554 119.999999999999 121.500000000006 127.9999996356 148.499999666816 155.99999996649 155.25000008425 156.249999881379 161.999999931834 163.249999982863
-9999 -9999 -9999 -9999 -9999 -9999 -9999 -9999 186.5 185.250000037089 185.499999925249 187 186.999999974701 185.250000063724 184.000000051361 182.749999987064 181.999999973939 183.500000052505 178.250000013221 180.999999707013 186.000000107303 182.499999918948 186.749999931979 189.7499999863 189.249999903434 188.500000055564 189.000000000003 188.500000000004 191.74999995747 184.250000071365 178.500000086207 172.999999884302 180.500000029119 179.500000087923 177.24999998525 176.750000014844 175.499999940236 165.250000135327 157.999999969736 154.250000167499 149.750000107257 146.249999953742 149.749999922432 147.000000093655 140.500000125637 138.999999936802 147.000000063577 127.750000143912 124.750000080429 122.5 119.750000113939 116.500000032746 122.249999621236 140.749999718422 144.999999766772 150.500000000002 149.750000117954 148.499999864437 153.499999829591 156.999999931457
-9999 -9999 -9999 -9999 -9999 -9999 -9999 -9999 -9999 185.5 184.250000012459 186 186.250000012649 187.5 187.000000025681 186.250000012935 184.500000052123 181.000000026251 176.999999999999 183.749999773601 186.75000009389 185.000000054034 188.500000027208 190.0000000274 190.749999931025 188.500000166686 182.500000083915 175.500000056322 178.249999957467 178.499999999998 177.50000005747 173.000000086778 174.99999985442 175.500000058617 176.999999941001 178.749999985155 178.250000074702 168.000000090218 167.999999969739 162.000000121822 157.500000030648 151.999999999999 150.000000062055 145.749999797085 144.750000329796 162.499999842014 138.000000254314 134.000000127923 125.500000160857 122.000000064725 118.000000065107 112.50000006549 111.749999917658 127.249999585906 136.750000083295 137.249999916223 127.500000505499 126.500000033884 120.249999778458 135.749999640128
-9999 -9999 -9999 -9999 -9999 -9999 -9999 -9999 -9999 -9999 184.500000024917 185 185.999999974701 187.250000038235 186.75000001284 186.749999987065 186.249999986968 189.249999986874 186.750000039666 183.250000039955 182.750000040239 185.999999918949 188 187.500000027399 188.000000027591 187.00000002778 184.000000027971 178.000000112653 172.499999971646 176.749999900092 179.5 179.250000014462 180 180 179.74999998525 179.50000002969 177.500000029882 172.500000060145 167.250000136184 162.750000137046 163.500000153227 152.000000154181 147.000000062055 151.249999890735 165.249999858652 144.25000033179 134.750000079474 126.49999990406 123.000000064342 118.499999935271 116.499999967446 115.750000016371 112.000000065872 109.499999933746 124.499999733458 122.999999832456 131.250000117947 114.750000389743 115.249999880708 126.249999914316
-9999 -9999 -9999 -9999 -9999 -9999 -9999 -9999 -9999 -9999 185.000000024917 185.499999924676 187.75000001265 186.749999987255 186.75000001284 187.250000012935 187.5 186.750000013125 186.250000039666 185 184.000000053653 184.499999972982 186.999999945584 187.750000013699 186.749999986206 187.249999958329 182.500000027974 177.750000126734 172.749999985822 175.499999971454 178.249999956898 179.999999999999 180.499999970883 181 180 179.750000014845 177.750000104583 173.499999759424 176.750000045398 173.500000121818 156.500000275802 149.499999845821 150.999999937947 166.999999812702 160.250000424017 143.750000142191 134.250000301997 127.500000095942 126.999999903487 123.000000064726 115.250000276707 109.249999983625 109.749999950593 109.000000033127 113.749999716793 122.500000201055 128.749999713544 145.999999830546 142.250000187459 140.999999897184
-9999 -9999 -9999 -9999 -9999 -9999 -9999 -9999 -9999 -9999 186.500000024917 186.499999974893 186.749999962052 186.00000002549 187.999999948638 188.749999987065 188.000000026062 187 186.999999999999 185.750000013316 185.250000013412 183.5 184.749999986397 186.999999972602 186.000000027591 186.74999998611 183.750000069931 171.000000281632 163.750000496193 169.999999914367 173.2499999569 177.999999971075 178.249999985442 180.249999956038 180 179.50000002969 176.249999985057 180.249999804528 182.5 181.250000015227 171.000000061284 166.500000030831 161.750000139616 179.250000078044 161.500000188451 151.000000094791 147.250000111256 135.500000223866 124.750000048259 121.250000048546 112.250000244156 102.750000147354 105.749999884723 108.750000016563 108 119.499999966493 126.499999460795 140.499999593309 159.249999778464 163.500000068545
-9999 -9999 -9999 -9999 -9999 -9999 -9999 -9999 -9999 -9999 -9999 185.5 185 187.249999987255 189 188.50000002587 186.750000039092 186.250000039379 184.500000052888 183.25000003995 182.999999999998 184 184.249999986397 186.749999958902 183.99999991723 186.49999997222 182.250000041959 176.75000009857 173.500000141769 164.499999999996 172.749999784491 178.250000072314 173.750000043674 180.499999882767 182.499999911504 183.749999985156 183.749999955177 178.749999984965 176.249999924338 173.999999999998 174.499999938707 173.749999922909 189.999999937947 175.250000577536 158.25000029838 147.749999763013 144.249999984105 133.000000127922 123.250000048258 122.749999951455 109.500000292984 107 108.749999983532 108.750000016563 107.500000033317 111.999999765433 123.75000018535 129.999999220501 156.499999863669 166.49999989718
-9999 -9999 -9999 -9999 -9999 -9999 -9999 -9999 -9999 -9999 -9999 186.749999987446 187.5 187.749999987256 187.49999997432 187.750000012936 187.000000052123 187.250000013126 186.250000013222 183.500000053269 179.750000040238 185.749999959474 185.999999945584 188 189.249999958615 188.750000013891 185.75000006993 179.250000126734 174.750000014177 163.750000156996 167.999999827594 179.999999884299 181.750000101907 185.7499998388 186.0000000295 182.000000029688 178.500000029879 171.500000270652 162.999999878952 169.249999893412 175.999999846772 189.000000030833 192.74999995346 183.750000171701 168.500000439734 151.499999810412 147.250000111258 139.50000009594 135.250000273452 123.000000388366 104.250000113939 105.249999885391 107.750000016468 108 107.499999999999 106.5 114.249999780951 113.999999932221 137.749999505806 161.249999742951
-9999 -9999 -9999 -9999 -9999 -9999 -9999 -9999 -9999 -9999 -9999 185.249999962337 185.500000025298 184.249999987255 186 186.749999987065 187 186.250000013126 186.500000026444 185.250000013318 186.000000000001 186.25000009456 185.749999877565 189.749999986301 190.499999972411 190.5 189.999999972029 186.750000126733 178.500000028355 176.25000004282 176.749999899432 178.999999913224 187.749999898094 185.250000102574 180.999999970499 184.500000029689 180.249999955178 173.00000027065 168.999999969739 168.999999695457 185.249999770164 196.75000007709 186.250000325784 168.000000187306 158.750000298386 143.250000173795 139.999999872836 141.250000111928 132.000000225199 112.750000436904 101.250000081384 103.749999918135 106.250000016469 108.749999983437 111.749999916706 106.249999916227 106.500000033699 110.749999847486 140.499999454686 152.999999999997
-9999 -9999 -9999 -9999 -9999 -9999 -9999 -9999 -9999 -9999 -9999 184.750000012553 184.999999974701 185.99999997451 186.5 186.750000012935 186.249999986969 187.499999999999 188.5 188.750000013317 188.250000013413 188.500000000001 189.249999986397 189.0000000274 187.250000013796 187.249999986109 188.000000055945 185.749999985918 184.750000042529 182.749999928637 184.999999942529 182.499999855371 193.499999970882 177.500000087922 183.74999995575 183.749999985156 182.750000044821 178.000000090218 159.500000181588 167.249999954318 191.999999632256 189.749999922914 175.50000024822 161.750000140481 156.750000078523 154.000000094793 155.250000015889 146.750000463715 128.500000096515 111.250000242724 102.250000081383 103.499999869019 108.74999991766 114.749999884052 112.500000166593 107.249999882717 106.75000015165 102 125.749999573978 125.250000257057
-9999 -9999 -9999 -9999 -9999 -9999 -9999 -9999 -9999 -9999 -9999 -9999 186.749999987351 184.50000002549 184.74999998716 186.250000012936 186.499999973938 186.249999986874 187.249999986778 187.750000013317 184.250000093892 185 185.499999999999 187.749999904102 188.499999972409 187.000000055561 186.750000041959 189.499999943674 187.750000042531 187.500000000003 191.24999989943 -9999 -9999 184.750000219809 181.250000044246 178.250000044533 163.000000119515 148.500000210498 149.249999712499 174.499999573642 193.250000291126 171.249999892072 167.999999968971 162.750000046828 163.499999905775 168.750000110599 157.000000572203 149.750000175888 133.750000305629 121.50000016182 113.25000030927 109.000000032747 112.749999917662 116.000000165635 106.749999983341 107.000000100526 106.750000016851 101.999999966108 104 105.249999742951
-9999 -9999 -9999 -9999 -9999 -9999 -9999 -9999 -9999 -9999 -9999 -9999 183.999999974701 186.50000002549 187.249999987159 185.749999987065 186 186.5 187 187.749999986683 187.000000026826 186.749999986491 186.749999986396 186.5 186.50000002759 187.749999930547 189.750000041958 190.749999985918 190.000000085062 190.499999857276 195.249999985632 193.500000173552 185.250000072793 180.999999970691 175.749999985248 177.999999970305 173.000000089631 150.500000270643 160.249999894073 178.499999451824 188.500000551614 165.999999907489 169.749999798315 178.999999937559 178.99999993718 170.75000042658 139.500000222526 144.999999904058 139.25000017694 133.500000161815 125.000000162772 118.499999967253 119.000000065872 112.750000115946 107.000000066636 107.5 107.25000005055 104.250000016945 102.750000017041 102.249999982864
-9999 -9999 -9999 -9999 -9999 -9999 -9999 -9999 -9999 -9999 -9999 -9999 183 184.999999974509 185.750000012841 185.749999987065 186.749999986969 186.499999973747 187.249999986778 188 188.000000026827 187.5 187.749999986397 188.000000027399 186.99999997241 188.749999930547 191.500000083917 193.249999929593 189.000000056709 190.749999957183 194.499999913797 198.249999985537 185.500000058236 187.250000043965 189.49999979351 198.249999866396 199.250000044823 193.499999879717 187.25000019672 190.499999847733 193.500000337095 181.999999814978 181.250000294752 170.499999469286 176.500000157046 168.000000252789 152.750000333793 147.00000006396 135.750000176943 124.499999935272 120.749999886061 122.499999999999 120.750000049406 109.750000082817 108 113.000000067021 109.74999998315 104.5 103.250000187453 101.249999982864
-9999 -9999 -9999 -9999 -9999 -9999 -9999 -9999 -9999 -9999 -9999 -9999 182.999999974701 184.249999987255 184.5 185.749999987065 186.499999973939 186.5 187.5 187.999999973365 188.749999986587 189.5 187.500000054416 188.749999931501 189.749999931024 191.249999986109 195 193.000000056327 194.000000028352 194.249999957182 197.249999985632 198.5 198.250000014557 196.499999999997 197.500000029501 195.000000089073 185.250000074701 184.999999879711 185.999999697371 191.250000411135 173.250000045965 159.750000385453 154.750000139628 147.749999765872 160.750000141346 155.250000268591 142.000000254323 137.000000159906 134.750000112601 130.500000032362 126.000000032553 128.249999950881 122.999999967063 116.250000082814 109.250000083293 118.499999765435 118.250000016847 113.50000010167 103.500000136329 102.500000034273
-9999 -9999 -9999 -9999 -9999 -9999 -9999 -9999 -9999 -9999 -9999 -9999 182.999999974701 184.249999987255 184.749999987159 185.249999987065 186 186.749999986874 187.749999986778 188.749999986683 189.499999973174 189.749999986492 187.750000013604 189.499999890403 192.499999917231 193.000000027782 196.499999972028 195.250000014083 197.249999985823 198.499999971455 198.249999985633 199 199 197.000000029309 195.500000058998 193.750000044536 191.5 188.250000105252 188.499999878948 187.500000091361 181.750000045968 170.000000370033 148.000000527462 130.249999828302 153.749999701615 158.250000205391 149.000000095374 133.000000287819 126.749999951741 130.249999854366 133.250000048832 129.25000024559 126.250000082339 122.000000066254 118.749999983342 124.24999984921 120.750000084248 111.000000338909 103.750000017042 101.000000034273
