socal_rasters/maxTempColdest_SPHAsouth_aggfac2.asc
NCOLS 210 
NROWS 130 
XLLCORNER -119.45 
YLLCORNER 32.483333333 
CELLSIZE 0.0166666666666667 
NODATA_value -9999 
[rows 27 to 53 of 130, columns 120 to 179 of 210]
164.249999942483 166.749999918808 167.750000058475 168.9999998821 172.99999997623 173.74999998802 174.500000000001 174.000000048691 168.250000036808 161.000000321446 160.999999925255 157.499999924683 154.750000012648 144.750000165684 141.749999833078 145.49999987065 145.000000182433 123.500000262527 114.750000092561 110.999999946737 105.000000321915 -9999 -9999 -9999 -9999 -9999 -9999 -9999 -9999 -9999 -9999 -9999 -9999 -9999 -9999 -9999 -9999 -9999 -9999 -9999 -9999 -9999 -9999 -9999 -9999 -9999 -9999 -9999 -9999 -9999 -9999 -9999 -9999 -9999 -9999 -9999 -9999 -9999 -9999 -9999
168.999999999998 170.499999976801 172.999999976611 175.249999988209 175.999999999999 177.249999988018 177.5 177.999999975656 179.5 180.000000024725 176.75000006229 170.500000125538 161.250000189738 156.000000076465 154.500000410897 148.249999624881 150.750000351828 135.000000026256 137.749999986772 135.000000106538 122.500000187779 113.24999993245 -9999 -9999 -9999 -9999 -9999 -9999 -9999 -9999 -9999 -9999 -9999 -9999 -9999 -9999 -9999 -9999 -9999 -9999 -9999 -9999 -9999 -9999 -9999 -9999 -9999 -9999 -9999 -9999 -9999 -9999 -9999 -9999 -9999 -9999 -9999 -9999 -9999 -9999
174.750000011505 174.500000000001 175.999999976611 177.49999997642 179.499999952458 179.750000011982 179.750000012077 178.500000024346 179.499999901861 181.5 180.750000012459 180.000000025108 176.5000000506 172.500000076471 156.750000166933 157.999999793043 149.250000430012 128.749999908121 144.74999966945 143.500000186446 131.500000134131 123.749999959475 134.99999989117 138.000000027403 -9999 -9999 -9999 -9999 -9999 -9999 -9999 -9999 -9999 -9999 -9999 -9999 -9999 -9999 -9999 -9999 -9999 -9999 -9999 -9999 -9999 -9999 -9999 -9999 -9999 -9999 -9999 -9999 -9999 -9999 -9999 -9999 -9999 -9999 -9999 -9999
178.750000011503 178.250000011598 179.249999988305 179.5 179.999999976229 182.750000011981 182.5 182.999999999999 183.5 182.750000012363 181.750000012458 181.749999987445 181 179.99999997451 176.750000089882 173.999999999998 166.500000156363 155.500000026246 157.499999999997 156.50000021308 141.500000160953 141.50000005403 147.499999755123 145.750000123303 141.749999986211 124.750000541735 -9999 -9999 -9999 -9999 -9999 -9999 -9999 -9999 -9999 -9999 -9999 -9999 -9999 -9999 -9999 -9999 -9999 -9999 -9999 -9999 -9999 -9999 -9999 -9999 -9999 -9999 -9999 -9999 -9999 -9999 -9999 -9999 -9999 -9999
182.500000023008 182.2500000116 181.5 181.5 181.5 182.999999976038 184 183.999999975656 184.5 183.750000012363 183.250000012459 183 182.500000025299 182.250000012745 181.250000012841 180.5 177.500000026063 172.250000091886 167.750000039669 161.500000026636 150.749999986587 159.999999945971 156.000000054416 142.500000082202 131.500000193133 119.000000166685 107.000000000003 -9999 -9999 -9999 -9999 -9999 -9999 -9999 -9999 -9999 -9999 -9999 -9999 -9999 -9999 -9999 -9999 -9999 -9999 -9999 -9999 -9999 -9999 -9999 -9999 -9999 -9999 -9999 -9999 -9999 -9999 -9999 -9999 -9999
185.500000023006 184.750000011598 184.5 184.75000001179 184 184.5 184.749999987923 185.5 185.250000012267 185 184.500000024917 183.000000025108 182.25000001265 182.50000002549 182 181.750000012935 181 179.500000026252 177.500000052888 172.250000173126 166.250000040235 155.750000364732 139.750000013606 138.250000123294 129.000000055184 131.999999944435 128.250000181813 122.75000004224 -9999 -9999 -9999 -9999 -9999 -9999 -9999 -9999 -9999 -9999 -9999 -9999 -9999 -9999 -9999 -9999 -9999 -9999 -9999 -9999 -9999 -9999 -9999 -9999 -9999 -9999 -9999 -9999 -9999 -9999 -9999 -9999
187.750000011504 187.2500000116 186.5 186.000000023581 186.750000011886 186 185.5 186.750000012172 186 186.249999987637 185 184.000000025108 183 182.750000012745 182.25000001284 182 181.250000013031 180.000000026252 177.750000039666 175.000000026635 171.250000093892 163.750000121578 155.750000149646 147.000000054805 141.999999972417 131.250000375039 119.249999986011 117.500000028155 117.250000070879 107.750000328265 -9999 -9999 -9999 -9999 -9999 -9999 -9999 -9999 -9999 -9999 -9999 -9999 -9999 -9999 -9999 -9999 -9999 -9999 -9999 -9999 -9999 -9999 -9999 -9999 -9999 -9999 -9999 -9999 -9999 -9999
190.000000023007 188.750000011599 188.250000011694 188.75000001179 188.000000023771 187.5 187.750000012076 188.250000012172 187.5 187.000000024726 185.750000037375 184.749999987446 183 183 182.25000001284 181.50000002587 180.500000026061 179.000000052505 177 174.000000026635 171.000000053652 165.750000040525 160.75000009523 155.500000082199 152.750000041385 143.750000125011 133.500000223772 115.500000309787 109.250000297714 93.750000271174 81.5000000862039 -9999 -9999 -9999 -9999 -9999 -9999 -9999 -9999 -9999 -9999 -9999 -9999 -9999 -9999 -9999 -9999 -9999 -9999 -9999 -9999 -9999 -9999 -9999 -9999 -9999 -9999 -9999 -9999 -9999
191.249999988497 190.5 190.5 190 189.749999988115 189.750000035944 189.5 189.250000012172 188.250000012268 187 185.750000037375 184.499999974892 183.499999974701 183 182.750000012841 181.750000012935 180.250000039092 178.750000065631 176.750000013222 173.750000013317 169.000000107304 158.500000162103 148.250000149645 148.999999753411 154.250000013796 151.000000083344 144.500000055945 139.000000056327 129.000000056708 115.250000128457 101.250000272983 84.0000000867833 73.0000001455889 -9999 -9999 -9999 -9999 -9999 -9999 -9999 -9999 -9999 -9999 -9999 -9999 -9999 -9999 -9999 -9999 -9999 -9999 -9999 -9999 -9999 -9999 -9999 -9999 -9999 -9999 -9999
186.250000034515 185.499999976804 190.000000046779 191.24999998821 191.250000011885 192 189.249999963772 189.250000012173 187.500000049071 184.750000012364 181.750000062293 180.50000002511 181.750000012651 182.249999987255 181.500000025681 180.250000012936 177.500000052123 175.250000013127 172.250000039667 168.250000093224 165.000000053653 162.500000027014 160.000000054413 159.250000013699 156.750000068975 150.750000097234 141.250000125878 134.500000168981 121.250000155949 112.24999998573 114.250000014366 107.500000202476 98.250000014552 101.750000014648 95.2500001032409 -9999 -9999 -9999 -9999 -9999 -9999 -9999 -9999 -9999 -9999 -9999 -9999 -9999 -9999 -9999 -9999 -9999 -9999 -9999 -9999 -9999 -9999 -9999 -9999 -9999
185.499999907977 192.000000023199 187.500000070166 191.499999976421 192.249999988115 192.750000011981 189.249999987925 188.500000024344 184.500000073604 173.499999876367 180.500000049834 176.250000087878 172.000000025297 174.499999949018 178.999999948638 178.750000012937 174.500000078184 170.250000013125 168.250000066109 165.999999999999 166.999999973174 167.250000013509 163.75000006802 160.7500000137 157.750000041385 152.500000138907 143.750000013989 141.000000112654 129.750000212658 125.250000014274 122.500000057471 120.750000014464 117.000000000004 119.00000002931 115.500000088498 106.50000008907 92.5000001494101 -9999 -9999 -9999 -9999 -9999 -9999 -9999 -9999 -9999 -9999 -9999 -9999 -9999 -9999 -9999 -9999 -9999 -9999 -9999 -9999 -9999 -9999 -9999
193.25000003451 194 193.49999997661 194.499999952839 194.250000035656 193.250000035943 190.500000024153 188.000000048688 184.000000073606 181.500000024726 174.750000137047 173.749999987448 172.250000037948 168.250000089214 171.749999910118 174.750000038808 176.24999996091 173.000000026251 170.750000092553 169.250000039951 169.000000000001 165.750000067543 163.500000054417 161.500000027399 158.750000041385 156.000000055562 150.750000097902 142.499999971839 138.250000099239 134.250000042815 131.750000100569 126.250000130163 128.749999898092 123.99999997069 125.4999999115 123.500000089065 122.000000029874 118.249999894743 115.000000060523 -9999 -9999 -9999 -9999 -9999 -9999 -9999 -9999 -9999 -9999 -9999 -9999 -9999 -9999 -9999 -9999 -9999 -9999 -9999 -9999 -9999
190.500000000002 196.250000011599 196.000000046778 195.499999999999 193.749999964344 192.500000047923 190.250000012076 184.500000146066 174.750000184016 167.749999962909 168.250000062293 158.500000225976 159.249999734358 166.750000089214 160.749999961475 164.499999922386 168.249999960906 172.999999973746 171.750000039668 168.75000006659 166.500000000001 164.500000027017 163.499999972792 162.0000000274 159.750000013795 156.500000055563 150.250000097903 142.500000084493 145.000000056712 143.750000014274 138.750000043104 134.749999985539 134.749999985444 137.250000102581 135.749999778759 140.000000000002 139.750000014944 134.750000105256 125.750000015136 132.749999832505 129.500000091939 -9999 -9999 -9999 -9999 -9999 -9999 -9999 -9999 -9999 -9999 -9999 -9999 -9999 -9999 -9999 -9999 -9999 -9999 -9999
196.500000046013 197.249999988401 196.750000058472 195.500000047161 193.250000035656 191.250000035943 189.250000036229 186.500000048689 177.250000282153 156.500000098905 165.499999750831 170.750000012554 166.499999974698 161.750000216666 158.25000001284 158.500000051739 162.999999895754 166.250000013128 166.749999960336 169.000000000003 168.499999973175 168.250000013509 166.750000040811 164.500000027399 162.50000005518 160.000000055561 155.50000002797 155.750000014081 153.750000014176 150.750000071361 147.250000129303 141.250000043387 141.249999927209 145.999999970691 145.749999985249 148.750000044534 146.749999955178 152.000000060144 144.500000030261 144.250000167497 137.750000076609 134.750000046246 136.249999860372 -9999 -9999 -9999 -9999 -9999 -9999 -9999 -9999 -9999 -9999 -9999 -9999 -9999 -9999 -9999 -9999 -9999
196.250000034511 196.250000011599 195.500000023389 195.25000001179 192 189.500000023961 188.750000012076 185.250000036516 178.750000061338 167.750000160725 160.749999838042 171.749999987446 171.25000001265 167.750000063727 164.750000089885 165.499999896521 167.74999998697 167.500000026254 164.500000026446 163.500000000001 162.749999986587 163.74999998649 163.749999931978 164.750000095897 162 161.250000013891 159.500000027972 158.5 157.249999985824 155.750000014273 153.250000014368 150.000000057853 146.75000001456 150.999999912076 151.750000103247 156.499999940623 159.750000074707 159.750000045111 153.999999969741 150.750000289318 151.750000107261 155.749999953749 155.24999979833 160.499999875131 154.000000062824 167.999999557626 -9999 -9999 -9999 -9999 -9999 -9999 -9999 -9999 -9999 -9999 -9999 -9999 -9999 -9999
196.250000011504 196.249999988401 194.749999988305 193.500000023581 190.750000059429 185.000000000001 183.000000000002 180.750000085205 175 175.500000024726 173.000000024916 172.999999999999 172.499999974701 172.250000038235 171.499999999999 170.750000012935 170.999999999999 171.5 171.500000026443 170.500000026633 168.499999999999 167.250000013507 163.500000027206 164.249999986301 163.750000013795 163.000000027781 160.250000013986 160 158.250000014177 158.5 158.749999985632 158.500000057849 154.750000043673 156.999999912073 160.999999941 164.499999940619 166.999999970118 167.749999984962 166.75000010592 165.499999939089 168.250000107257 170.250000077087 173.249999922429 175.249999921951 178.499999999998 181.750000015798 172.250000143048 -9999 -9999 -9999 -9999 -9999 -9999 -9999 -9999 -9999 -9999 -9999 -9999 -9999
196 195.500000023198 193.000000046777 192.00000002358 187.250000083197 182.750000035941 178.000000096611 174.250000012172 175.250000012266 174.750000012363 174.000000049834 173.249999987446 174 174 173.750000012841 173.5 172.749999960909 173.999999973748 174.249999960334 175.249999986683 174.250000013415 172.000000000001 170.00000002721 169.000000000001 164.750000124156 162 160.250000013986 159.750000014082 159.5 160 160 161.500000028926 161.749999956326 163.499999970693 165.249999955752 166.99999997031 170.249999955179 172.249999984964 172.749999984869 172.999999939093 175.749999954033 178.999999969165 182.24999995346 183.749999984392 185.499999968592 187.500000000001 189.499999968212 188.000000031983 187.249999951745 189.499999838185 -9999 -9999 -9999 -9999 -9999 -9999 -9999 -9999 -9999 -9999
194.000000023008 192.250000034797 192.00000002339 190.50000007074 185.750000035657 179.250000083867 176.250000012077 174.000000024344 172.5 173.999999975274 175 174.000000050216 173.24999998735 174 174.75000001284 175.5 175.499999973939 171.750000170643 168.499999920671 177 177.249999986587 177.750000013508 175.000000054415 173.000000027399 167.50000011036 165.50000002778 161.250000097902 158.749999929592 158.749999985823 159.249999957182 160.750000014367 162.249999985537 163.999999970883 165.499999970692 164.0000000885 164.249999896088 163.500000000004 170.749999924822 175.24999989408 178.249999984773 179.499999969354 181.999999969163 183.499999968973 182.250000171702 183.750000172753 185.749999699817 191.49999996821 193.74999998401 192.999999999998 193.749999951454 196.499999967445 -9999 -9999 -9999 -9999 -9999 -9999 -9999 -9999 -9999
192.5 189.500000023197 188.750000058472 183.250000058948 180.00000004754 177.000000023962 175.000000024153 172.750000036516 171.5 172.499999975274 174.249999962624 174.750000012554 175 175 175 172.750000012933 171.250000065153 167.750000065633 171.999999973557 177.749999986682 179.499999973174 -9999 178.750000013605 176.250000068499 167.5 169.74999998611 166.000000083918 163.249999957756 160.749999957469 161.500000000001 163.250000014368 159.999999971076 160.499999970882 156.500000117228 145.500000176993 141.999999940617 145.000000149396 148.74999986467 157.999999757892 166.500000030443 155.75000001531 173.49999993832 166.250000605022 154.000000405828 150.249999575972 177.499999620817 189.49999990463 186.999999904054 185.250000144763 196.5 197.999999967446 199.749999983628 -9999 -9999 -9999 -9999 -9999 -9999 -9999 -9999
185.750000011505 184.250000081194 182.499999976613 182.750000058951 179.000000047541 175.250000059906 173 172.500000024344 172 172.249999987637 173.999999975083 175 175 175.49999997451 173.500000128405 165.999999870646 172.999999973938 -9999 173.750000013222 177.499999920094 179.499999973174 180 -9999 -9999 176.000000165538 172.499999888874 169.500000083917 166.000000056326 162.499999999999 165.749999957182 166.499999999999 162.500000086777 153.000000145584 142.500000234464 135.000000058995 129.250000014846 131.999999940238 137.249999804533 141.749999924346 144.750000076138 140.000000091935 135.499999814988 138.250000449898 119.999999968786 133.749999795847 151.999999494426 174.000000063586 149.249999888077 160.499999163553 184.249999919096 176.250000276721 195.749999656178 -9999 -9999 -9999 -9999 -9999 -9999 -9999 -9999
183 180.750000034797 177.250000035084 177.999999952839 179.500000047542 176.750000011982 174.500000048306 172.500000024344 172.249999987733 171.750000012363 172.499999925249 175 176.249999987351 177 176.500000025681 -9999 -9999 -9999 172.749999881001 178.500000026636 179.499999973174 180 180 180 179.750000013795 178.500000055563 172.250000209793 169.249999957757 169.000000028356 168.500000085634 166.999999999999 163.750000130164 150.500000116466 146.250000131886 136.500000088498 134.250000044538 132.000000059764 129.999999939854 133.749999954603 136.74999998477 133.250000107256 119.250000354615 102.000000248213 97.4999998439077 121.749999575974 138.4999998736 144.499999904625 126.750000431731 127.749999694367 142.999999741083 147.749999593074 165.499999410589 194.249999884723 -9999 -9999 -9999 -9999 -9999 -9999 -9999
-9999 -9999 179.500000023388 179 178.250000011886 176.25000001198 173.749999987923 173.499999999999 173 172.500000024726 172.499999975083 174.499999974892 175.999999949402 177 177 176.250000038805 -9999 170.500000026248 177.499999973555 178.5 178.749999986587 180 179.500000027208 179.749999986301 180 180 179.500000027972 174.250000154892 159.750000042532 153.249999928641 145.749999985637 152.999999942153 145.750000160141 139.250000043962 136.24999995575 138.250000103916 131.750000104586 123.500000120289 122.999999969739 125.500000000004 121.750000137908 103.25000060131 83.5000002482204 80.4999999375689 98.9999994346428 101.750000552981 110.500000000011 113.250000463718 104.749999469176 129.999999773452 161.749999593074 169.500000000008 182.49999944009 -9999 -9999 -9999 -9999 -9999 -9999 -9999
179.500000023006 180.000000023197 178.750000035082 175.999999999998 171.999999999997 172.749999988017 170.24999998792 170.500000024342 170.999999999999 171.5 171.999999975082 173.499999949783 175.999999949402 177 177 176.00000005174 174.000000052123 177.749999986874 178 177.250000013317 177 175.250000040524 165.000000217664 168.499999671207 180 180 180 180 175.250000269367 158.750000356824 142.000000172409 139.750000014463 139.500000203816 144.500000029311 144.499999911504 135.50000014845 134.99999997012 133.250000045111 125.25000007566 115.250000228406 102.750000260484 86.2500001696002 87.7499999224392 88.7500002965762 71.7499997644289 61.750000616158 60.7500000158825 79.000000031974 90.4999992600513 119.499999643997 128.74999978839 134.999999803524 167.499999407141 197.749999585905 -9999 -9999 -9999 -9999 -9999 -9999
178.000000023007 172.7500000348 169.500000070169 166.250000035372 165.500000000001 167.000000000001 165.500000024153 163.250000036517 164.249999938663 167.999999925823 170.250000012459 168.749999962339 175.499999924103 177 177.249999987159 177 176.499999947877 178 177.250000039666 175.250000013319 174.249999986588 171.500000108068 166.000000027207 162.000000054798 175.749999820665 180 179.750000013986 179 179 179 172.000000201134 159.499999999993 156.250000043672 162.750000043959 156.000000147492 139.750000400815 140.249999835652 141.250000135323 132.500000151316 121.000000182725 110.50000012258 105.250000046249 105.000000124107 96.0000004682701 71.7500002041612 40.7500005213747 36.7499994754751 53.9999997441581 64.4999999356581 94.9999994174618 122.999999641902 135.999999738033 153.249999489483 192.249999552788 -9999 -9999 -9999 -9999 -9999 -9999
178.500000115038 171.750000081194 165.750000011696 165.74999998821 164.5 164.75000001198 164.000000024153 161.250000012172 165.499999901861 169.249999987638 171.999999975084 171.500000025108 174.999999949402 177 178.249999961479 178.50000002587 178 177.500000026252 172.500000105774 165.500000026634 162.750000067063 167.249999905438 167.500000081623 162.4999999726 175.999999889638 178.499999972219 179.5 179 178.750000014177 178.250000014272 178 177.000000057851 171.000000058234 172.000000000001 167.000000147495 161.500000059384 155.000000059766 147.25000019547 132.250000136185 124.250000137042 119.499999969357 117.500000185015 110.000000155131 88.5000003746153 66.5000002512755 46.2500001737987 53.4999996503192 67.2499997921307 75.4999997104631 94.4999993527345 123.4999996419 133.24999968892 156.99999934128 187.749999387148 209.249999983341 -9999 -9999 -9999 -9999 -9999
172.500000138043 161.000000092796 163.499999976613 161.000000047161 157.999999904917 161.250000011981 161.000000024154 159.999999951312 164.999999901861 170.749999962911 173.499999975083 173.750000012554 175.749999936752 177.749999961765 179 178.750000012935 178 176.500000026252 171.000000105776 161.000000133174 159.249999879281 163.749999959475 162.750000095229 168.999999835604 174.499999889637 178 178.5 178.250000014082 178.250000014177 178 178 177.750000014463 176.750000043674 171.750000102578 167.500000029497 169.249999925774 165.500000239048 146.750000436043 125.750000166447 119.249999984771 123.750000015321 119.250000107925 106.750000294759 92.7500000156084 84.2500000471088 83.2499997314078 76.0000003178914 74.4999999360388 79.4999999034888 96.4999999676329 110.749999560516 127.749999525196 162.749999423623 194.499999403714 207.499999966682 204.250000284828 -9999 -9999 -9999 -9999
175.500000207067 161.750000081197 163.499999883055 163.250000129692 160.750000011887 163.999999952077 162.500000024153 163.24999993914 163.750000061338 169.999999925822 174.999999950166 175.750000012554 176.74999998735 178.49999997451 179 179 178.000000026061 176.500000026252 175.000000000001 171.500000053272 169.250000040241 163.749999959475 164.749999986397 175.749999958902 177.749999986205 176.999999944439 178.250000013986 178 177.750000014177 177.5 177.000000028734 176.5 176.250000014558 175.750000014654 175 170.250000103913 162.500000149406 151.250000285687 133.250000105922 133.249999923867 125.750000199193 115.750000138762 103.750000108594 106.749999953176 106.749999890073 98.5000004107788 72.5000002543169 75.0000000000034 81.4999996139459 110.749999530732 125.999999804679 137.249999950887 160.249999357746 189.749999784669 204.999999933363 197.000000234562 -9999 -9999 -9999 -9999
