socal_rasters/maxTempColdest_SPHAsouth_aggfac2.asc
NCOLS 210 
NROWS 130 
XLLCORNER -119.45 
YLLCORNER 32.483333333 
CELLSIZE 0.0166666666666667 
NODATA_value -9999 
[rows 27 to 53 of 130, columns 60 to 119 of 210]
187 186.749999994129 187 187 187.5 187.999999987495 188.999999987304 190.249999993556 188.25000001962 183.250000046448 172.00000005385 161.999999972699 174.499999875414 181.500000070174 173.249999935983 180.999999999999 184.749999978091 182.249999992603 179.750000022484 177.500000000003 178.250000053799 161.250000101157 144.500000063019 134.749999960147 140.250000137143 158.999999591881 147.000000346836 141.999999832939 140.749999923969 141.250000196534 146.749999697616 157.250000113556 166.500000017661 153.999999892893 170.999999801533 178.250000191455 154.250000046069 145.750000195471 149.500000000003 154.250000028498 152.750000067161 153.99999986434 147.000000215279 122.000000177853 108.000000119716 113.999999697857 135.500000264344 122.250000030793 119.999999937859 127.249999885017 113.000000147687 106.749999861624 117.750000139629 116.499999848309 129.499999846973 129.749999922823 122.75000001113 130.249999786874 131.500000045258 146.74999971479
188 188 187.5 188.249999993938 189 189.750000006252 190.499999987303 191.5 192.5 191.499999999999 190.500000040381 185.25000007508 185.24999996539 185.250000091225 180.249999950207 179.250000007205 185.49999995618 186.750000007397 185.499999985012 185.250000007588 186.749999976944 188.500000015559 179.500000063003 176.250000039849 179.250000024192 186.249999893883 180.000000214703 177.749999908107 170.500000101384 148.000000239253 149.499999879041 170.500000139759 173.250000097132 174.499999660804 -9999 163.750000027357 166.74999986181 156.500000018613 165.750000122243 156.749999990504 164.749999952026 159.750000145355 144.000000097857 131.500000237141 124.249999910205 136.999999818707 151.500000040663 136.499999876847 143.999999751402 145.250000177705 141.250000031637 142.500000021281 146.749999817413 151.99999989164 154.750000010929 158.249999966917 162.499999955507 161.999999910255 161.99999999999 165.749999920135
188.5 189 189 188.999999987876 190.249999993843 190.249999993747 191.5 192.5 193.5 194.249999993365 194.5 194.000000013652 192.750000020765 189.500000014036 185.25000004979 177.749999978379 188.99999992697 189.5 190.249999992506 190.749999992412 191.749999992316 193.499999968879 193.000000015753 193.999999984059 196.999999983867 198.000000000001 195.75000000826 195.499999983294 191.000000050697 183.000000051277 182.749999922253 192.249999816569 193.500000088304 187.000000035698 173.749999972948 179.24999999089 183.749999935518 177.750000139618 157.250000235084 151.249999876512 172.499999846489 161.000000077527 161.750000048933 158.999999980241 161.749999930171 159.750000010079 162.250000050837 163.249999866591 164.999999979287 165.499999937282 167.749999968356 167.249999925493 166.000000042962 168.749999967496 169.999999956278 171.249999966923 175.999999955514 178.000000000002 178.25000003394 176.000000022818
185.000000011553 186.499999976519 188.000000000001 189.000000012125 190.749999993843 190.000000012507 189.000000025396 183.24999994201 185.000000013081 192.249999966827 195.5 195.250000006826 194.750000006921 193.000000014034 192.999999985773 191.250000007206 189.24999997809 190.999999985202 191.999999985011 193.749999977231 194.749999992314 196.5 197.249999992123 199.499999999999 200.249999991932 200.5 200.250000008258 199.750000008353 200.000000016898 198.749999974365 198.5 197.749999991264 198.249999991169 196.749999991073 195.749999990977 194.250000009116 193.000000018424 188.250000046536 175.750000065818 172.749999895503 184.000000019188 179.500000058139 174.000000117425 167.749999930831 176.250000029928 172.750000030213 171.499999999999 173.499999958949 174.000000041431 175.499999979092 177.499999978901 178.750000010643 179.749999989258 179.500000021669 180.249999989067 180.750000033078 182.499999977755 182.749999988781 181.750000033938 179.750000034225
180.999999965349 181.750000017614 183.249999994033 181.999999999997 182.250000030787 183.499999987493 185.999999987304 186.250000006445 185.500000052317 185.249999980098 195.999999986539 196.250000006826 195.750000006922 196.249999992983 195.250000007113 194.249999992794 193.999999985396 194.000000014798 193.749999992507 195.749999977233 197.249999992316 199.249999976659 199.5 201 201.5 201.5 201.249999991742 201.5 201.499999983102 200.250000008545 199.5 199.250000026205 199.24999999117 199.000000017852 197.750000009022 196.500000018234 194.250000009212 193.500000018616 192.000000018807 190 187.749999990407 183.750000048453 182.749999970646 182.500000019763 180.500000019954 180.249999989929 178.499999959334 180.499999958951 182.000000000001 181.749999989548 182.999999957805 185.499999957423 186.000000000001 185.750000032508 185.999999978139 186.249999988974 186.749999988879 186.250000011218 185.250000011314 183.500000022818
185 183.999999988258 184.250000017898 179.249999993937 183.249999919953 188.500000012503 191.749999955559 193.499999999999 193.250000006538 194.249999993364 194.749999993269 197.249999979522 197.749999993078 193.500000014034 194.249999950211 197 195.000000014607 195.499999970406 197.499999970024 199.5 200.5 201.5 201.5 201.5 202.249999975799 202.5 -9999 -9999 201.5 201.250000008545 200.750000008639 200.249999991265 199.750000026492 199.250000008926 198.500000018043 197.250000009117 196.000000018425 194.500000018616 193.250000009403 191 190.750000009594 190.00000001938 188.250000029356 186.999999999999 185.249999990023 185.000000020142 185.249999989832 184.999999999999 186.249999989641 186.750000010452 188.74999998945 189.749999989355 189.750000010739 190.250000010835 189.999999999999 189.750000011026 189.250000011121 188.750000011217 187.999999999999 186.5
188.249999994226 191.000000011743 191.750000005968 192.000000000002 195.000000000001 196 196.249999993652 196.249999980668 196.5 197.249999993365 195.250000020192 195.250000020478 197.249999965392 197.750000035088 198.250000021338 195.249999963964 196.999999985395 198.749999992602 198.999999985013 200.249999977232 202.49999998463 203.25000000778 202.999999999999 202.5 202.999999983867 202.249999991837 203.000000016516 203.000000016707 201.250000008449 201.5 201.500000017279 200.750000008735 200.249999991169 199.249999991074 199 198 197.000000018425 194.75000004654 193 191.499999981002 192 191.5 191.5 190.250000009882 189.750000009977 189.250000010072 189.500000020335 189.999999979476 189.749999989643 190.249999989547 192.000000000001 192.249999989356 192.5 192.749999989165 192.5 192.749999988974 192.250000011122 191.000000022435 190.000000022626 189
192.50000001155 193.499999988258 194.749999994033 195.999999987876 196.749999993843 196.750000006253 196.749999993651 197.250000006444 197.5 198 197.25000000673 196.500000013652 195.5 199 198.500000014225 197.750000036037 199 199.5 199.999999985013 201.5 201.750000007686 202.49999998444 202.750000007877 202.750000007971 202.249999991933 203.250000008162 202.499999983485 202.75000002506 202.499999983103 202.000000034179 201.249999991361 201.250000008735 200.75000000883 200.499999982148 199.5 198.000000036468 194.499999981576 191.750000083772 191.999999981193 192.750000009497 193.750000009593 193.750000009689 193.5 193.25000000988 192.500000019952 192.249999989928 191.750000010167 192.5 192.250000010357 193.250000010453 194.249999989451 193.999999999999 194 194.5 194.500000021862 194.250000011026 194.250000011121 193.250000011217 192.750000011313 190.750000011408
194 194 195 196 197.249999993843 197 197 198 198 197.750000006635 197.750000006731 196.999999986348 198.499999986157 199.5 199 199.250000007207 198.000000014605 199.5 200 200.000000015178 200.749999992315 202.499999984438 203.000000031504 202.249999992028 202.500000016134 202.499999983676 202.250000008258 202.499999983293 201.750000025347 202.249999974365 201 201.749999991265 200 198.750000008925 197.750000045107 193.750000027349 190.749999990789 194.499999925537 197.250000009403 196.250000009499 196 195.75000000969 194.5 194.5 194.5 194.000000020143 193.750000010168 193.5 194 194.5 195 195.5 195.75000001074 195.5 195.5 195.5 195 194.500000022435 193.500000022626 192.500000022817
194.249999994225 195.5 195.5 196.749999993938 197.5 198 198 197.250000006444 197.249999993461 198.5 198.24999999327 198.5 199 199.249999992982 199.250000007113 199 199.749999992697 200.5 200.749999992506 200.750000007589 200.750000007685 200.74999999222 202.249999992124 202.500000015943 202 202.250000008162 202.250000008259 201.749999991647 202.000000033796 201 201.5 200.750000008735 197.500000052983 191.750000044632 192.250000009021 194.749999954414 197.249999990787 196.74999995346 196.750000028211 193.249999990503 194.249999990407 195.999999999999 195.749999990214 195.5 195.750000009976 195.999999979856 196.000000020333 195.750000010263 195.5 195.749999989546 195.999999999999 196.250000010644 196 196 196 196 196.250000033365 196.00000004487 193.000000022627 190.000000114087
195.5 196 196.749999994033 197 197.5 197.749999993747 198 198 198.74999999346 199 198.750000006731 198.499999986348 199 199 199.499999985774 199.750000007207 200.749999992697 200.499999985203 201 200.500000015179 200.500000000001 200.749999976659 201.749999976372 201 202.000000016134 198.000000032647 197.499999983481 200.5 201.500000016898 201 200.250000025917 199.749999991264 199.250000026491 198.000000017852 197.5 197.749999990883 198.500000018425 197.750000027923 196 191.500000056993 192.249999952026 194.249999970929 196.250000009785 196.750000009881 196.5 196.5 196.250000010167 196.5 197.250000010359 197 197 197.250000031934 196 196 196.749999967208 197.749999988975 198.000000000001 196.000000044872 190.00000002263 191.25000007986
195.249999994224 196 196.499999988067 197 195.249999981528 195.250000006254 196.499999987304 198 198 199 199 198 199 199 199.499999985774 199.750000007208 200.499999985394 200.250000007399 200.500000014988 200.500000015179 200.99999996926 201 201 200.5 198.250000008069 194.00000003265 190.749999942196 196.999999949882 200 200 200.5 200 200.249999991169 199.750000008926 199.250000009021 199 198.750000027638 196.750000009308 193.250000028211 188.749999990501 188.749999990404 191.24999997093 195.249999970644 197.5 197.5 197 197.500000020334 197.499999979475 197 197 197 197 197 197 197 197 197 198.499999977565 196.499999977374 196.000000045634
195 195.749999994129 196.499999988067 196.750000018186 195.750000006158 195.000000012506 196.749999993652 197.249999993556 198 198.749999993365 198.500000013461 198 199 198.749999992982 199.499999985774 199.250000007207 200 199.749999992601 200.000000014987 200 200 200.50000001556 200.999999968496 200 198.000000048403 193.000000048977 188.750000057806 192.999999899759 198.249999991551 197.750000008544 198.24999999136 198.999999999999 199.25000000883 199 199.249999972935 196.0000000547 195.000000055274 192.250000009308 189.750000047016 191.499999943007 189.249999990405 192.99999996124 195.249999990214 197.500000019762 197.249999990024 198.249999989929 197.5 198.500000000001 197.750000031075 197 197 197.499999978711 197.5 197.99999997833 198.250000010932 198.499999977947 199 198.500000022435 197.500000022627 193.999999999999
195.249999994224 195.5 196.000000000001 196.749999981815 196.750000006157 196.250000006253 197 197 198 198 198 198.249999993174 198.750000006922 198.499999985965 198.750000007113 198.749999992793 199.500000014606 199.499999985203 199 199.750000022769 199.99999998463 199.5 200.000000015752 200 199 198.000000016324 194.750000008257 194.500000016706 194.750000008451 190.750000042725 187.249999956803 193.749999991267 198.500000000001 197.000000017853 195.250000045109 193.000000018234 193.50000003685 193.250000009308 191.750000009402 191.500000037996 186.49999998081 190.249999951551 193.500000000001 196.249999950596 197.74999997007 198.5 198.5 198.5 200 198.499999999999 197 198.499999978711 199.24999998926 199.250000010836 199 199.249999988973 199.750000011122 198.249999988783 198 196.250000057042
194.5 194.999999988259 196 196.499999987876 197 196.749999993747 197 196 196.24999999346 197 197.499999986539 198.499999986348 198 198.499999985965 198 198.750000007207 198.249999992697 199.000000014797 198.999999985012 199 199 199 198.749999992124 199 199.500000016133 198.750000008162 198.499999983485 197.000000016707 195.25000000845 195.250000025635 193.249999991362 192.750000008736 189.500000035322 187.500000053555 190.499999981957 194.000000036467 193.249999990789 191.00000013031 186.250000009403 187.249999990501 189.750000028783 185.250000009687 189.999999941287 193.749999990118 196.500000019952 198.249999969785 198 198.249999989737 199.749999989642 198.500000062721 198.500000000001 199.499999978711 199 199.249999989165 199.749999989069 198.999999999999 197.250000055609 196.749999988781 197.999999999999 197.500000022816
-9999 196 196 196.499999987876 197 196.750000006253 197 196.500000012888 196.499999986921 197 197.749999993269 197.250000006826 197.749999993079 198 198 198.250000007208 198 198 197.749999992506 198 198 198.24999999222 198.249999992124 198.250000007972 198.249999991933 199 198.249999991742 198.500000016707 198 197.749999991455 197.999999999999 197.5 196.75000000883 195.250000026777 196.750000009021 193.999999999998 190.500000110551 185.750000027922 187.749999952982 189.249999971502 187.000000019188 187.749999990307 185.500000019571 188.249999950595 191.000000039905 193.499999899285 198.249999989833 198 200 200 198.5 199.249999989355 198.500000042961 199.249999989165 198.5 196.250000077184 192.99999993327 196.749999988782 197 197.5
-9999 195 196 196 196.249999993842 196.249999993747 197 196.500000012888 196.749999993461 196 196.499999986539 197 197.249999993078 197 197.750000007113 197.249999992792 197.5 197.5 197.249999992506 197.250000007589 197.250000007684 197 197.750000007876 197.499999984057 198 197.249999991837 198 197.750000008353 198 198.249999991455 198.5 198.5 198.250000008831 198 197.499999981958 196.999999981767 197.000000018426 195.250000027925 193.500000018808 190.000000037995 185.750000028784 183.749999990312 182.249999990216 188.999999920951 192.999999980048 192.000000040286 192.249999969497 198.99999995895 200 199.24999996864 198.499999978902 199 198.25000001074 198 197.000000043724 190.999999977944 192.749999944389 197.249999988783 197.250000011314 196
-9999 -9999 195 195 195.749999993842 196.499999987494 196.750000006349 196.250000006444 197 196.50000001327 196 196.750000006826 197 197 197 196.500000014415 197 196.749999992602 196.500000014988 197 196.250000007685 197 196.250000007876 197 197.250000008068 197 197.5 196.999999983293 197.500000016898 197.000000000001 197.249999991361 198 198.5 198.5 198.5 198.249999990883 198.5 196.750000027923 195.25000002821 193.250000009497 190.999999999998 190.250000048447 182.500000117424 183.999999960478 192.999999920188 193.50000008057 193.250000010166 193.499999938425 199.750000010358 198.250000010454 199 199 198.5 198 196.000000065586 193.250000077185 192.249999855413 197.5 197.000000022626 195.500000022817
-9999 -9999 -9999 194.750000006062 196 195.5 195.499999987303 196.249999993556 196.5 196 196.500000013461 196 196.249999993078 196.250000007017 196.5 196 196.250000007303 196 196 195.500000015179 196 195.25000000778 196 195.750000007971 196 196.249999991837 197 197 196.5 197 197.74999999136 198 197.75000000883 198.249999973223 199 198.749999990883 198.750000009213 198.750000009308 198.000000018807 198.000000037995 196.250000009595 196.25000000969 192.75000004893 190.749999990122 190.99999994014 194.249999989927 197.000000040669 197.50000004105 197.5 198.749999989546 198.250000010548 197.250000031932 198 197.750000010836 195.24999998907 196.249999988974 196.5 195.750000033652 194.250000011313 193.750000034226
-9999 -9999 -9999 194 194.499999987685 195 195.750000006349 195.5 195.499999986921 196 195.500000013461 196 195.5 195.749999992983 195.5 195.750000007208 195.499999985394 195.250000007399 195.500000014988 195 194.750000007686 194.750000007781 194.5 195 195.249999991933 195.5 196.249999991743 196.749999991647 197.499999983102 198 197.5 198.99999996506 199.25000000883 198.749999991074 198.749999990979 199.499999981766 199.250000027637 199 199 197.500000018998 197.249999990405 198.500000019379 197.750000009786 197.000000019761 199.499999980048 198.000000040285 197.999999999999 195.000000041053 194.999999979287 193.249999989548 194.500000042197 195.00000002129 195.249999989261 196.5 197 196.750000011027 193.500000000002 187.000000067306 181.750000033942 188.000000045636
-9999 -9999 -9999 193.500000012124 194.249999993842 194 194.499999987303 195.249999993556 195.750000006539 195.5 195.499999986539 195.750000006826 194.750000006922 194.749999992982 195.249999992887 195.250000007207 194.750000007303 194.499999985203 194 194.500000015179 194 194 193.750000007876 194 194.249999991933 194.5 195 195.5 196.249999991551 197.249999991455 198 198 198.999999999999 199.250000008926 199 199 199 199 198.750000009403 199 199.250000009593 196.000000038759 193.50000003914 192.999999980237 195.250000009975 189.500000060427 179.500000244007 164.750000071829 173.499999875697 186.999999979091 189.499999999998 191.49999997871 191.500000021479 192.000000021671 193.75000001093 193.999999977947 186.000000111221 183.5 181.750000101817 181.749999942957
-9999 -9999 -9999 -9999 193.499999987685 194 194.5 194 194 195 195.24999999327 195.000000013652 195 194.500000014035 195 194.249999992793 193.749999992697 193.750000007399 193.750000007494 193 193.250000007685 192.750000007781 193 192.750000007972 192.999999983867 193.5 193.999999983485 194.749999991647 195.249999991551 196.49999998291 197.249999991361 198 198 198.499999982148 199.250000009021 199 198.250000009213 196.500000018617 194.000000018809 193.749999990503 193.750000047974 192.25000002907 188.500000039142 186.500000019762 191.249999990025 181.000000261861 168.749999969496 158.250000112883 154.499999813556 168.749999822294 182.249999883962 186.749999968068 186.999999978521 186.99999997833 189.749999945346 190.999999977947 188.250000189071 184.749999966347 184.250000033939 -9999
-9999 -9999 -9999 -9999 193.249999981528 193.250000006253 193.499999987303 193.750000006444 194.749999993461 195 194.5 194 195 194 194.750000007113 193.750000007207 193.499999985394 193 193.500000014988 192.750000007589 192.5 192 191.250000007876 192 192.249999991933 193 193 193.749999991646 195 195.999999965821 197 197.249999991265 197.749999991169 198 198.749999972935 199.250000009117 199.000000036849 196.750000027925 195.000000000001 193.750000028498 193.000000019191 189.500000038761 188.750000009786 184.000000079048 181.250000029928 176.499999939573 173.500000162669 164.750000051312 153.000000082865 157.00000010453 168.499999852309 172.999999957417 178.749999924817 181.999999999999 186.499999912551 191.249999944866 192.000000022245 188.250000123391 183.500000045251 180.750000011408
-9999 -9999 -9999 192.000000024248 190.500000000001 192.499999987495 193 193 193.249999993461 194.249999980095 194 194 194.5 193.749999992983 193.500000014226 193.749999992793 192.750000007303 192.499999985203 192.250000007494 192 191.750000007685 191.5 190.749999992124 190 190.5 191.749999975513 193 193.499999983293 194.249999991551 195.49999998291 196.249999991361 196.5 197.5 198.249999991074 198.749999990979 198.250000009117 197.750000009213 197.000000018616 196.500000018807 195.000000018998 193.250000028784 192.50000003876 188.250000048927 185.750000009881 179.999999960093 181.000000120855 167.750000172841 160.499999815275 158.750000134653 143.750000031362 148.500000274277 156.499999914847 159.499999957043 167.749999880814 180.999999868829 185.249999988975 189.749999988879 185.500000112173 182.000000022624 181
-9999 -9999 189.500000035797 181.999999987874 185.749999993841 188.249999981241 190.750000006347 192.5 193 193.749999993365 193 193.749999993174 194 193.249999992982 193.500000014226 193.249999992792 192.499999985394 192 192 191.500000015179 191.000000015369 191 190.249999992124 190 190 191.499999983675 192 192.749999974939 194 194.99999998291 195.74999999136 196.249999991265 198.499999982339 198.5 198.249999990978 198.250000009117 198 197 196.250000009403 193.500000056994 192.49999998081 192.500000019379 190.000000039141 189.250000029643 185.750000029929 178.250000090644 173.249999908501 174.750000153939 158.750000072506 142.000000271793 139.000000021102 140.250000053224 145.249999838897 165.49999976162 168.000000240479 176.249999900758 186.5 188.000000000001 184.750000056566 181.999999977184
-9999 -9999 186.750000065631 177.750000042433 177.999999975371 183.749999956231 186.999999974608 189.749999980669 191.499999986921 193.000000000001 193.75000000673 193 193.749999993079 193 193.250000021339 193 192.249999992697 191.5 191.250000007494 190.75000000759 191 190.499999984439 190.250000007876 190 190.5 191 191.5 192.749999991646 193.5 194.49999998291 195 197.250000008735 197 198.499999982148 198.999999999999 198 198.250000009213 197.749999990691 196.500000018807 194.500000037995 191.249999990405 189.750000087211 185.500000058713 187.499999940715 189 186.7500000705 183.750000071168 177.000000061574 164.250000093221 153.000000062718 154.9999999578 149.500000212889 142.749999752982 150.250000097526 149.249999770451 166.249999856656 180.749999877659 185.749999966348 187.749999943435 183.75000007986
-9999 -9999 187.250000053698 179.50000006062 178.75000000616 177.500000012506 176.999999961908 184.749999954892 191.499999973841 193.249999993365 194 -9999 193.249999993078 -9999 -9999 -9999 -9999 -9999 -9999 -9999 190.749999992315 190.250000007781 190.250000007876 190 190 190.499999983675 191.249999991742 192.5 193 194 195 196.250000008735 196.5 198.250000008926 198 198.500000018234 198 198 196.500000018807 196.000000037995 193.499999980812 192.00000003876 185.25000008807 183.75000000988 185.499999980045 185.250000030215 185.750000050835 180.750000051312 174.499999937855 167.750000031362 157.000000084389 147.750000095805 149.250000075187 144.750000075854 139.750000032791 151.749999680229 172.249999922144 182.499999910258 184.750000011313 184.750000034224
