socal_rasters/maxTempColdest_SPHAsouth_aggfac2.asc
NCOLS 210 
NROWS 130 
XLLCORNER -119.45 
YLLCORNER 32.483333333 
CELLSIZE 0.0166666666666667 
NODATA_value -9999 
[rows 0 to 26 of 130, columns 0 to 59 of 210]
-9999.000000000000000 -9999 -9999 -9999 -9999 -9999 -9999 -9999 -9999 -9999 -9999 -9999 -9999 -9999 -9999 -9999 -9999 -9999 -9999 -9999 -9999 -9999 -9999 -9999 -9999 -9999 -9999 -9999 -9999 -9999 -9999 -9999 -9999 -9999 -9999 -9999 -9999 -9999 -9999 -9999 -9999 -9999 -9999 -9999 -9999 -9999 -9999 -9999 -9999 126.249999957464 -9999 -9999 -9999 -9999 -9999 -9999 -9999 -9999 -9999 -9999
-9999 -9999 -9999 -9999 -9999 -9999 -9999 -9999 -9999 -9999 -9999 -9999 -9999 -9999 -9999 -9999 -9999 -9999 -9999 -9999 -9999 -9999 -9999 -9999 -9999 -9999 -9999 -9999 -9999 -9999 -9999 -9999 -9999 -9999 -9999 -9999 -9999 -9999 -9999 -9999 -9999 -9999 -9999 -9999 -9999 -9999 125.999999920101 139.750000049879 133.499999907405 127.00000008506 121.500000009643 116.000000068834 -9999 -9999 -9999 -9999 -9999 -9999 -9999 -9999
-9999 -9999 -9999 -9999 -9999 -9999 -9999 -9999 -9999 -9999 -9999 -9999 -9999 -9999 -9999 -9999 -9999 -9999 -9999 -9999 -9999 -9999 -9999 -9999 -9999 -9999 -9999 -9999 -9999 -9999 -9999 -9999 -9999 -9999 -9999 -9999 -9999 -9999 -9999 -9999 -9999 -9999 -9999 134.499999966776 125.250000063732 121.249999986969 141.749999889026 146.750000086152 126.750000078712 120.499999943304 120.500000038574 118.999999911512 132.249999974943 142.000000030643 138.999999999997 -9999 -9999 -9999 -9999 -9999
-9999 -9999 -9999 -9999 -9999 -9999 -9999 -9999 -9999 -9999 -9999 -9999 -9999 -9999 -9999 -9999 -9999 -9999 -9999 -9999 -9999 -9999 -9999 -9999 -9999 -9999 -9999 -9999 -9999 -9999 -9999 -9999 -9999 -9999 -9999 -9999 -9999 -9999 -9999 129.749999898185 146.500000007733 127.750000099061 114.50000006493 117.749999896164 124.000000042488 127.250000013032 139.999999937854 156.50000001814 140.000000101859 126.000000047263 127.750000081958 116.000000029502 121.249999824585 140.00000010215 121.499999989598 120.7499999841 124.750000037754 -9999 -9999 -9999
-9999 -9999 -9999 -9999 -9999 -9999 -9999 -9999 -9999 -9999 -9999 -9999 -9999 -9999 -9999 -9999 -9999 -9999 -9999 -9999 -9999 -9999 -9999 -9999 -9999 -9999 -9999 -9999 -9999 -9999 -9999 -9999 -9999 -9999 -9999 131.499999979667 132.250000108012 114.999999957036 129.999999955894 141.499999977369 154.250000065725 130.250000083211 114.250000068986 116.499999966771 126.749999978754 132.499999991312 130.250000013317 141.999999891181 -9999 152.750000070877 141.000000048205 130.500000039326 129.499999939851 148.000000040857 131.000000041623 125.499999968203 132.749999973024 137.499999945099 141.749999927386 -9999
-9999 -9999 -9999 -9999 -9999 -9999 -9999 -9999 -9999 -9999 -9999 -9999 -9999 -9999 -9999 -9999 -9999 -9999 -9999 -9999 -9999 -9999 -9999 -9999 -9999 -9999 -9999 -9999 -9999 -9999 -9999 -9999 -9999 106.499999993603 109.749999996701 116.499999932218 141.74999996864 136.750000089496 139.499999948545 143.000000000003 157.250000027061 142.000000055473 127.250000036529 133.74999989617 138.750000004247 133.000000017372 137.00000005327 140.250000013607 148.999999944441 -9999 153.500000038568 150.24999996559 153.999999899761 147.999999989792 146.749999984395 147.999999968212 153.000000010791 152.000000087834 141.500000078189 129.500000056802
-9999 -9999 -9999 -9999 -9999 -9999 -9999 -9999 -9999 -9999 -9999 -9999 -9999 -9999 -9999 -9999 -9999 -9999 -9999 -9999 -9999 -9999 -9999 -9999 -9999 -9999 -9999 -9999 -9999 -9999 132.500000110631 112.499999987973 117.750000009304 112.000000063954 96.0000000263456 107.749999922058 123.749999968646 133.24999994631 147.000000014707 145.49999990196 154.749999911076 165.250000059432 150.999999975649 154.499999983383 144.250000131711 134.499999982624 142.24999996005 150.999999990929 155.000000027777 -9999 158.500000028925 160.749999975417 -9999 149.749999974463 151.750000036419 152.50000003179 144.750000026972 136.250000060391 126.250000039101 121.500000068167
-9999 -9999 -9999 -9999 -9999 -9999 -9999 -9999 -9999 -9999 -9999 -9999 -9999 -9999 -9999 -9999 -9999 -9999 -9999 -9999 -9999 -9999 -9999 -9999 -9999 -9999 -9999 -9999 108.999999967356 135.49999987607 124.250000131005 109.9999999579 126.999999962772 121.250000054366 100.750000075749 98.5000000000004 105.249999968641 113.499999978519 126.749999966917 130.999999894419 144.749999911076 164.499999928682 160.749999971597 152.000000124596 144.500000016996 141.00000000869 144.250000013319 153.49999991838 161.249999995372 161.750000004727 -9999 -9999 155.000000010024 155.249999974464 158.749999921958 153.750000079475 142.000000043155 132.250000027451 130.499999955321 130.999999897749
-9999 -9999 -9999 -9999 -9999 -9999 -9999 -9999 -9999 -9999 -9999 -9999 -9999 -9999 -9999 -9999 -9999 -9999 -9999 -9999 -9999 -9999 -9999 -9999 96.7499999836263 103.249999973218 109.250000002535 114.499999984253 136.999999923807 148.750000025346 133.750000101888 119.000000030062 127.499999931746 129.250000028779 111.000000092211 107.249999949166 118.24999994773 119.750000017897 127.749999900765 142.999999954746 153.749999911076 168.999999960377 156.250000004063 153.749999962618 152.250000012745 154.500000017371 153.750000039949 154.249999941054 162.499999962961 167.24999996692 170.000000019284 161.249999985249 163.499999999997 160.250000035752 163.249999911549 157.500000084774 150.750000026968 147.24999999451 140.500000044679 145.499999920463
-9999 -9999 -9999 -9999 -9999 -9999 -9999 -9999 -9999 -9999 -9999 -9999 -9999 -9999 -9999 -9999 -9999 -9999 -9999 -9999 -9999 83.2499999815288 91.9999999914078 99.4999999775676 95.0000000233942 96.7499999975629 98.2499999873494 105.999999968491 120.499999972787 136.749999923945 156.250000037849 139.500000036084 140.750000009309 136.000000051166 124.500000059283 109.749999935611 131.749999905924 133.000000021482 138.499999941199 148.999999932126 158.500000038667 -9999 165.750000028406 159.000000041532 161.749999919275 159.250000047777 151.499999991124 153.499999954658 160.249999958331 169.999999971646 171.250000024106 167.500000009832 162.750000015036 160.249999984679 168.250000015608 160.250000058284 160.499999978425 157.750000071368 155.749999972076 160.5
-9999 -9999 -9999 -9999 -9999 -9999 -9999 -9999 -9999 -9999 -9999 -9999 -9999 -9999 -9999 -9999 -9999 -9999 -9999 121.74999999441 110.000000043047 95.2500000020487 104.749999963483 117.999999986535 109.500000032744 95.0000000292157 98.2499999822881 102.749999986872 116.499999951019 139.499999921129 156.500000040753 144.499999951884 144.000000018608 129.75000009914 114.000000072456 112.49999993222 135.499999895467 142.500000078752 142.249999981627 151.499999924589 164.999999984538 -9999 -9999 168.750000004153 164.750000021244 157.500000000001 159.999999973366 163.499999981861 163.250000004628 167.24999995747 172.750000024105 168.000000019666 163.500000020046 167.249999943817 169.25000003642 164.250000058281 164.250000005394 162.24999998353 161.999999977657 163.250000017042
-9999 -9999 -9999 -9999 -9999 -9999 -9999 -9999 -9999 -9999 -9999 -9999 -9999 -9999 -9999 170.750000013315 163.250000014177 155.750000005017 144.500000010599 137.75000003537 129.250000017616 128.499999971273 129.499999995712 138.500000008975 120.500000070182 108.75000002192 98.2500000430143 100.999999952741 122.999999874821 153.999999926764 163.249999962145 172.00000001203 157.000000080657 128.749999996806 128.750000095513 127.999999939003 142.249999947739 154.750000010741 138.000000080859 134.749999950978 155.999999914939 172.999999936606 165.500000056813 159.50000001661 156.000000033987 157.249999952223 162.999999973369 167.499999981863 169.499999990741 171.999999962199 174.750000014463 170.500000009832 169.000000010025 172.249999994893 170.250000005204 167.000000031791 168.750000005395 167.750000038428 161.750000039093 157.500000022721
-9999 -9999 -9999 -9999 -9999 -9999 -9999 -9999 -9999 -9999 -9999 -9999 178 176.000000007737 170.500000000004 167.750000007397 164.500000009448 161.499999999998 159.75000001236 156.75000001675 153.499999999997 160.249999965104 153.250000019331 141.000000053851 122.75000003978 113.000000058445 101.749999982289 116.499999963235 129.749999899322 152.249999974644 169.749999956326 181.500000012027 155.000000124091 149.49999994883 145.250000003289 150.499999999995 154.249999926825 162.750000075179 146.500000029403 154.749999920809 161.49999992267 176.999999992075 171.749999987826 169.000000041533 164.750000012748 162.249999986967 168.250000004437 171.249999986397 170.49999998148 175.749999995274 176.25000000482 174.249999995082 174.250000015035 174 171.999999989594 170.999999989402 168.750000026973 165.750000016471 163.250000027927 157.750000062487
-9999 -9999 -9999 -9999 -9999 -9999 -9999 -9999 -9999 177.750000002721 176.99999999599 178.000000004392 175.75000000358 166.750000009026 163.500000011075 162.249999992599 156.249999998422 155.250000001667 151.000000007058 152.749999979518 158.74999999021 168.499999963057 165.000000034367 149.500000022435 130.000000028078 130.999999980531 134.500000045552 144.749999950117 147.499999912931 166.749999957752 176.749999985446 182.750000009022 165.750000046536 162.249999920055 159.500000032937 157.749999955943 171.749999940764 170.250000082339 168.999999970603 172.250000003777 177.999999984536 174.750000011884 168.500000032464 167.000000000004 160.749999987253 161.499999939193 172.999999973366 174.749999986399 176.749999986111 176.0000000189 173 174.999999999999 175.749999994988 175.500000010215 174.750000005203 172.750000015896 172.249999983818 171.25000000549 171.250000016756 166.250000017044
-9999 -9999 -9999 -9999 -9999 -9999 -9999 -9999 180.249999997564 177.750000002721 178.250000007021 166.000000015377 152.749999994037 153.750000001295 153.000000016613 146.000000014788 147.499999987396 145.99999997327 153.249999991162 167.999999992552 171.249999994127 172.999999979476 174.250000027918 166.500000013458 155.499999995317 157.999999990254 163.499999964574 165.749999986867 176.499999978226 180.499999977464 184.999999994177 185 181.250000015511 173.000000025581 168.749999990115 167.750000016938 174.499999937276 180.500000007158 182 182 181.250000011598 180.25000001981 179.750000004057 179.500000016612 176.000000008495 178.249999995655 177.999999991121 176.750000004536 174.25000001389 171.500000018903 170.000000000001 170.249999985252 173.249999994989 173.999999989786 174.749999994797 171.749999994701 169.250000016185 167.000000000002 169.249999994416 169.000000011362
-9999 -9999 -9999 168.250000002339 168.499999996567 -9999 -9999 177.750000002148 180.750000002435 178.250000006349 168.75000001504 166.500000002202 166.74999999881 169.50000000258 166.250000004157 167.749999992605 169.999999993701 169.999999986639 174.749999994704 173.499999973942 178.499999992172 178.249999997949 182.249999989261 176.250000029167 172.750000007021 174.749999978089 176.499999994943 182.749999997376 184.499999994558 185.74999999155 186.250000002912 185.5 185.250000003103 185 184.249999996707 184 183.750000003485 183.5 183 180.250000003768 178.750000011597 174.999999999996 171.250000028399 176.749999979232 173.500000008494 174.749999995654 176.249999995561 174.749999995465 173.249999976849 171.500000018902 164.000000048209 164.749999965586 170.499999979953 173.249999984678 174 172.750000015896 169.750000016185 164.000000000002 162.249999983244 161.999999954552
168.250000000518 159.75000000157 169.749999999287 166.5 168.749999994418 175.749999997377 -9999 178.250000005009 182.750000000811 177.000000001814 174.750000001002 176.249999994509 177.749999996418 174.000000012891 168.499999994461 174.24999999852 177.249999995274 176.499999986637 177.750000015892 179.250000005582 180.749999998043 180.749999977425 183.500000004295 185.500000008972 185.749999983623 187.250000002434 187.249999997468 187.5 187.500000005442 187 186.500000005823 185.750000003007 185.000000006206 181.500000012794 181.749999996709 179.250000016946 170.750000024395 176.250000010743 165.250000011033 161.499999969838 153.500000069603 146.500000015857 150.500000000007 160.999999916941 169.000000033992 164.999999973943 158.500000062148 165.250000013604 157.750000069453 156.000000009455 159.750000014465 165.249999985253 167.99999996993 173.250000005108 172.500000000001 172.499999989404 171 167.75000001647 163.000000067026 153.000000056815
-9999 175.000000000002 173.000000003339 170.000000002673 162.750000002144 159.250000005771 164.749999990691 176.499999989975 181.500000001624 179.249999990022 178.000000002006 180.249999998903 178.250000005968 172.000000007732 169.250000012461 170.999999979289 180.749999988977 181.999999993319 181.750000005298 182.249999990693 184.499999996088 183.249999977425 187.75000000215 189.749999997757 189.749999997661 189.5 188.75000000253 188 187.250000008163 185.000000005632 184.500000005822 181.749999990978 174.000000043429 166.25000002238 163.250000003289 164.00000004744 156.750000010455 159.750000025059 153.000000022054 147.000000037713 146.24999997294 149.750000011891 142.75000006087 142.999999966773 152.749999995745 149.00000003475 141.75000000444 140.999999945582 145.250000004622 138.250000004721 139.499999893938 150.999999960668 162.999999969928 168.499999979569 167.000000031216 166.999999978805 166.499999999999 163.250000038426 146.250000117287 130.750000028401
-9999 -9999 -9999 176.000000002671 174.750000000428 169.500000005248 162.999999995033 166.999999987113 179.999999991882 184 182.500000002007 181.000000000001 177.500000007161 169.000000010314 162.999999997228 170.74999997781 179.749999988977 183.75000000167 184.750000005296 184.99999998883 188.499999996086 189.999999995896 190.5 190.000000004488 184.75000000702 177.750000031655 171.500000000006 178.250000013133 178.00000004354 172.250000025352 170.000000011644 171.750000003007 171.500000006207 167.500000031979 166.749999990118 166.750000016945 164.50000001394 159.250000010742 155.000000022054 152.250000011315 149.999999976803 155.499999960379 160.249999987826 160.749999987539 159.750000029739 156.999999956563 155.250000013316 146.250000022668 143.250000023145 130.750000070875 126.999999942152 141.749999886926 148.000000050122 156.499999948929 160.499999979192 157.24999997351 161.249999929873 154.000000076855 142.999999944144 145.49999997727
-9999 -9999 -9999 181.500000000668 180.000000003437 178.500000004199 174.749999995659 177.49999999857 180.499999996754 184.749999999093 179.250000005013 177.250000001099 177.24999999642 172.25000000129 170.249999998617 174.000000011837 178.9999999937 183.749999984968 187.499999996468 188.499999996277 189.249999998043 189.750000002052 184.75000001503 173.000000031402 165.500000028068 165.749999968353 170.999999989882 175.749999976369 180.499999999998 176.750000002818 176.250000002913 175.000000006015 175.999999993796 175.999999993606 175.999999993415 173.749999996614 172.750000010458 171.750000025061 169.500000007353 165.250000049026 163.250000050266 157.500000031701 159.499999959422 165.999999950163 167.250000012748 164.999999991314 157.500000026633 156.000000063483 148.999999990736 149.500000018904 134.250000053035 132.500000029504 128.999999959902 138.999999928494 145.999999968782 155.99999990463 166.999999956844 171.499999989022 170.249999994417 170.500000011364
-9999 -9999 -9999 -9999 -9999 -9999 177.000000001238 178.749999997855 183.249999994318 184.750000000907 180.750000001004 177.999999991213 177.500000004776 176.999999994842 176.749999990306 179.249999992602 181.999999993699 185.249999991647 187.749999998234 188.5 188.749999998043 186.250000022575 178.000000004294 176.249999970834 179.750000002338 178.999999990259 179.749999997469 180.750000007877 180.000000016328 180.250000002816 181.499999999999 180.5 180.250000003102 179.250000003198 179.5 180.5 180.750000003483 180.000000014319 178.250000003674 177.250000018854 174.500000015464 170.000000007922 171.250000020289 172.249999979233 171.750000012744 171.000000034745 165.250000057706 149.750000077082 148.999999925923 157.750000004723 157.500000009637 157.000000049157 153.50000006014 152.749999913172 161.499999979187 161.249999920519 172.999999978422 175.49999998902 175.999999999999 176.249999994319
-9999 -9999 -9999 -9999 -9999 -9999 -9999 180.249999993558 184.749999997565 184.500000005443 180.500000002007 181.749999996706 181.24999999642 181.499999997423 182.500000000001 183.999999997043 185.749999998425 187.249999998329 188 188.250000001861 184.750000005868 180.750000002053 182.749999993558 184.499999995514 183.999999995322 183.499999995131 182.74999999241 183.750000002627 184.750000002722 184.249999997184 184.249999997089 183.750000003008 183.499999993796 184.000000000001 183.249999996708 184.000000006778 184.000000006968 182.750000010741 181.000000014702 179.000000000001 176.7500000116 176.000000000001 177.249999987828 177.5 177.750000004249 177.000000008689 172.500000000002 165.250000058952 150.000000027783 158.749999929118 167.500000019285 171.500000019667 168.249999974941 170.000000010216 170.749999984393 173.749999984106 175.74999997303 176.999999989021 178.500000011171 178.499999988639
-9999 -9999 -9999 -9999 -9999 -9999 -9999 -9999 -9999 -9999 186 186.000000002196 185.750000001193 185.750000001289 186 185.74999999852 186.749999998425 187.499999996659 187.5 188 187.25000000587 185.749999997947 186.500000004295 186.249999997756 185.5 185.750000002435 186.24999999747 186.250000002626 186.500000005443 186.000000005633 185.5 186 185.5 185 184.5 182.500000006778 178.750000010451 181.750000010739 182.249999996326 182.750000003771 181.000000007732 180.5 179.750000004057 179.5 179.749999995751 179.5 178.74999999556 174.50000006348 161.500000046294 168.499999896039 176.249999966252 177.50000000983 177.500000010022 177.749999994892 177.499999999998 179.249999994701 180.749999983817 181.74999998353 182.250000005585 181.5
-9999 -9999 -9999 -9999 -9999 -9999 -9999 -9999 -9999 -9999 -9999 187 186.750000001193 186.749999998711 186.5 187.249999998521 187.249999998425 187.749999998329 187.750000001766 187 187 186.5 186.750000002148 186.000000004487 183.999999999998 184.249999987824 186.5 186.750000002626 185.25000000272 183.750000008449 182.500000005822 182.999999993986 181.2500000031 182.499999999998 183 184 183.000000006968 178.000000021478 178.9999999853 182.250000003771 181.5 181.750000003962 180.750000004058 178.500000024918 178.250000021245 174.499999999999 173.24999998668 171.000000009063 163.000000027777 175.499999905493 182.000000000001 181.5 182.750000005013 181.500000010216 182.249999994798 181.749999994702 182.499999989212 182.74999999451 183.249999994415 183.249999994319
-9999 -9999 -9999 -9999 -9999 -9999 -9999 -9999 -9999 -9999 -9999 187 187 187.5 187.5 187.5 187.749999998425 187 187 187 186.250000001957 186.250000002053 185.500000004295 184.999999995512 186.5 186.749999997565 187 186.250000002625 185.999999999999 186.999999999999 187 186.5 186.749999996897 185.750000015988 183.000000019761 179.500000020335 178.250000024392 -9999 179.000000000002 178.250000003772 177.250000019333 174.000000000002 172.249999971598 173.500000008308 169.000000033994 165.250000039096 161.750000031074 163.499999963719 176.999999972216 181.499999971646 182.749999995178 183.499999990167 183.999999989976 184.5 184.5 184.5 184.249999983816 184.5 184.5 184.500000011362
-9999 -9999 -9999 -9999 -9999 -9999 -9999 -9999 -9999 -9999 -9999 187 187 187.5 187.749999998615 187.75000000148 186.5 187 186.5 186 185.750000001957 185.249999997947 185.249999997852 186 186 186.499999995131 186.75000000253 186.999999994749 186.250000013606 184.000000005631 183.999999994175 185.250000021047 183.000000018613 181.000000006397 180.750000003293 178.250000016945 174.000000013938 172.249999982101 173.5000000147 169.50000001508 168.750000011597 164.250000051508 160.249999979709 160.250000037379 161.499999974508 160.499999991314 163.999999946734 175.999999963726 182.99999999074 184 184.499999990359 185 185.5 186 186.499999989594 186.249999994702 185.5 185.25000000549 185.5 185.5
-9999 -9999 -9999 -9999 -9999 -9999 -9999 -9999 -9999 -9999 -9999 -9999 186.5 187.249999996132 187.750000001385 187.250000001479 187.249999998425 186.25000000167 186 185.750000001861 185.5 185.5 185.5 185.749999997756 186 186.249999997565 186.5 187 186.000000005443 182.000000022534 183.249999991267 184.250000003008 182.750000009308 181.249999996803 180.749999996707 180.000000006777 178.250000010453 174.750000010742 171.000000007354 164.000000022629 156.750000027066 157.749999972262 163.249999995939 166.749999954313 168.749999987251 171.499999999997 174.999999999998 177.249999968256 183.249999986111 184.749999995274 185.499999990358 185.749999995083 186.499999989976 186.749999994892 187.5 187 187 186.75000000549 186 186
