socal_rasters/minTempWarmest_SPHAsouth_aggfac2.asc
NCOLS 210 
NROWS 130 
XLLCORNER -119.45 
YLLCORNER 32.483333333 
CELLSIZE 0.0166666666666667 
NODATA_value -9999 
[rows 27 to 53 of 130, columns 122 to 182 of 210]
163.500000000001 163.99999997642 165.499999976229 165 166 166.250000012173 164.750000012269 162.000000098907 161.749999987544 160.249999937233 159.499999999999 154.750000089214 152.749999910119 154.99999992239 153.750000117278 140.000000210021 132.750000119004 129.499999946736 122.750000362155 -9999 -9999 -9999 -9999 -9999 -9999 -9999 -9999 -9999 -9999 -9999 -9999 -9999 -9999 -9999 -9999 -9999 -9999 -9999 -9999 -9999 -9999 -9999 -9999 -9999 -9999 -9999 -9999 -9999 -9999 -9999 -9999 -9999 -9999 -9999 -9999 -9999 -9999 -9999 -9999 -9999 -9999
164 165.49999997642 164.749999988115 165.999999976038 166 167.250000012173 168.749999987733 168 167.500000024917 165.250000062769 161.500000075895 159.250000038232 158.750000218289 155.499999793038 157.00000018243 147.500000026255 149.249999986774 147.750000093221 138.750000147541 130.249999932451 -9999 -9999 -9999 -9999 -9999 -9999 -9999 -9999 -9999 -9999 -9999 -9999 -9999 -9999 -9999 -9999 -9999 -9999 -9999 -9999 -9999 -9999 -9999 -9999 -9999 -9999 -9999 -9999 -9999 -9999 -9999 -9999 -9999 -9999 -9999 -9999 -9999 -9999 -9999 -9999 -9999
164 164.74999998821 165.499999976229 165.750000011981 165.499999975847 166.000000000001 167.499999975465 167.249999987637 167.749999987541 168.250000012554 167.25000001265 165.750000038235 159.500000077046 160.249999883586 155.000000234552 143.249999934372 153.24999980167 152.000000106541 145.000000107305 138.999999972982 147.249999931981 149.500000000002 -9999 -9999 -9999 -9999 -9999 -9999 -9999 -9999 -9999 -9999 -9999 -9999 -9999 -9999 -9999 -9999 -9999 -9999 -9999 -9999 -9999 -9999 -9999 -9999 -9999 -9999 -9999 -9999 -9999 -9999 -9999 -9999 -9999 -9999 -9999 -9999 -9999 -9999 -9999
165.499999999999 164.24999998821 165.749999964343 166 166 167 167.249999987733 168 167.5 167.999999974892 168.750000012649 168.250000012745 167.500000025681 166.750000012934 163.50000005212 158.499999999997 159.249999986776 159.250000119857 150.25000009389 150.250000040524 154.249999850353 153.500000082202 150.999999972415 138.500000416719 -9999 -9999 -9999 -9999 -9999 -9999 -9999 -9999 -9999 -9999 -9999 -9999 -9999 -9999 -9999 -9999 -9999 -9999 -9999 -9999 -9999 -9999 -9999 -9999 -9999 -9999 -9999 -9999 -9999 -9999 -9999 -9999 -9999 -9999 -9999 -9999 -9999
166.249999964917 165.50000007074 164.249999988114 165.750000035944 166 166.249999987828 167 168.5 168.250000037376 168.749999962339 168 168.749999987255 168 169.250000012936 167.750000013031 165.75000003938 164.250000013223 161.250000039953 155.250000013413 160.749999986494 158.750000013604 151.000000054801 142.750000151747 133.500000138905 120.25000001399 -9999 -9999 -9999 -9999 -9999 -9999 -9999 -9999 -9999 -9999 -9999 -9999 -9999 -9999 -9999 -9999 -9999 -9999 -9999 -9999 -9999 -9999 -9999 -9999 -9999 -9999 -9999 -9999 -9999 -9999 -9999 -9999 -9999 -9999 -9999 -9999
166.750000035083 164 164 166.999999952077 167.500000024154 168.250000036515 166.999999950929 167.750000037088 170 170 167.999999949402 167.749999987255 168.24999998716 168.99999994826 169.999999999999 168.749999986874 168.500000026444 166.750000066587 163.000000026824 157.500000216138 148.250000013606 147.250000068496 141.750000068978 143.499999972217 140.250000153842 136.000000028159 -9999 -9999 -9999 -9999 -9999 -9999 -9999 -9999 -9999 -9999 -9999 -9999 -9999 -9999 -9999 -9999 -9999 -9999 -9999 -9999 -9999 -9999 -9999 -9999 -9999 -9999 -9999 -9999 -9999 -9999 -9999 -9999 -9999 -9999 -9999
168 166.750000058951 164 164.999999952075 166.500000072459 167.499999951311 167.249999987732 169.000000024726 168.000000000001 169.5 168.750000037949 169.250000038234 167.5 167.5 168.499999973939 168.500000026253 167.750000013222 167.750000013317 166.000000053652 162.000000081052 156.500000081626 152.250000041102 148.999999972414 141.750000263916 132.250000013983 130.000000056318 129.750000070879 119.000000399627 -9999 -9999 -9999 -9999 -9999 -9999 -9999 -9999 -9999 -9999 -9999 -9999 -9999 -9999 -9999 -9999 -9999 -9999 -9999 -9999 -9999 -9999 -9999 -9999 -9999 -9999 -9999 -9999 -9999 -9999 -9999 -9999 -9999
167.5 168 167 164.750000035942 166.999999951693 165.749999987828 168.249999963197 167.999999999999 167.999999999999 168.499999974892 168.499999974701 168.49999997451 167.500000077043 166.5 168.000000000001 167.500000026252 167 166 165.250000040239 163.000000027018 160.000000054417 157.000000054799 155.00000002759 149.500000083341 142.750000153843 126.250000323869 120.750000354422 101.500000342536 87.7500000718365 -9999 -9999 -9999 -9999 -9999 -9999 -9999 -9999 -9999 -9999 -9999 -9999 -9999 -9999 -9999 -9999 -9999 -9999 -9999 -9999 -9999 -9999 -9999 -9999 -9999 -9999 -9999 -9999 -9999 -9999 -9999 -9999
167 167.49999997642 167.750000011886 167.750000011982 167.749999963771 167.25000006086 166.749999963197 167.499999999999 167.499999999999 166.250000037662 167.24999998735 167.999999974509 167.249999987161 166.500000025871 166.75000001303 166.500000026252 166.249999986778 165.750000013317 163.500000053651 157.000000108068 150.75000006802 151.499999890405 154.250000013795 153.250000041672 150.000000027973 147.250000042245 139.500000056708 126.750000157002 110.000000344821 91.0000001157082 81.7500001310288 -9999 -9999 -9999 -9999 -9999 -9999 -9999 -9999 -9999 -9999 -9999 -9999 -9999 -9999 -9999 -9999 -9999 -9999 -9999 -9999 -9999 -9999 -9999 -9999 -9999 -9999 -9999 -9999 -9999 -9999
166.250000011695 167 167.749999988115 168.749999988019 166.749999963772 168.249999987829 166.999999975467 164.749999962912 164.999999975083 165.499999974892 164.999999949402 167.000000025491 166.750000064203 165 165 165 164.250000013223 162.250000039954 160.500000026827 159.499999999998 157.25000004081 157.500000027399 155.50000005518 152.750000041672 146.750000069933 143.500000112654 132.250000155949 123.499999971458 125.250000014366 117.250000216938 105.500000029109 109.000000029301 101.500000117989 -9999 -9999 -9999 -9999 -9999 -9999 -9999 -9999 -9999 -9999 -9999 -9999 -9999 -9999 -9999 -9999 -9999 -9999 -9999 -9999 -9999 -9999 -9999 -9999 -9999 -9999 -9999 -9999
165.250000011694 166.49999997642 167.499999976229 168 167.249999987924 167.250000012172 165.250000061337 160.499999975273 163.75000001246 162.499999974892 162.000000075896 162.749999961764 164.249999961478 164.5 163.500000026061 162.5 161.500000026443 160.749999960047 161.249999959761 162 159.750000040812 158 155.50000002759 152.750000069453 148.250000013988 147.000000056327 139.000000170126 135.750000042819 133.000000086205 131.000000000001 127.000000000004 129.750000014656 124.750000103246 114.50000008907 99.0000001195289 -9999 -9999 -9999 -9999 -9999 -9999 -9999 -9999 -9999 -9999 -9999 -9999 -9999 -9999 -9999 -9999 -9999 -9999 -9999 -9999 -9999 -9999 -9999 -9999 -9999 -9999
166.99999997661 167.5 168 167.750000011981 167 166.250000012172 165.000000049071 165 162.000000049834 161.249999987447 160.750000012649 160.250000063725 161.749999935799 163.000000000001 164.24999998697 163.000000026252 163.000000079331 161.750000013317 162.249999986588 160.750000040526 159.000000027209 157.5000000274 155.750000013795 154.500000027781 151.250000041958 147.499999971838 145.25000009924 142.500000057088 140.75000010057 136.250000101238 137.999999883534 133.749999956036 135.74999992625 133.25000007422 131.250000044813 127.499999879707 122.750000015128 -9999 -9999 -9999 -9999 -9999 -9999 -9999 -9999 -9999 -9999 -9999 -9999 -9999 -9999 -9999 -9999 -9999 -9999 -9999 -9999 -9999 -9999 -9999 -9999
167 167.000000023579 166.249999988114 166.75000001198 166 164.250000060861 160.500000073606 159.500000049451 158.5 153.750000112988 154.749999860854 158.750000063725 155.499999974317 157.499999974128 160.499999973937 163.500000026251 163.249999986779 161.250000039955 160.250000013414 159.249999986491 158.749999986396 157.5000000274 156.00000002759 153.250000041672 150.250000041958 146.750000042246 148.750000014179 148.000000000001 145.500000028736 142.749999985538 143.000000000001 145.000000087926 144.249999808257 147.500000000002 148.250000014943 144.250000105256 135.750000015136 142.999999786824 140.250000045971 -9999 -9999 -9999 -9999 -9999 -9999 -9999 -9999 -9999 -9999 -9999 -9999 -9999 -9999 -9999 -9999 -9999 -9999 -9999 -9999 -9999 -9999
167.000000023389 166.5 166.5 165.250000011981 165 165.5 161.50000009814 152.750000061816 157.749999862957 159.750000012554 158.499999949401 155.50000012745 154 154.750000038804 156.999999973938 159.000000000001 159.499999973557 161.000000000002 161.500000000001 161.749999986492 161.000000027208 159 158.50000002759 155.750000041671 152.999999999999 153.249999985918 152.750000014177 152.000000028544 150.000000057468 147.00000005785 147.499999941767 150.499999970691 151.24999995575 154.00000002969 152.499999940238 157.250000045108 152.499999999998 153.000000121816 147.500000061287 144.750000015411 146.749999829345 -9999 -9999 -9999 -9999 -9999 -9999 -9999 -9999 -9999 -9999 -9999 -9999 -9999 -9999 -9999 -9999 -9999 -9999 -9999 -9999
166.5 166 165.5 165.250000011981 165.249999987923 164.749999987828 162.500000024535 157.750000086543 155.249999887875 160 160.5 159.000000025491 157.500000051363 158.49999989652 159.499999973939 159.750000013127 157.750000013223 157.249999986683 157.5 157.750000013507 158.249999959186 158.500000082197 157.5 156 155 153.750000014082 153.749999985823 153.249999985728 152.749999985633 151.250000014464 150.000000000001 153.499999912076 154.250000073748 158.499999940622 161.750000014943 163.000000030074 159.249999984872 157.250000167501 158.750000076615 163.249999953749 163.499999813843 168.999999875131 164.250000078528 177.999999620822 -9999 -9999 -9999 -9999 -9999 -9999 -9999 -9999 -9999 -9999 -9999 -9999 -9999 -9999 -9999 -9999 -9999
166 165.75000001179 164.750000011886 163.750000011981 164.249999987924 162.750000085204 161.499999926395 161.750000037088 161.249999987542 161.249999962338 162.499999924103 162.250000063725 161.750000038522 161.749999961194 161.749999986969 163.000000026252 163.249999960333 162.250000013316 160.999999999999 160.5 157.499999999999 157.999999972601 158.250000013795 157.500000027782 155.250000013987 154.250000014082 154 154.249999985727 155.249999985633 155.750000014462 154.750000014558 156.499999912074 160.499999941001 164.249999955465 168.499999940237 169.999999999999 170.000000090789 169.249999954316 173.250000107257 176.250000077087 180.249999922429 183.499999906341 188.249999984294 191.999999999998 183.000000127153 -9999 -9999 -9999 -9999 -9999 -9999 -9999 -9999 -9999 -9999 -9999 -9999 -9999 -9999 -9999 -9999
165 165 164.5 163.75000001198 162.000000072459 161.499999999999 162.00000004907 163.24999996291 161.999999975084 161.250000012554 162.25000001265 162.49999997451 162.99999997432 163 163.499999947878 163.5 164.499999973556 165.249999986683 166.250000013414 164.000000000001 163.000000000001 162.249999986301 158.250000096566 156.74999998611 154.750000013985 154 154 154.749999985728 156.249999985633 157.499999971075 158.749999956326 161.499999970693 164.749999955752 167.249999955465 170.499999940238 174.249999954892 175.500000000001 176.999999939093 180.749999954033 184.499999938329 189.24999995346 192.249999984392 195.499999937183 198.2500000158 200.999999968212 200.250000015993 200.749999887403 204.74999978964 -9999 -9999 -9999 -9999 -9999 -9999 -9999 -9999 -9999 -9999 -9999 -9999 -9999
165 164.5 164.5 163.5 160.250000012076 160.750000036515 160.999999999999 161.500000024726 161.499999975083 162.500000025108 163.500000025299 163.249999961764 163.25000001284 164.999999948259 164.500000026061 161.750000118137 160.999999894227 167.49999994673 167.249999986587 168.750000013508 166.750000013603 165.500000027399 161.00000011036 159.750000041671 155.500000111888 153.499999943673 154.249999985823 154.249999985727 156.5 158.249999956612 161.499999970884 163.749999985346 163.250000044252 164.249999925778 164.750000014944 172.249999954894 177.499999848685 181.249999984772 184.749999954032 187.749999953746 190.749999953459 190.000000156094 193.000000188458 195.49999965242 203.249999984106 205.749999952029 206.499999999999 208.749999919091 212.249999951168 -9999 -9999 -9999 -9999 -9999 -9999 -9999 -9999 -9999 -9999 -9999 -9999
164.5 163.75000003537 164 163 163 160.500000048688 159.750000036803 161.999999975275 163 163.750000012554 163.249999962051 163.49999997451 164.24999998716 162.750000012934 162.500000026061 159.750000065633 163.749999960335 167.499999973365 168.499999973174 -9999 169.750000040813 167.7500000411 161.249999986205 163.24999998611 160.750000097904 157.499999943675 155.499999943292 157.000000000001 158.749999985633 156.499999971076 158.499999970882 155.750000073266 149.250000103246 146.999999970307 149.500000149398 153.49999990978 160.749999773024 170.249999984762 161.749999984667 178.49999993832 173.000000527454 162.00000037461 159.749999607382 186.749999573419 200.499999904629 198.499999872073 198.250000144762 211.499999967638 214.499999967446 217.499999967255 -9999 -9999 -9999 -9999 -9999 -9999 -9999 -9999 -9999 -9999 -9999
163.749999988306 164 163.5 161.500000071886 161.249999963771 160 160.499999975465 161.500000024726 162.999999999999 163 164.500000025299 164.250000012744 163.250000089884 158.249999909452 163.499999947876 -9999 164.750000039666 167.249999960047 169.250000013412 169.499999972983 -9999 -9999 169.250000096563 165.249999902765 163.500000055945 160.250000070407 157.249999985823 160.749999957182 162.499999999999 158.750000072314 152.500000116467 146.250000102578 141.250000044246 136.750000044536 139.749999955178 144.249999864677 148.249999924345 151.250000045683 147.750000045968 143.74999979957 146.750000418871 126.499999968788 142.749999795848 160.749999573422 183.750000047691 160.749999888076 171.999999195723 197.749999886733 190.750000276721 212.499999574315 -9999 -9999 -9999 -9999 -9999 -9999 -9999 -9999 -9999 -9999 -9999
162.750000011695 162.74999996463 164 163.000000023963 162.250000012078 161.249999987829 161.749999938663 163 161.999999950166 163.499999974892 164.499999974701 165.749999987255 164.499999974319 -9999 -9999 -9999 163.99999986778 168.999999999999 169.500000026826 170.750000067543 170.499999972792 171.249999958902 171 171.250000013891 165.750000181821 164.249999957757 163.750000014179 163.750000071362 162.999999999999 160.000000144626 151.000000058233 148.750000102578 142.750000044249 140.750000044537 138.750000014942 137.499999939854 140.999999939472 144.249999954316 141.750000107257 124.750000477959 109.000000155133 106.249999859517 128.499999434632 148.499999905198 154.999999904625 136.500000575642 137.749999630023 155.749999724902 161.249999625628 179.749999394216 211.499999835318 -9999 -9999 -9999 -9999 -9999 -9999 -9999 -9999 -9999 -9999
163.750000011694 164 164 164 161.999999999999 162.249999987828 162.999999975464 162.000000024726 161.5 163.5 164 166.00000005098 165.499999974319 166.50000002587 -9999 162.000000026249 167.249999986777 168.750000039952 168.749999986587 170.999999945966 170.999999972791 171 171.750000013795 172.25000001389 172.750000013986 168.750000126729 155.500000028354 150.999999971458 146.749999985635 151.749999956615 147.250000101908 144.250000014654 142.249999985249 144.000000059381 138.750000104586 130.000000180433 129.749999984872 131.999999969551 127.250000168554 110.250000447129 94.5000001861657 92.7499999531777 107.499999560278 110.750000426586 119.999999904642 121.250000431738 113.249999597861 140.749999692543 174.49999960935 183.499999967263 198.749999390686 -9999 -9999 -9999 -9999 -9999 -9999 -9999 -9999 -9999 -9999
164.250000011694 163.49999997642 161.749999988113 161.999999952075 160.750000012075 161.500000048686 161.750000012268 161.499999950547 161.999999950165 163.499999924676 165.250000012649 166.00000002549 166.250000012841 165.750000064676 164.000000026062 167.749999960622 168 168.250000039953 167.999999973173 167.250000013507 158.500000190456 161.999999726006 171.49999997241 172.24999998611 173.500000027973 173.749999985918 169.750000241013 156.750000328277 144.750000100572 143.249999985538 143.750000160141 147.250000014656 146.999999941002 141.750000074225 141.49999997012 140.000000030074 132.250000105923 119.500000243634 109.500000214516 97.2500001387637 98.4999999379513 99.2500002341395 85.4999998429523 78.5000004107707 78.2500000476749 93.0000000319748 101.999999420911 129.24999959545 138.999999739556 149.249999754406 182.499999341268 215.749999519649 -9999 -9999 -9999 -9999 -9999 -9999 -9999 -9999 -9999
158.750000081863 158.50000004716 158.5 158.500000000001 158.000000024153 156.000000048688 156.999999975465 160.749999938186 161.499999950166 160.499999949784 165 166.250000038234 167.750000064202 166 166.749999986969 168.499999973747 167.499999973556 166.50000005327 165.750000013414 163.750000094559 159.500000027207 156.000000054798 168.249999848255 172.24999998611 172.5 173.249999985919 174 173.999999971455 168.000000201135 156.999999999994 154.500000058231 160.999999999997 155.750000132744 144.50000023752 145.499999880474 146.750000075179 139.750000136185 126.000000274087 115.000000091935 111.250000015415 111.75000004654 105.50000031218 85.7500001727521 63.7500003633823 60.9999996185272 72.7499998241085 79.9999999356577 107.249999563096 132.749999462853 149.499999705287 167.749999489483 208.749999519662 -9999 -9999 -9999 -9999 -9999 -9999 -9999 -9999 -9999
158.249999988307 156.50000002358 157.249999988115 157.499999976037 156.249999963771 156.750000036516 157.749999987733 161.749999962912 163.249999987543 164.000000050217 164.999999974701 167.750000038235 168.000000051362 168.499999922389 167.250000013031 167.5 164.250000066109 158.250000013316 157.749999986585 160.249999932454 161.000000027208 156.249999958901 168.999999862049 171 172 173.249999957756 173.249999985823 173.5 173.749999985633 173.250000043389 168.000000058234 169.749999985347 165.500000117995 161.000000059384 156.250000044825 150.750000135325 139.500000121053 131.250000167495 124.24999992339 121.250000200434 115.750000139619 100.000000343398 81.7500001727516 67.2500001105997 73.4999997456865 83.2499998241102 89.999999742634 106.24999949837 133.74999952796 146.249999623429 171.749999357748 203.999999337457 229.249999950022 -9999 -9999 -9999 -9999 -9999 -9999 -9999 -9999
157.249999988307 155.50000002358 154.749999940573 155.999999976039 154.750000012076 154.499999951313 157.249999938663 161.749999938186 164.749999987542 165 167 167.50000002549 168.750000064202 168.99999994826 168 166.750000039378 162.75000006611 155.750000146492 153.49999991952 157.249999959474 156.750000095229 162.499999835605 167.499999889637 171.749999958329 172.500000027972 172.249999985918 172.749999985823 173.249999985728 173.250000014367 173.749999985538 174.000000029116 169.500000087924 166.000000029497 168.249999896084 166.000000209167 151.000000330791 132.75000019671 123.499999969542 130.000000030642 123.750000107924 113.500000155136 104.250000046827 97.0000000628144 96.4999997472077 90.5000002861024 89.2499998880684 94.499999903488 108.999999935271 119.999999674456 139.249999394215 176.749999390687 210.999999370587 226.999999966682 223.250000351847 -9999 -9999 -9999 -9999 -9999 -9999 -9999
157.249999918139 156.000000117901 154.750000011887 156.999999976038 156.749999987923 156.499999951313 158.000000073606 162.749999938186 166.749999937708 167.000000025108 168.000000025299 168.5 170 167.750000012935 168.749999986969 168.000000026252 166 164.000000053271 161.750000067067 158.749999959474 159.750000040813 168.9999999726 170.249999986205 170.499999944438 172.5 171.750000014082 172 172.249999985727 172.000000028734 172.5 173 172.749999985346 173.25000001475 169.500000089068 162.500000119524 153.750000225542 140.750000075659 141.249999893413 133.000000245161 118.500000092508 112.750000077568 114.249999984393 113.999999937184 109.750000300184 88.0000002225271 90.249999984013 96.4999996782883 119.999999644004 136.999999707018 150.49999996726 173.999999341277 205.999999701851 223.749999883385 215.500000234561 -9999 -9999 -9999 -9999 -9999 -9999 -9999
