socal_rasters/minTempWarmest_SPHAsouth_aggfac2.asc
NCOLS 210 
NROWS 130 
XLLCORNER -119.45 
YLLCORNER 32.483333333 
CELLSIZE 0.0166666666666667 
NODATA_value -9999 
[rows 27 to 53 of 130, columns 61 to 121 of 210]
168 167.749999994034 167.5 168 168.249999993747 169 169.5 168.25000000654 166.250000006636 164.000000013462 162.250000006826 163.999999972314 165.250000021052 163.749999992887 164.750000007207 165.249999992697 164.750000007399 164.000000014988 164 164.00000001537 162.000000015562 159.250000007878 157.499999968116 158.250000024202 160.749999975513 159.250000057806 157.999999983294 157.499999966207 157.500000051269 159.249999939523 161.250000008735 161.500000017661 159.749999991074 161.999999981958 163.000000036467 160.000000018426 157.750000027925 159.250000009404 159.750000009499 159.500000019189 160.24999997093 158.000000058712 146.500000118568 134.250000129692 138.999999758286 153.250000132171 145.250000051317 143.499999937857 148.499999937282 138.00000010549 131.749999861624 139.500000128887 139.749999880814 147.999999934418 147.999999955899 143.50000002225 148.249999876611 148.500000045255 156.249999874507 162.249999988497 162.749999988401
168.750000005871 168.500000011933 168.249999993938 168.749999993842 169 169.249999993651 170 170.5 169.999999999999 169.250000006729 167.00000001365 166.499999999999 166.500000028069 164.5 164 165.499999985394 165.5 165 165.000000015178 164.749999992315 165 164.000000015751 163.000000015942 163.499999999999 164.499999983674 163.250000024774 162.749999974939 162.000000016897 158.750000059814 158.749999991359 161.750000026205 162.500000017661 161.999999946443 -9999 161.000000018235 161.249999972362 159.5 161.25000002821 159.249999990501 160.750000009595 160.250000029071 156.250000048928 151.00000011857 146.49999996009 153.249999929497 158.250000010166 153.249999948686 155.499999917134 156.000000062719 153.750000010545 154.499999999997 155.499999935558 157.999999956656 158.750000010931 159.249999988972 160.499999977755 160.499999955129 160.250000011311 161.74999998859 163.000000023006 163
168.499999988258 169 169 169.250000006158 170 170 170.5 171.249999993461 172 172 171.000000013652 169.250000006922 168.000000014035 166.000000028451 164 166.249999978091 166 166 165.75000000759 166.249999992315 166.5 166.750000007877 166.250000007972 167.249999991933 167.5 166.000000000001 165.749999991647 164.750000025347 163.750000008546 163.500000000001 164.249999956326 164.250000026491 163.5 161.500000000001 162.5 162.5 162.500000037231 159.750000047016 158.249999971502 161.499999980812 159.250000009691 160.000000000001 160.24999999012 158.999999980048 160.000000000002 159.5 159.749999969213 159.749999989642 160.249999989547 160.749999989451 161.499999957423 162.250000010741 160.999999978329 162.249999967208 162.499999977948 163.500000022245 163.5 163.500000022626 163 163 163.750000034798
167.999999988259 168.750000005967 169.5 169.749999993842 169.750000006253 168.500000012698 166.999999987114 167.00000001308 170.249999980095 172.5 171.750000006826 171.5 170 169.250000007112 167.5 166.5 166.5 166.5 167 167 167.5 167.499999984248 168.249999992028 168.749999991933 168.749999991838 168.5 167.750000008353 167.000000016897 166.250000008545 166 165.750000008735 165.249999991169 164.5 164 163.5 163.250000009212 162.750000009308 162.250000009403 161.499999981001 163.250000009594 163 161.250000048927 160.999999960476 162.750000009976 162.000000020142 161.999999979665 161.99999995895 161.75000005179 161.749999968639 163.249999947255 164.5 164.749999967779 164.000000065013 163.999999934414 163.499999955894 166.749999988878 164 165.499999932122 166.000000045633 164.499999930979 164.7500000116
166.500000000001 166.999999988067 166.499999999999 166.500000012315 167 168.749999993652 167.999999987113 167.250000019619 167.249999993366 172.999999986539 173.250000006826 172.500000013844 172.249999992983 171.250000007113 169.250000007209 169.000000000001 167.500000014797 167.5 168.499999984822 168.5 168.249999976659 168.5 168.749999992029 169.5 169.5 168.749999991742 168.750000008353 168.250000008449 167.50000001709 166.75000000864 166.00000001747 165.74999999117 165 163.750000009021 163 162.249999990788 162.5 162.250000009403 162.749999990501 162.5 162.24999999031 163 163.249999990119 163.250000009977 163 163.249999989833 164 163.249999968927 164.749999989547 164.249999947256 165.749999989356 166.24999998926 167 167 167.749999988974 166.500000022245 165.99999991026 164.999999954749 165.250000011407 164.000000046013 164
167.749999994129 167.750000005966 166.5 167.49999997537 169.499999999999 170.999999974605 171.999999999999 172.499999999999 172.249999993364 172.749999993269 173.999999986348 174.5 170.250000021052 170.499999971549 171.750000007207 169.500000014607 168.999999985203 169.5 169.750000007589 170.000000015369 169.5 170 170 170.000000016133 169.749999991837 -9999 -9999 168.250000008449 167.5 167.250000025918 166.50000001747 165.750000008831 164.750000008926 163.500000018043 162.750000009117 162.250000009212 161.750000009308 162 162.249999990501 162.249999990406 162.75000000969 162.5 163 163 163.5 164 164 164.499999979284 165.249999989546 165.750000010549 166.750000010644 167.249999989259 167.249999989164 167.749999989069 168 168.500000022244 168.5 168 165.999999999998 164.499999953986 166.499999953603
169.750000005871 170.5 170.749999981815 172.249999993843 173.249999993747 173.249999993652 174 174.5 174.750000006635 173.750000020192 173 174.499999972314 174.250000035088 174.000000028451 170.749999992794 171.500000014607 171.750000007399 170.750000007494 170.74999999241 170.749999992315 171 171.250000007876 170.750000007972 170.749999991933 170.250000008162 169.749999991742 169.750000008354 168.5 167.749999991455 167.750000008639 166.5 166 164.750000008926 163.750000009022 162.750000009117 162.000000018425 161.749999990692 161.749999990596 161.749999990501 162 162.25000000969 162.749999990214 162.5 163.5 163.249999989928 164 164.499999979475 164.749999989642 165.250000010454 166 166.749999989355 167.24999996778 167.500000021671 168.750000010931 168.749999966921 169 169 168.750000011313 166.500000045634 166.250000034511 166.749999942004
170 170.999999988067 172.249999993938 172.5 173.749999993747 174.249999993652 174.999999987112 175.24999999346 176 175.5 174.250000006826 173.249999993078 176.249999992982 174.50000002845 173.250000036037 173 172.500000014797 171.750000007494 171.750000007589 172 172 171.749999992124 171.5 171 170.5 170 169.5 168.749999991551 168.250000008545 167.5 167 166 165.250000008926 164.250000009021 162.750000027351 161 161 161.5 161 162 162 162.249999990214 162.249999990119 163 163.5 163.249999989833 164.249999989738 165 165.5 165.499999978902 166.249999989356 167 167.749999989165 168.249999989069 168.750000011026 168.750000011123 168.5 168.250000011313 167 167 167
170.249999994129 170.749999994034 172 173 173.5 174.749999993652 175.249999993556 175.749999993461 176.249999993365 176.000000013461 176 177.249999979236 177.250000007017 176.000000014226 174.750000007207 173.000000014605 173.000000014796 172.750000007494 171.5 172 172.5 172.250000007876 172 171 170.750000008163 170 169.5 169 168.250000008545 167.75000000864 167 165.75000000883 164.000000017852 162.750000009021 161.250000009117 160.5 160.750000009308 161 161 161.249999990405 161.75000000969 162 162.5 162.749999990023 163 163.5 163.749999989738 164.249999989642 165 165.749999989451 166 166.24999998926 167 167.5 168 168.250000011122 168.250000011218 168 167.5 167.5 167
169.999999988258 170.749999994034 172.250000006062 172.999999987685 174.249999993747 175 175.499999987112 176.25000000654 177 177.5 177.750000006826 178 178.250000007018 176.750000007113 176.000000014414 175.5 175 174.250000007493 173.000000015179 171.750000007685 171.249999992219 172.249999976372 172 171.5 171 169.750000008258 169.5 169 168.750000008545 168 166.50000001747 163.250000026492 161.500000017852 161.250000009021 161 161 160.999999981384 161 160.749999990501 160.999999980811 161.49999998062 162 162 162.249999990024 163.249999989929 163.250000010167 163.749999989738 164 164.749999989546 165 165.749999989356 166.24999998926 166.250000010835 166.749999989069 167 167.5 167.250000011217 166.750000011313 166.500000022818 165.000000000001 164.7500000116
169.749999994129 171.499999988067 172.5 173.499999987685 174.249999993747 175.249999993652 176 176.749999993461 177 177.750000006731 178 178 177.750000007018 177.500000014226 177.250000007208 176.750000007303 176.250000007399 175 174.25000000759 172.250000007686 171.99999998444 173 172 171.750000008067 168.250000024485 167.74999999174 168.750000008353 169 168.250000008545 166.750000043197 166.249999991264 165.500000017661 163.000000017852 162.250000009022 162.750000009118 162.5 162.000000018616 161 160.749999990501 161 161.5 162 162 162.749999990023 162.749999989929 163 163.499999979475 164 164.249999989546 165 165 165.24999998926 166 166 166.249999988973 166.749999988878 166.5 165.500000000001 166.000000022817 164.499999976994 166.750000011599
170.499999988258 171.5 172.749999981814 173.249999981528 173.749999993748 175.249999993652 175.999999987112 177 177.249999993365 177.749999993269 177.749999993174 178 177.750000007017 177.749999992887 177.5 177.250000007303 176.250000007398 175.750000007494 175.000000015178 174.250000007685 173.5 173.250000007876 172.250000007971 169.000000032269 165.750000024488 164.249999991742 166.499999966588 167.999999983102 168 167.249999991361 166.750000008736 166.250000008831 165.250000008926 164.5 163.250000009117 163.000000018425 161.500000018616 160.750000009404 160.5 160.5 161 161.249999990215 162.249999990119 162.749999990024 163 163 163.249999989737 163.749999989642 163.749999989546 164.249999989451 164.749999989356 164.75000001074 165.249999989165 165.749999989069 166 166 166.749999988783 167 166.500000022817 166.249999988497 167
170.499999988258 172 173.499999987876 174.249999993843 174.5 175.5 177 177 177.50000001327 177.750000006731 178 177.749999993078 177.5 177.750000007113 177.5 176.750000007303 176.249999992601 176 175.000000015179 174 174.00000001556 173.5 172.000000015943 168.750000024202 165.750000024488 163.750000024774 164.74999997494 166.749999991551 166.250000008544 165.999999982721 166.00000001747 165.5 165 163.750000009021 162.500000018233 161.750000009212 160.250000009308 160.249999990597 160.5 160.5 160.75000000969 161.749999990214 162.249999990119 162.750000009977 162.749999989928 162.5 163.249999989737 163.5 163.749999989546 164 164 164.74999998926 164.749999989165 165 165.749999988973 166 166 166.249999988687 165.5 164.5 166.749999988401
170.749999982387 172.749999994033 173.749999993938 175 175.499999987494 176 176.749999993556 176.749999993461 177.249999993365 177.499999986539 177.5 177.750000006921 177.749999992983 177.5 177.750000007207 177 176.5 176.000000014987 175.000000015178 174.5 173.750000007781 173.5 172.750000007971 171.250000008067 169.250000024487 166.5 165.750000008353 165.25000000845 163.50000001709 162.25000000864 163 165 164.000000017852 162.250000027065 161.250000009117 161.500000018425 160.749999990692 160.750000009403 160.5 160.250000009594 160.5 161 161.5 162.249999990024 162.750000010071 163.5 163.249999989738 163.5 163.749999989547 163.5 163.750000010644 163.74999998926 164.5 165 164.749999988974 165.750000011122 165.750000011218 165.5 166 165.999999976992 166.749999988401
171.999999988259 173.749999994034 174.499999987876 175.499999987685 176 176.249999993652 176.749999993556 176.499999986921 177.249999993365 177.250000006731 177.750000006826 177.749999993078 177.250000007017 177.749999992887 177.250000007208 176.5 176.750000007399 175.750000007494 175.5 174.5 174.24999999222 173.5 172.750000007972 172 170.750000008162 169.250000008259 167.500000016708 166.000000000001 165.50000001709 164 163.750000008736 161.750000008831 161.250000008926 161.250000009021 162.250000009117 161.249999990788 161.250000009308 160.249999990596 160.249999990501 160.749999990406 160.25000000969 160.249999990214 160.749999990119 161.5 162.5 162.999999979666 163.249999989737 163.5 163.5 163.5 163.5 163.74999998926 164 164.249999989069 164.750000011026 164.5 164.749999988782 165.749999988687 166.000000022816 165.5 166.249999988401
172.499999988258 174 175 176 176 176.499999987303 177 177 177 177.5 177.249999993174 177.500000013843 177.749999992983 177.250000007113 177.749999992793 176.750000007303 176.250000007398 175.750000007494 175.25000000759 175 174.5 173.5 172.5 172 171.750000008163 170.250000008258 169.750000008353 168.5 167.750000008545 166.74999999136 165.750000008734 164.75000000883 163.500000017852 163.750000009021 162.250000009116 161.50000003685 160.000000018616 160.250000009404 160.5 160 160.5 160.5 160.5 161 161.249999989929 162.249999989833 163.5 163 163 163.250000010549 163.249999989356 163.50000002148 163.249999989165 163.249999989069 164 163.249999988878 164 164.749999988687 165.749999988592 165.750000011503 166
173 174.749999994033 175.749999993938 176 176.249999993747 176 177 176.75000000654 177 177.249999993269 177.500000013652 177.499999986157 177.250000007017 177.749999992887 177.250000007208 176.5 176.5 176 175.5 174.750000007685 174.5 173.5 172.5 172.250000008067 171.500000016325 170.749999991742 169.500000016707 169 168.750000008545 168.250000008639 167.00000001747 166.75000000883 165.750000008926 164.750000009022 164.249999990884 163.750000009213 162.500000018617 161.500000018807 160.500000018998 160.5 159.74999999031 160 160.499999980238 160.749999990023 160.750000010071 161 162.499999979475 162.750000010358 162.750000010454 162.749999989451 162.5 162.50000002148 162.749999989164 162.75000001093 163 163.5 164 164.5 165 165.249999988496 165.249999988401
-9999 174.499999988067 174.999999987877 176 176 176.250000006349 176.249999993556 176.750000006539 177 177.25000000673 177.249999993174 177.250000006921 177.749999992983 177.250000007113 177.249999992793 177 176.750000007398 175.750000007494 175.250000007589 174.5 174.25000000778 173.5 173 172.250000008067 171.750000008163 170.750000008258 170 168.750000025347 168 168.25000000864 167.749999991265 166.750000008831 166.750000008926 166.250000009021 165.5 165.000000018424 163.500000018615 162.5 161.2499999905 161 161 160.250000009785 160.5 161 161.250000010072 161 161.249999989737 162.5 162.750000010453 162.5 162.250000010644 162.24999998926 162 162.5 162.250000011026 162.499999977756 163.749999988783 164.249999988687 164.5 165 165
-9999 -9999 174.250000006062 174.999999987685 176 176.249999993651 176.250000006444 176.74999999346 176.5 177.249999993269 177.250000006826 177.749999993078 177.250000007017 177.749999992887 177.250000007208 176.5 176.249999992601 175.750000007494 175.5 174.5 173.750000007781 173.5 173.000000015943 172.5 171.750000008163 171.250000008258 170.750000008354 169.25000000845 168.5 168.5 168 167.5 166.999999982149 166.750000009021 166.750000009117 165.749999990788 164.750000009308 164.000000018807 163.250000009499 163.000000019189 162 161.250000009786 160.750000009881 160.749999990024 161.249999989928 161.749999989834 161.5 162.750000010358 162.249999989546 162 161.5 162 161.750000010836 162 162.249999988973 162.999999977756 163.749999988783 164.250000011313 164 164.749999988496 164.500000023198
-9999 -9999 174.499999987876 174.5 175 175.749999993652 176 176.250000006539 177 176.74999999327 177 177 177.5 177 177.249999992793 176.749999992697 177 176.250000007494 175.75000000759 174.5 173.75000000778 173.5 172.500000015943 172 171.750000008162 171.5 171 170.249999991551 170 169 168.749999991265 168.5 167.750000008926 167.250000009022 167.000000018234 166.250000009212 166 165.000000018806 164.000000018998 163.749999990405 164.25000000969 163.750000009786 163.000000019762 163.5 163.000000020143 162.749999989833 161.500000020526 161.750000010359 161 161 160.999999978711 161.24999998926 161.250000010835 161.749999989069 162.249999988973 162.5 162.5 162.500000000001 163.999999977183 164 163.749999988401
-9999 -9999 173.5 174.249999993842 174.249999993747 175 176 175.74999999346 176.249999993365 176.750000006731 176.750000006826 176.750000006922 176.749999992983 177.5 177.250000007208 176.5 176 175.750000007494 175.5 174.5 174.000000015561 173.250000007876 172.5 171.750000008067 171.250000008162 171.250000008258 170.5 170.249999991551 170 169.5 169.249999991265 168.750000008831 168.249999991074 167.750000009022 167.250000009117 167.000000018424 166.5 165.5 165.250000009499 164.500000019189 162.750000009689 161.500000039141 161.249999990119 161.999999980047 160.500000020143 159.500000040668 156.250000030785 158.499999979282 160.749999989546 161 161 161.24999998926 161.5 161.5 162.5 162.249999988878 162.499999977565 162.750000011313 162.999999977183 163.749999988497 163.250000011599
-9999 -9999 -9999 174 174.5 174.749999993652 175 175.5 176 176.74999999327 176.750000006826 177 177.5 177 177.5 177 177 176.500000014988 175.25000000759 174.750000007685 173.75000000778 172.750000007876 172.5 172.000000016134 171.250000008163 171 170.5 170.249999991551 169.750000008545 169.24999999136 169 169.000000017661 168.249999991074 167.750000009021 167.5 166.500000018425 165.000000018616 163.000000000001 163.000000000001 162.500000019189 161.5 160.749999990215 160.5 161.5 159.500000020143 158 154.500000041048 152.749999906778 157.749999947733 160.5 161.249999989356 161.75000001074 161.749999989165 161.750000010931 162.5 162.5 162.749999988782 163.250000011313 -9999 -9999 -9999
-9999 -9999 -9999 173.5 174 174 174.749999993556 175.24999999346 175.749999993365 176.249999993269 177 177 177 177.5 176.750000007208 176.750000007303 176.5 176.250000007494 175.750000007589 174.5 173.750000007781 172.5 171.500000015943 171 171 170.250000008258 170.5 170.249999991551 170 169.249999991361 169.250000008735 169.250000008831 168.750000008926 168.250000009022 167.5 167 165.750000027925 163.750000009404 162.7500000095 163.000000019189 161.25000000969 161 160.249999990119 160 159.749999989929 158.500000040667 156.750000010262 152.750000031075 153.750000052266 157.499999957803 158.999999999999 160.249999989259 161.499999978329 162.249999989069 162.249999988973 163 163.5 163.250000011313 163.749999988591 163.250000011504 163.5
-9999 -9999 173.249999993938 173.749999993843 173.749999993747 173.750000006348 174 175 175.49999998673 176 176.749999993174 177 176.749999992983 177 176.750000007208 176.750000007303 176.5 176.000000014988 175.25000000759 174.250000007685 173.5 172.250000007876 171.249999992029 170.750000008067 170.249999991837 170.250000008258 170.250000008353 170 170 169.5 169.250000008735 169.25000000883 169.249999991074 168.250000009021 168.000000018234 167.000000018425 166.000000018615 165 164.000000018998 163.000000019189 162.00000001938 161 160.750000009881 159.749999990023 160.249999989928 157.500000040668 155.749999948687 154.75000005179 147.750000031361 150.000000105492 153.000000000002 154.249999967781 157.49999995666 161.499999978138 162.499999977947 163.5 163 163.249999988686 163.5 163.249999988497 161.500000023199
-9999 172.249999994033 171 172.249999993842 173.5 173.5 174 175 176 176 176.249999993174 177 177 177 177 176.5 176.250000007399 175.250000007494 175.000000015179 174 173.25000000778 172.250000007876 171.5 170.5 170.250000008163 170.250000008258 170 170 170 170 169.50000001747 169.249999991169 169 169 168 167.000000018425 166.000000018616 165.250000009403 163.750000028497 162.749999990405 162.5 162 161.5 160.750000009976 159.750000010072 158.999999959333 159.750000030788 154.750000031074 146.750000156804 144.250000031648 145.250000053223 148.499999914079 156.999999891645 158.000000087447 160.499999977946 163.5 163.750000011218 163.999999977374 164.250000011409 163.250000034512 161.000000023199
-9999 172 169.750000018186 169.999999987686 171.999999987495 173.249999980955 174 175 175.749999993365 176 177 176.749999993078 177 177 176 176 176 175.5 174.250000007589 173.750000007685 173 172 171.250000007971 171 170.250000008162 170 170 170 169.749999991455 169.5 169.750000008735 169.749999991169 169.5 169.250000009022 168.249999990883 167.250000009212 166.250000009308 165.5 163.750000009499 163 162.25000002907 161.250000009786 161.499999980238 161.249999990023 161.000000020143 160.750000010167 159.5 156.750000031073 152.250000010452 152.749999989449 150.2500000958 146.499999871121 150.000000065016 149.999999890691 158.249999944868 162.749999966634 163.749999988782 164.750000011313 165 161.500000046015 155.5000000232
-9999 172 170.750000018186 170.750000006159 170.749999993747 170.5 172.749999980668 175.249999993461 176 176.250000006731 -9999 177 -9999 -9999 -9999 -9999 -9999 -9999 -9999 173.50000001537 172.75000000778 172 171.500000015943 170.5 170.5 170.750000008258 169.749999991647 169.749999991551 169.5 169.5 169.750000008735 169.74999999117 169.5 169.750000009022 168.750000009117 167.750000009213 166.750000009308 165.5 164.5 163 163.25000002907 161.500000019571 160.750000009881 160.750000009976 161 161 160.750000010263 159.500000000001 158 154.250000031646 148.750000074514 149.750000032223 147.500000043345 144.249999989068 150.999999845628 160.249999966633 163.99999995513 164.749999988687 165.499999977183 163.000000069023 156.250000034799
