socal_rasters/minTempWarmest_SPHAsouth_aggfac2.asc
NCOLS 210 
NROWS 130 
XLLCORNER -119.45 
YLLCORNER 32.483333333 
CELLSIZE 0.0166666666666667 
NODATA_value -9999 
[rows 0 to 26 of 130, columns 0 to 60 of 210]
-9999.000000000000000 -9999 -9999 -9999 -9999 -9999 -9999 -9999 -9999 -9999 -9999 -9999 -9999 -9999 -9999 -9999 -9999 -9999 -9999 -9999 -9999 -9999 -9999 -9999 -9999 -9999 -9999 -9999 -9999 -9999 -9999 -9999 -9999 -9999 -9999 -9999 -9999 -9999 -9999 -9999 -9999 -9999 -9999 -9999 -9999 -9999 -9999 -9999 -9999 171.749999966922 -9999 -9999 -9999 -9999 -9999 -9999 -9999 -9999 -9999 -9999 -9999
-9999 -9999 -9999 -9999 -9999 -9999 -9999 -9999 -9999 -9999 -9999 -9999 -9999 -9999 -9999 -9999 -9999 -9999 -9999 -9999 -9999 -9999 -9999 -9999 -9999 -9999 -9999 -9999 -9999 -9999 -9999 -9999 -9999 -9999 -9999 -9999 -9999 -9999 -9999 -9999 -9999 -9999 -9999 -9999 -9999 -9999 170.249999995561 169.249999986397 171.000000009259 172.499999990549 173.249999995179 172.000000019667 -9999 -9999 -9999 -9999 -9999 -9999 -9999 -9999 -9999
-9999 -9999 -9999 -9999 -9999 -9999 -9999 -9999 -9999 -9999 -9999 -9999 -9999 -9999 -9999 -9999 -9999 -9999 -9999 -9999 -9999 -9999 -9999 -9999 -9999 -9999 -9999 -9999 -9999 -9999 -9999 -9999 -9999 -9999 -9999 -9999 -9999 -9999 -9999 -9999 -9999 -9999 -9999 167 168.5 169 167.500000026634 166.74999996826 170.5 170.000000009452 171.500000000002 171.249999985252 173.250000005011 171.249999984678 172.749999994798 -9999 -9999 -9999 -9999 -9999 -9999
-9999 -9999 -9999 -9999 -9999 -9999 -9999 -9999 -9999 -9999 -9999 -9999 -9999 -9999 -9999 -9999 -9999 -9999 -9999 -9999 -9999 -9999 -9999 -9999 -9999 -9999 -9999 -9999 -9999 -9999 -9999 -9999 -9999 -9999 -9999 -9999 -9999 -9999 -9999 163.750000003771 162.499999992267 165.5 165.000000008116 165.999999983387 167.999999991503 168.749999995656 166.750000013317 162.99999999093 168.74999996759 169.499999981098 171.249999985536 170.750000004917 171.249999964917 171.499999969355 173.749999984392 173.7499999947 174.249999983816 -9999 -9999 -9999 -9999
-9999 -9999 -9999 -9999 -9999 -9999 -9999 -9999 -9999 -9999 -9999 -9999 -9999 -9999 -9999 -9999 -9999 -9999 -9999 -9999 -9999 -9999 -9999 -9999 -9999 -9999 -9999 -9999 -9999 -9999 -9999 -9999 -9999 -9999 -9999 161 161.499999993031 161.499999992839 163 162.000000007543 159.999999984535 165 164.500000008116 165.499999991693 166.749999995751 167.5 168.249999995561 166.250000022671 -9999 163.999999971649 168.249999985538 171.000000000001 171.249999984965 167.249999984679 173.249999994797 173.249999994701 173.999999989213 173.50000001098 172.750000027928 -9999 -9999
-9999 -9999 -9999 -9999 -9999 -9999 -9999 -9999 -9999 -9999 -9999 -9999 -9999 -9999 -9999 -9999 -9999 -9999 -9999 -9999 -9999 -9999 -9999 -9999 -9999 -9999 -9999 -9999 -9999 -9999 -9999 -9999 -9999 155.749999990406 157.749999996705 159.249999983055 159.750000003485 160.99999998568 161.500000014701 160.999999999999 158.999999992268 162.49999998415 164.499999991884 165.000000008306 165.249999995751 166.499999991313 165.999999982244 166.249999995465 164.00000001852 -9999 162.749999985537 164.750000004915 163.500000030072 166.499999999997 167.750000015607 168.000000010596 166.499999999999 167.249999961572 171.99999996649 174.5 174.999999988448
-9999 -9999 -9999 -9999 -9999 -9999 -9999 -9999 -9999 -9999 -9999 -9999 -9999 -9999 -9999 -9999 -9999 -9999 -9999 -9999 -9999 -9999 -9999 -9999 -9999 -9999 -9999 -9999 -9999 -9999 156.249999997089 155.499999993987 157.5 157.000000012791 150.500000019759 157.49999997289 160 160.250000003579 159.249999996324 160.250000018854 158.750000003867 157.749999996038 160.000000008117 160.000000000001 162.749999961762 165.749999995657 164.250000004439 162.000000000001 161.000000000001 -9999 160.249999975896 160.499999990167 -9999 165.500000010215 164.749999984392 164.749999973509 168.999999989211 171.74999998353 173.250000005586 173.250000017042 173.250000017327
-9999 -9999 -9999 -9999 -9999 -9999 -9999 -9999 -9999 -9999 -9999 -9999 -9999 -9999 -9999 -9999 -9999 -9999 -9999 -9999 -9999 -9999 -9999 -9999 -9999 -9999 -9999 -9999 148.999999972792 154.500000011266 154.500000011645 153.749999984965 157.749999996897 158.000000006396 152.500000039521 152.249999996611 156.249999989547 159.5 161.249999996324 161.500000007541 160.250000019332 156.749999996037 157.499999999999 159.749999970927 162.499999991502 163.749999995656 163.24999999556 160.500000027206 159.250000004629 158.750000004724 -9999 -9999 161.5 162.250000005106 162.000000020811 163.749999952315 169.249999983817 171.74999999451 172 172.75000000568 171.499999965347
-9999 -9999 -9999 -9999 -9999 -9999 -9999 -9999 -9999 -9999 -9999 -9999 -9999 -9999 -9999 -9999 -9999 -9999 -9999 -9999 -9999 -9999 -9999 -9999 139.749999983626 145.749999982957 148.750000002532 150.999999994751 153.500000005442 152.499999988734 154.250000002912 154.999999999999 156.750000003103 157.5 155.500000019759 155.749999983056 158.5 160 160.750000003676 158.750000011314 157.250000019332 156.249999996038 157.499999991884 158.250000004154 158.749999995751 158.999999991314 159.499999991122 159.500000027206 157.5 158 158.250000014463 158.250000004917 158.000000000001 159.249999984678 158.250000026015 162.249999973508 165.249999983819 167.000000000001 169.49999998883 168.750000028406 168.500000011552
-9999 -9999 -9999 -9999 -9999 -9999 -9999 -9999 -9999 -9999 -9999 -9999 -9999 -9999 -9999 -9999 -9999 -9999 -9999 -9999 -9999 119.249999973319 132.999999987112 140.74999997981 137.750000011698 139.999999995128 142.999999984819 148.499999984246 153.249999991836 153.500000011267 151.249999991266 154.499999987973 155 156.249999990406 157.25000000988 155.999999979666 158.750000003484 158.74999998926 158.750000003675 157.750000011312 155.749999996133 -9999 155.999999991884 156.999999991693 156.750000012746 156.999999991313 160.24999999556 159.750000013602 157.750000013889 157.249999995274 158.000000009642 157 157.249999994988 158.249999994892 157 158.999999978806 159.999999999998 161.999999956081 163.250000016755 161.999999988638 165.749999971123
-9999 -9999 -9999 -9999 -9999 -9999 -9999 -9999 -9999 -9999 -9999 -9999 -9999 -9999 -9999 -9999 -9999 -9999 -9999 146.25000000186 143.25000001761 134.250000002049 142.249999976372 148.249999997756 146.000000014033 137.750000026781 141.999999979758 145.999999984246 151.999999989115 153.000000005634 150.499999988356 152.750000009022 153.749999996899 155 155.25000000988 155.749999976277 157.250000003485 157.249999982102 157.750000003675 156.250000011311 154.750000003867 -9999 -9999 155.249999995847 155.749999995751 156.74999998697 156.500000008878 156.000000009069 156.24999999537 156.749999995275 157.750000004821 156.250000004916 156.749999994989 156.249999994893 156.250000026015 157.249999973508 157.499999989212 160.00000001098 160.250000005587 160.5 163.499999988449
-9999 -9999 -9999 -9999 -9999 -9999 -9999 -9999 -9999 -9999 -9999 -9999 -9999 -9999 -9999 137.499999997041 140.249999995274 142.249999998328 145.499999996467 146.249999998138 147.249999998043 147.749999997948 147.999999991409 148.749999997756 148.500000009358 145.750000007307 141.000000035423 143.74999997112 150.749999991837 149.750000014083 149.250000008735 148.999999993986 151.249999990694 155.499999993604 155.749999996706 156.499999993222 155.749999996515 154.24999999642 157.749999988973 159 155.250000019332 155.499999992075 155 155.5 156.749999995752 156.250000004344 155.750000004438 155.749999995465 156 156.99999999055 158.250000004821 156.250000004916 156.250000005012 157.499999989785 156.750000005203 155.999999989403 157.5 157.49999998902 160.749999972075 162.749999982958 165
-9999 -9999 -9999 -9999 -9999 -9999 -9999 -9999 -9999 -9999 -9999 -9999 133 133.999999994843 136.749999995844 138.249999995562 139.749999998426 141.000000000001 141.999999996468 143.249999998139 144.5 143.250000010263 145.499999995704 146.999999995512 146.500000014038 145.250000017047 142.999999984819 149.24999998687 150.750000002721 150.000000005635 147.5 148.250000003007 150.999999975182 152.250000009595 153.250000003294 153.500000000001 153.250000010454 152.49999999284 155.749999988974 154.500000007542 153.7500000116 155.499999992075 154.749999995942 154.750000004153 154.5 155 155.249999995561 156 156.24999998611 158.249999985824 159 157.749999995083 158.250000005011 158.5 157.499999989594 156.999999989403 157.749999994606 158 159.249999983243 161.999999965916 162.750000017327
-9999 -9999 -9999 -9999 -9999 -9999 -9999 -9999 -9999 135.250000002721 134.499999997995 134.500000002196 133.999999997613 137.499999994843 138.749999995846 139.500000000001 141.749999998426 142.24999999833 143.499999996469 143.250000001863 142.750000001958 140.750000006157 142.499999995704 146.24999999327 148.249999997661 149 149.00000000506 149.000000005251 148.25000000272 146.5 147 148.249999996993 148.749999996897 150.250000009593 150.999999993413 151.750000003389 151.5 152 152.5 153.5 154.5 154.5 154 154.749999995847 154.749999995751 155.25000001303 155.999999991122 156.999999990932 158.249999995371 158.250000014175 157 158 158.5 158.750000005108 158.499999989594 158.000000010597 157.999999989212 157.999999989021 158.750000005585 159.499999988638 160.499999988449
-9999 -9999 -9999 -9999 -9999 -9999 -9999 -9999 137.749999999188 135.250000002721 136.000000002006 136.99999999341 140.499999999999 139.999999999999 140.499999997231 141.999999997042 142.250000001575 143.250000001671 142.000000000002 139.250000001862 139.249999998044 139.5 139.99999999141 142.5 145.500000000001 145.500000000001 145.250000007591 145.000000000001 145 145.499999994367 147 148.5 148.5 148.499999993604 149.749999996707 150.5 151.249999996515 152.5 153.5 154.249999996229 154.750000003866 155.250000003962 155.750000004058 156.5 156.250000004248 157.249999995656 157.24999999556 157.749999995467 156.75000000463 156.250000004726 156 156.249999995084 157.249999994989 158 158.749999994797 157.5 157.750000005395 158 158.749999994415 159 160.249999994225
-9999 -9999 -9999 136.5 136.500000000859 -9999 -9999 136.250000002147 137.750000004058 135.750000002721 135.999999995989 136.499999999999 136.250000001193 135.74999999871 137.249999998614 137.250000001479 137.00000000315 137.50000000334 136.499999996468 137.750000005584 137.250000001957 138.250000002052 139 140.499999995513 141.250000002339 142 142.5 143.249999997374 144.499999994558 146.499999994367 147.249999997089 147.749999996993 148.5 149.5 150 151 151.999999993031 152.49999999284 153.5 153.749999996228 153.749999996133 154.499999999999 153.999999999999 155.74999998754 155.499999999999 156 156.749999995561 156.5 156.249999995369 155.750000004726 155.749999995179 156 156.5 157.249999984678 158 158.5 157.750000005395 158.74999999451 159.5 159.750000005681 161.749999971123
137.750000000047 136.750000000143 136.499999999524 136.500000000668 136.25000000043 136.249999999475 -9999 136.750000003578 140 134.750000000907 134 134 133.999999997613 134.499999997422 136.750000001384 135.249999998521 135.250000001575 135.750000001671 136.249999998234 136.749999998139 137 137.999999995896 138.750000002148 140 140.749999997661 142 142.74999999747 144 145 146 146.5 147.249999996993 148.5 148.5 149.250000003294 149.749999996612 150.249999996515 151.5 151.999999992649 152.249999996228 153.999999984533 154.749999996037 155.249999995941 154.750000004153 154.749999995751 154.74999998697 155.999999991122 155.249999995466 156.24999998611 156.999999990548 156.249999995179 156.249999995083 156.499999989977 158 157.749999994797 158 158.250000005395 158.5 159.249999983244 161.749999982956 162.250000005775
-9999 138.500000000286 137.750000000716 136.249999999666 136.25000000043 136.5 136 136.999999998567 138.750000002435 135.999999994558 134.5 134.999999997804 134.250000001193 135.499999997422 136.499999997231 136.000000005917 134.999999996851 135.24999999833 136.249999998234 136.749999998138 137.749999998044 137.499999995895 139 140 140.999999995322 142.249999997565 142.75000000253 143.999999994748 144.249999997279 144.999999994366 146 146.249999996993 147.249999996898 148.499999987209 149.249999996707 149.999999993222 151 151.24999999642 152.499999992649 153.999999992458 154.749999996133 154.5 155.749999987826 156.750000004153 155.249999995752 156.249999986969 158.5 158.500000009069 158.499999990741 159.749999995275 160.250000014463 158.500000009833 157 157.249999994892 157.750000005203 157.5 158.250000005395 158.749999983531 162.499999977659 163.749999994319 163.250000028877
-9999 -9999 -9999 137.250000001669 136.250000000429 135.5 136.250000000621 135.000000001432 137.249999995941 140.500000001814 137.500000002007 135.500000000001 134.499999997613 135.749999996132 137.749999998616 136.250000004438 135.249999995275 136.25000000167 137.250000001765 137.249999994415 138.749999994129 139.250000002052 139.750000002148 139.750000002244 140 141.249999997565 142.749999997469 142.5 143.249999997279 144.499999994367 145.749999997089 146.499999993986 147 148 149 149.249999996611 150 151.24999999642 152 152.999999992458 153.750000003866 153.750000003962 153.499999991884 153.749999995847 154.499999991503 155.500000008687 155.749999995561 157.500000000001 158.499999990741 159.5 160.249999995179 160.000000009833 159.249999994987 158.250000005107 158 158.750000005298 158.750000005395 160.749999983531 162.750000005586 162.500000000001 162.749999982675
-9999 -9999 -9999 142.000000000001 140.50000000172 137.500000003149 135.24999999938 136 137.499999998377 141.5 135.750000003008 134.750000001098 134.5 135 135.750000001384 135.749999995562 135.5 136.999999996659 138.499999996468 139.499999996277 140 139.750000002052 139.749999997852 139.999999995514 142.249999992983 143.000000004869 142.5 142.5 143.499999994558 143.999999994366 145 146 147 147.499999993604 148.249999996707 149.249999996611 150 150.74999999642 151.5 151.999999992458 152.749999988401 152.999999992075 153.499999991884 154 154.249999995751 154.499999991313 155.5 155.749999986397 156.999999990741 157.499999990549 159.250000004821 159.749999995083 160.249999994988 160.750000005108 160.250000005203 159.250000015894 159 159.5 159.750000005586 160.5 160.749999994225
-9999 -9999 -9999 -9999 -9999 -9999 136.75000000186 136.249999999285 139.749999994317 141.500000001814 136.249999998998 134.749999996705 135.000000002387 134.749999998711 134.749999998615 134.74999999852 136.249999998424 138.249999994989 139.249999998234 140 140.249999998043 139.250000010261 138.749999997852 139.750000002244 139.999999995322 140.499999995131 141.5 142.249999997374 143 144 144.749999997088 145.749999990979 146.499999993795 147.499999993604 148 149.249999996611 150.499999993031 151.24999999642 152 152.499999992458 152.750000003866 153.249999996037 154 154.499999991693 155 155.250000004343 155.250000004439 156.249999995466 157.25000000463 156.250000004726 157.249999995179 157.749999985251 158.499999979953 158.750000005108 158 159.250000005299 160.249999994606 160.99999998902 161.5 161.999999988638 161.999999988449
-9999 -9999 -9999 -9999 -9999 -9999 -9999 138.249999996422 142.499999998377 140.750000008165 136.750000001004 136.5 136.249999998807 136.000000000001 136.750000001385 137.499999997042 138.749999995276 140.499999996659 141 141.000000003723 139.000000003913 138 139.249999997852 139.249999997757 140 140.5 141.49999999494 142.499999994749 143.5 144.499999994367 144.999999994177 145.999999993986 147 147.749999996802 148.749999996707 150 150.749999996516 151.24999999642 152 152.749999996229 153 153.750000003962 154.749999995942 155.749999995847 156.749999995751 156.5 156.25000000444 156.249999995466 156.75000000463 156.249999995275 156.999999990359 158.5 157.749999994988 158.749999994893 159 160.5 161.249999983818 161.999999989021 163 163.249999994319 163.499999988449
-9999 -9999 -9999 -9999 -9999 -9999 -9999 -9999 -9999 -9999 142.750000001002 141.750000001098 141.500000002387 140.750000001289 140.250000001385 139.74999999852 140.5 141.749999994988 142 141.5 141.000000007827 139.5 139.749999997852 140.249999997756 140.749999997661 141.249999997565 142.24999999747 143 144 144.749999997183 145.249999997088 146.249999996993 147.5 148 149 149.749999996611 150.249999996515 151.24999999642 152 153.749999996229 154.249999996133 155 155.749999995942 156 157.249999995751 157.499999991313 158.499999991122 157.750000013603 156.5 157.499999990549 159.499999980716 160.749999995083 160.999999999999 161.749999994892 161.499999999999 162.5 163.249999983817 164.74999999451 164.749999994414 165 164.5
-9999 -9999 -9999 -9999 -9999 -9999 -9999 -9999 -9999 -9999 -9999 143 142.750000001194 142 141.750000001385 142.000000000001 142.749999998425 142.5 142.5 142.5 142.000000003914 141.250000002053 140.750000002148 140.500000004487 140.749999997661 141 143.24999999747 143.249999997374 144.250000002721 144.749999997183 145.249999997089 146 146.749999996897 147.999999993604 148.749999996707 149.749999996611 151 151 151.749999996325 153.249999996229 153.999999992267 155 155.749999995942 155.750000004153 156.750000004249 156.749999995656 156.74999999556 157.499999999999 156.24999999537 159.499999962197 162.5 163.249999995084 163.499999989977 163.750000005108 164 164.5 164.749999994606 165.24999999451 165.250000005585 165.5 165.5
-9999 -9999 -9999 -9999 -9999 -9999 -9999 -9999 -9999 -9999 -9999 144 144 144 143.749999998615 143.249999998521 143 143 142.5 142.5 142.750000001957 142.000000004104 140.749999997852 140.999999999999 142.499999995321 142.749999997565 143.74999999747 143.749999997374 144.749999997278 145.749999991549 146.249999997088 147 147.749999996897 148.750000003198 148.750000003294 149.5 150.5 -9999 152 153.249999996229 153.249999996134 154.250000003963 154.249999995942 155.250000004153 155.5 155.750000004344 155.5 156.249999995465 159.499999990739 162.499999981098 163.249999995179 164.499999990167 164.749999994988 165.750000005107 166.000000010405 165.749999994701 166.249999994605 166 166 166.5 166.5
-9999 -9999 -9999 -9999 -9999 -9999 -9999 -9999 -9999 -9999 -9999 144.499999997804 144.750000001194 144.5 144.5 144.000000002959 143.5 143 143.5 143.5 143.249999998043 142.249999997949 142.749999997853 143.250000002244 143.5 143.749999997565 144.5 145.249999997375 145.750000008164 144.999999994366 145.999999999999 147.000000006013 147.5 147.999999993604 148.749999996706 149.5 150.250000003485 150.74999999642 151.749999996324 152.249999996229 153 153 153.5 154 154.750000004249 154.749999995657 155.999999991123 158.749999986397 162.5 163.5 164.24999999518 165.250000004917 166.5 166.5 167 167.250000005298 167 167 167.249999994415 166.750000005681 167.000000011551
-9999 -9999 -9999 -9999 -9999 -9999 -9999 -9999 -9999 -9999 -9999 -9999 145 145 145 145 144.5 144.25000000167 143.5 144 143.5 143.5 143.749999997852 143.749999997756 144.249999997661 144.5 144.99999999494 145.749999997374 145.250000002721 144.749999997183 145.249999991266 146.749999996993 147.499999993795 148 149 150 150.499999993031 151 151.749999996325 151.749999996229 152.499999992267 153 153.749999995942 154.999999991693 155.249999995751 156.5 157.999999991122 159.749999986396 162.49999999074 163.749999995274 165.249999995179 166.249999995083 167.249999994988 167.749999994892 168 168 167.749999994606 167.74999999451 167.249999994415 167.249999994319 167
