socal_rasters/PETColdestQuarter_SPHAsouth_aggfac2.asc
NCOLS 210 
NROWS 130 
XLLCORNER -119.45 
YLLCORNER 32.483333333 
CELLSIZE 0.0166666666666667 
NODATA_value -9999 
[rows 26 to 51 of 130, columns 120 to 179 of 210]
56.8000002123612 57.1750001626644 59.4600000332352 59.8599996491316 60.0875005792168 59.5649995880503 58.6774997714794 56.5425005488583 53.0900002009205 53.1350001781929 53.2574997639677 52.0425004322615 51.2475004478243 51.9875002010575 51.6624994122576 50.9925003265184 49.2575007088292 48.6549997883636 44.2874994541077 42.9750003857308 -9999 -9999 -9999 -9999 -9999 -9999 -9999 -9999 -9999 -9999 -9999 -9999 -9999 -9999 -9999 -9999 -9999 -9999 -9999 -9999 -9999 -9999 -9999 -9999 -9999 -9999 -9999 -9999 -9999 -9999 -9999 -9999 -9999 -9999 -9999 -9999 -9999 -9999 -9999 -9999
58.8899993779151 59.5499992185024 59.7375002016115 60.0649995530307 61.0225000344626 61.1724996539218 61.4049997288654 61.3175010782186 60.1349992828146 58.5200005307072 58.5149993744505 57.6899986091349 57.1025009176774 54.7600002666067 54.0675000775897 54.907500237149 54.8000002342581 49.7624998710901 47.8225002525508 47.0225000233662 45.6449986255286 -9999 -9999 -9999 -9999 -9999 -9999 -9999 -9999 -9999 -9999 -9999 -9999 -9999 -9999 -9999 -9999 -9999 -9999 -9999 -9999 -9999 -9999 -9999 -9999 -9999 -9999 -9999 -9999 -9999 -9999 -9999 -9999 -9999 -9999 -9999 -9999 -9999 -9999 -9999
59.9149990067979 60.3474998398726 60.8825006423003 61.5500001876693 61.6800003044625 61.9250001890574 62.0949983577478 62.347499842665 62.6850004188805 62.7449998890206 62.180001272554 60.6700001029079 58.5225010384969 57.2875003999487 56.9674998268355 55.5800007886455 56.0725003079782 52.4624996210251 53.0974998475431 52.4399996056861 49.6400003862438 47.5249996028587 -9999 -9999 -9999 -9999 -9999 -9999 -9999 -9999 -9999 -9999 -9999 -9999 -9999 -9999 -9999 -9999 -9999 -9999 -9999 -9999 -9999 -9999 -9999 -9999 -9999 -9999 -9999 -9999 -9999 -9999 -9999 -9999 -9999 -9999 -9999 -9999 -9999 -9999
61.1125001913102 61.1400003419311 61.5325002652747 61.9474992708452 62.4025001427229 62.4949998848403 62.6100015642676 62.3750000065734 62.6649999397717 63.087499617665 63.0775003449425 63.0125007685889 62.1149997860451 61.1575002849995 57.5574999262649 57.9025001030475 55.8074999868073 50.9624996000233 54.7349995823697 54.4749994733416 51.7500000378249 49.9050006801614 52.4900006994894 53.1724996625688 -9999 -9999 -9999 -9999 -9999 -9999 -9999 -9999 -9999 -9999 -9999 -9999 -9999 -9999 -9999 -9999 -9999 -9999 -9999 -9999 -9999 -9999 -9999 -9999 -9999 -9999 -9999 -9999 -9999 -9999 -9999 -9999 -9999 -9999 -9999 -9999
61.9724998493676 61.8874998140205 62.2299995389617 62.3449993112322 62.5349998445596 63.1500015220449 63.2550001125086 63.3800001139539 63.5524997722222 63.4300003081428 63.4150009177698 63.3825006481218 63.2325000786973 63.0024995759224 62.3999996383043 61.6625003823746 59.7799997704984 57.247499470535 57.6949996937656 57.4400005851967 53.9500007978126 53.9350004342051 55.3749999401412 55.0299997622897 54.0600004160314 50.1449996254937 -9999 -9999 -9999 -9999 -9999 -9999 -9999 -9999 -9999 -9999 -9999 -9999 -9999 -9999 -9999 -9999 -9999 -9999 -9999 -9999 -9999 -9999 -9999 -9999 -9999 -9999 -9999 -9999 -9999 -9999 -9999 -9999 -9999 -9999
62.6875000026459 62.6774997698423 62.7549991607667 62.7774991978526 62.812499044543 63.2474994603113 63.5600004186507 63.6649999560105 63.7999992375513 63.7749996175413 63.7250003829648 63.6850004201189 63.6050005004644 63.5200004592932 63.3275003473034 63.2825002653474 62.4300003129947 61.1874990695596 60.1525001640916 58.5924997402961 56.0149993877707 58.2424993397503 57.275000583632 54.2600002480622 51.6975002750958 48.9100008424799 46.1549997354893 -9999 -9999 -9999 -9999 -9999 -9999 -9999 -9999 -9999 -9999 -9999 -9999 -9999 -9999 -9999 -9999 -9999 -9999 -9999 -9999 -9999 -9999 -9999 -9999 -9999 -9999 -9999 -9999 -9999 -9999 -9999 -9999 -9999
63.2674999263517 63.2074995049012 63.2699994991776 63.3499994301534 63.3575000752241 63.5900001487539 63.7799997254838 63.997499466551 63.962499620125 64.0550003014668 64.0300006876422 63.7600011880799 63.6300001157059 63.5974998490689 63.6150007222244 63.5625000021989 63.4275007280501 63.1050005040488 62.6149997777292 61.3125009972222 59.6349992851321 57.2124997005275 53.5799989741135 53.2974996820209 51.2400007399679 51.8325004454004 50.977500005628 49.7874994372291 -9999 -9999 -9999 -9999 -9999 -9999 -9999 -9999 -9999 -9999 -9999 -9999 -9999 -9999 -9999 -9999 -9999 -9999 -9999 -9999 -9999 -9999 -9999 -9999 -9999 -9999 -9999 -9999 -9999 -9999 -9999 -9999
63.762498855936 63.7099990874885 63.7175006862948 63.7649993901202 63.8875007628206 63.8575000771326 64.0100002279158 64.204998016601 64.137500762326 64.2425003023324 64.1700000797825 63.8824996989671 63.7174997341096 63.662500381852 63.5974998488246 63.6274995799952 63.4974994712849 63.1599998521375 62.6225004274177 61.9774999699767 61.0850000593396 59.1199999152782 57.1899996133056 55.1924991748786 54.0375003749877 51.7124997042337 48.9825000736358 48.6424999297593 48.5399999780134 46.4000006447083 -9999 -9999 -9999 -9999 -9999 -9999 -9999 -9999 -9999 -9999 -9999 -9999 -9999 -9999 -9999 -9999 -9999 -9999 -9999 -9999 -9999 -9999 -9999 -9999 -9999 -9999 -9999 -9999 -9999 -9999
64.2525014912979 64.2250003812377 64.1324977875925 64.2375011459418 64.1874980934833 64.2150020606553 64.3649997708766 64.517499924558 64.4624996159541 64.5224990883051 64.2474994703028 64.0649986274622 63.797500610225 63.7475004182148 63.657500268698 63.5124998130163 63.262499813044 62.8675012684322 62.4149999655552 61.6899995873084 60.9049997469208 59.632499710359 58.4149999838919 57.1975002492946 56.4224996634368 54.5050001413878 52.077499441256 48.1199999593449 46.8150005995548 43.3449993781509 40.2749996418054 -9999 -9999 -9999 -9999 -9999 -9999 -9999 -9999 -9999 -9999 -9999 -9999 -9999 -9999 -9999 -9999 -9999 -9999 -9999 -9999 -9999 -9999 -9999 -9999 -9999 -9999 -9999 -9999 -9999
64.6275005360134 64.5199985499512 64.5750007650447 64.562498090647 64.6149997666018 64.745000845943 64.7525005344201 64.8250007624526 64.7999992382874 64.5024986280689 64.2625007695424 63.9174985891897 63.7749996177713 63.7700004564892 63.7150001548992 63.5250005719459 63.1650009249094 62.7624998238352 62.2900009202872 61.6275005392514 60.3424997604678 57.7974996976082 55.4049997639886 55.6024999115762 56.6900014904912 55.9549989867005 54.627499592831 53.4900007385925 51.215000166765 48.2174997622308 44.9800005582658 40.8649997948387 38.2049999592298 -9999 -9999 -9999 -9999 -9999 -9999 -9999 -9999 -9999 -9999 -9999 -9999 -9999 -9999 -9999 -9999 -9999 -9999 -9999 -9999 -9999 -9999 -9999 -9999 -9999 -9999 -9999
63.5450000813564 63.3649997664792 64.4199991312739 64.8824977847638 65.0374984759038 65.2500019061505 64.667500490235 64.7974987077503 64.4674997380012 63.9125003855498 63.2299985972831 63.0924997381188 63.3325004515657 63.5775003398817 63.442500123301 63.1400003474623 62.4050006973309 61.9924993574084 61.2825002819699 60.2674999467459 59.4350004319569 58.7450008440957 58.1250000138752 57.9149999656887 57.2924995556175 56.015000364992 53.8924999571334 52.4625006083945 49.3799991956424 47.4999999954334 47.9799995514311 46.5000000399165 44.3199997000637 45.1300001188358 43.574999834043 -9999 -9999 -9999 -9999 -9999 -9999 -9999 -9999 -9999 -9999 -9999 -9999 -9999 -9999 -9999 -9999 -9999 -9999 -9999 -9999 -9999 -9999 -9999 -9999 -9999
63.3299989456453 64.9275016811347 63.842500700094 64.9474983110403 65.2500019028322 65.4774990104551 64.735000607695 64.6124992444854 63.6424999422298 61.087499584284 62.967499746551 61.9525003575088 60.9600000492781 61.6374998004706 62.7950000621693 62.7974996578418 61.629999177967 60.710000041297 60.2099990969012 59.6250009558049 59.8750009458948 59.9724988984659 59.0825004753129 58.2525005421405 57.5574998950777 56.4049997654754 54.4125003880439 53.7950001033308 51.3350000857823 50.387499811121 49.7324991408665 49.3850002335101 48.5725002281547 49.1199989356952 48.2374992587424 46.2775001717379 43.0825004949667 -9999 -9999 -9999 -9999 -9999 -9999 -9999 -9999 -9999 -9999 -9999 -9999 -9999 -9999 -9999 -9999 -9999 -9999 -9999 -9999 -9999 -9999 -9999
65.2250003869915 65.5249996157464 65.5375003773765 65.6949996908155 65.7600002317343 65.567501073986 65.0174999303483 64.4449997048054 63.6675005136987 63.080000884551 61.5424995737572 61.3749999937235 61.0675001239279 60.0550003242932 60.8275003231636 61.7899999678038 62.1975002188487 61.412500396302 60.7874994459092 60.4050006951684 60.2975006126319 59.5549993704136 58.9524994014841 58.3500003891415 57.8074998994921 57.0974998603303 55.8949995267466 54.1974992685896 53.2150001806584 52.5000000128448 51.8725004433225 50.5625009798517 51.2100000154359 50.1424999182835 50.5324992922621 50.0574999038173 49.8024997769434 48.967500667248 48.1999998189488 -9999 -9999 -9999 -9999 -9999 -9999 -9999 -9999 -9999 -9999 -9999 -9999 -9999 -9999 -9999 -9999 -9999 -9999 -9999 -9999 -9999
64.3174991634127 65.8375015181076 66.0524997735741 65.6575012264801 65.5949993116904 65.2900009212781 64.8525009185464 63.6399994225131 61.4650001930714 59.8249998020941 59.9200000865101 57.5850000893682 57.8524998936714 59.7399997930394 58.2725000236364 59.1149997579236 60.2474994585143 61.3924999162237 61.2149992044673 60.2799997508174 59.730000494838 59.2124996262301 58.9475002213996 58.6049995482644 57.9900007305865 57.1599989104065 55.7999992569209 54.0699987580484 54.7074995155734 54.510000233164 53.4250002010798 52.6075000721002 52.5524988172987 53.1275005538412 52.8250007139714 53.77499961764 53.7724990819335 52.60500052027 50.6575002708126 52.2425002636066 51.5050001371191 -9999 -9999 -9999 -9999 -9999 -9999 -9999 -9999 -9999 -9999 -9999 -9999 -9999 -9999 -9999 -9999 -9999 -9999 -9999
65.9974994683579 66.1499996150505 66.1150016847818 65.7625007661229 65.4899997744462 64.9600029044416 64.5750007701853 64.0650005420912 61.9949999522945 57.1450004805117 59.3224992175248 60.6875009555573 59.6074991149027 58.5374994852755 57.6175003065881 57.7500000134521 58.7949990949945 59.6199998876597 59.8199996871558 60.3275012997945 60.3325004554838 60.1824998867749 59.8725004303636 59.2200002708646 58.7000007739754 57.9575004759599 56.9449997018168 56.8874998144752 56.5074997017708 55.9299993646317 55.1899996073933 54.0299997439626 54.0574998702728 55.0050001071136 54.9999990448503 55.624999059983 55.282499303942 56.4774999767386 54.8275003452893 54.894999536066 53.3900003571122 52.7825012316482 53.0475005751344 -9999 -9999 -9999 -9999 -9999 -9999 -9999 -9999 -9999 -9999 -9999 -9999 -9999 -9999 -9999 -9999 -9999
65.8699989369464 65.9574985505311 65.8724994676966 65.6799983999494 65.1925010744144 64.6649990105748 64.4524993914598 63.8749990536289 62.4100008155621 59.8850002686921 58.1724996154402 60.8624992324155 60.8225002315384 60.0200004748425 59.2825002874457 59.419999098302 60.0150003407169 59.9524993955556 59.2524995858047 58.9224996573434 58.81000041291 58.9799995395344 58.9475002113322 59.1774997964624 58.5999994283472 58.2974996623724 57.8800001200353 57.532499313777 57.2324991219109 56.9924993522152 56.5450000765815 55.8450002820704 55.1999998115949 56.0725002099782 56.2749996424247 57.5024986114193 58.1600008151314 58.2700004691918 57.0974998424197 56.3249989207634 56.4924993728005 57.5175008639675 57.4374999548571 58.710000962165 57.2949991380114 60.6774996685822 -9999 -9999 -9999 -9999 -9999 -9999 -9999 -9999 -9999 -9999 -9999 -9999 -9999 -9999
66.0424995481032 65.9174995423524 65.7049999293195 65.4449996983614 64.8375015357441 63.6174993494649 63.345000268237 62.8874998269149 61.6524991973187 61.7125005777679 61.230000499648 61.1774997684817 61.1975002262254 61.1424999317353 60.9299993525285 60.7974996552543 60.8749999999999 60.962500569448 61.0874996260665 60.792499551425 60.2950000762936 59.9325008426103 59.0150003460432 59.0775003418159 59.0074987473577 58.6849994770548 58.1325006522748 57.9325008438804 57.4524993931927 57.4800004944832 57.6024999571117 57.5924997394791 56.9325008498607 57.3499994081584 58.412499412898 59.3600005949125 60.1175002963607 60.3550004935044 60.0374994521569 59.8325004451246 60.5350008311186 61.1374998288453 61.9549999032274 62.5049991348545 63.4125003850813 64.2624998106867 61.8249998445503 -9999 -9999 -9999 -9999 -9999 -9999 -9999 -9999 -9999 -9999 -9999 -9999 -9999
65.7899990072584 65.7200012255746 65.4174995460955 65.0224990911927 64.08000184294 63.1300001264215 62.1500005924929 61.3350000405813 61.6424989738345 61.6750001904876 61.5125007715358 61.4399995801322 61.5050010676093 61.5625009512528 61.5249996195576 61.539999961077 61.3874998018379 61.7000007611019 61.8249998021254 62.0624990408656 61.7075014155964 61.2225008028427 60.7500000070744 60.3850002294301 59.1750002199804 58.499999997222 57.9824991244378 57.7649993910566 57.6500005730552 57.7675008726705 57.9825000732769 58.3149995824082 58.5150003310941 58.9850006041971 59.477499952561 60.0625009437283 60.882500634604 61.5074996853516 61.6924991587999 61.7700004419277 62.574999799459 63.3724994568461 64.2874994149194 64.8149986207778 65.275001512059 65.7849998458323 66.2550010649367 65.9150009260817 65.7674999058516 66.4025001132668 -9999 -9999 -9999 -9999 -9999 -9999 -9999 -9999 -9999 -9999
65.6425018362314 65.2649993928962 65.0100002366003 64.6050014526504 63.8249998173474 62.3549995635625 61.6899995835233 61.2524995836698 60.9425001145636 61.4949998808612 61.5374994261758 61.5500001950032 61.5100002266049 61.6450004577637 61.7775001514322 62.0200014116967 62.1099996545923 61.089999241443 60.2375001678617 62.5275001529872 62.640000338494 62.7999992411129 61.9849996740903 61.5074987497805 60.0375004202336 59.4724998583854 58.2750006015752 57.5799999110325 57.6300001130231 57.8124999924355 58.1899995815327 58.5599994604465 59.0950002580027 59.59749984199 59.3074999057667 59.4174995180398 59.1774997718662 61.0850000246152 62.377500506367 63.1174993470856 63.6375007529796 64.1999978942074 64.6350002236072 64.3900003879654 64.8300009260651 65.3550013680616 66.8600006039934 67.2174968695496 67.2274990060874 67.5299987682932 68.2299995331211 -9999 -9999 -9999 -9999 -9999 -9999 -9999 -9999 -9999
65.1124992380956 64.6450004619391 64.3825016064997 63.2224998609702 62.542499547109 61.9449996991373 61.4774999634229 61.0299997412481 60.6475000353255 61.1525010977317 61.4974994640735 61.7049989725427 61.7025003421843 61.8874998070985 61.9974994650436 61.4174995475392 61.0250005849744 60.0425005175693 61.2624998017289 62.7924995402386 63.1400003379576 -9999 62.9524993954984 62.3299999398719 60.0024995805213 60.592498777769 59.5874996441251 58.7774991906058 58.1675004869792 58.4149990096061 58.8299999257176 58.0749998043482 58.30500030139 57.2475004484841 54.9250002276084 54.1800012448951 54.8100004542767 55.9074992840331 57.9099997905168 60.187500000454 57.6250000021422 62.0200013966347 60.3125001459808 57.2624999102539 56.344999215671 63.2299984909224 66.3324985267314 65.6700000551856 65.3275003775833 68.187499991424 68.6674995358884 69.1574993072966 -9999 -9999 -9999 -9999 -9999 -9999 -9999 -9999
63.7024993920645 63.3799991767734 63.0174999186778 63.2175006964314 62.3149995860881 61.4774999765898 60.9650001542786 60.9775009224654 60.8000011417103 60.9449996913626 61.4674997223815 61.7449998805375 61.9475002274903 62.0875005700379 61.5200004883241 59.572500192792 61.4174995361116 -9999 61.7049999282016 62.6649999421429 63.1549997289473 63.2774991987785 -9999 -9999 62.3999996577076 61.3249997834284 60.5850000610843 59.5399990216969 58.7199993142049 59.5325002574659 59.7649993916596 58.7674999455449 56.5100002632398 54.239999821821 52.5450000883877 51.2949991261827 51.9774999503488 53.2100009488185 54.1999997889897 54.9000005904776 53.847499867791 52.8575000360539 53.4525004455582 49.4650001485305 52.5325002225864 56.7525004169855 62.3100004345594 56.2550000901377 59.1150005243667 65.1025008917414 63.0525007942982 68.1775015869446 -9999 -9999 -9999 -9999 -9999 -9999 -9999 -9999
63.0225009859544 62.5625000096272 61.8424997410405 62.0574998736511 62.4349994756885 61.8899993908467 61.4474992828158 61.0424995491744 60.9549999210072 60.9074993147145 61.1924991429509 61.872499460042 62.1225004177193 62.2825002651171 62.3500003832675 -9999 -9999 -9999 61.3875007281654 62.920000077892 63.0850000354643 63.2825002682446 63.3350000340658 63.3900012969971 63.3050012635405 62.997500431146 61.3800001709451 60.5874996107859 60.4874992434406 60.3575001021269 60.0325002637241 59.1575003039085 55.9525013250945 55.072500260974 52.9100008187859 52.4475002394224 51.9049997434301 51.4600000261179 52.4449996830212 53.079999913351 52.3974991128191 49.1749993163092 45.1999998694568 44.130000072296 49.807499791488 53.6300000847368 55.0324992944382 51.0150014002928 51.3149995096052 54.8699998221246 55.98249902805 60.4174993891531 67.8399982090092 -9999 -9999 -9999 -9999 -9999 -9999 -9999
-9999 -9999 62.3949995071297 62.3924999202869 62.2474994684383 61.7650003478754 61.2624998086611 61.1975002304639 61.1850004156911 61.1275005388791 61.1199989251571 61.742501253703 62.1275005298832 62.2900009122136 62.5050001159817 62.2725000486243 -9999 60.8224992819008 62.7124996115225 62.9425001127096 63.0200004553493 63.1649990076384 63.1400003452273 63.2900009108696 63.4200000762939 63.4525003415169 63.3899993958023 61.9549990105853 58.055000312548 56.5275001384591 54.880001066392 56.5025005182942 54.8999996563818 53.5250005818762 52.8675002958834 53.3650007452789 51.8575010552182 50.0850000652119 50.0399999533799 50.5900011053494 49.7349987357942 45.4400006786804 40.6175003655244 39.88999937966 44.4300001660351 45.1175004358374 47.1849994697598 47.9300004129502 45.8500002553588 51.800000133127 59.3649996688983 61.3950004561284 64.8424986368492 -9999 -9999 -9999 -9999 -9999 -9999 -9999
62.2775001591449 62.3924999240539 62.2199993217742 61.5699996917583 60.7325000768873 60.9250001876192 60.43749999698 60.5524997773254 60.6075000746991 60.8299999214805 60.9849996529395 61.4975004074391 62.2300004888269 62.3999996131774 62.5199985504151 62.3349990940446 61.762500780531 62.7975006062826 62.9074993116357 62.7350006130149 62.6500005732774 62.1274995934861 59.3975000921549 60.3599995684512 63.2325010287267 63.4674997319988 63.5 63.4850006103516 62.1725006793948 58.0225001304929 54.070000683555 53.4899997737216 53.5500002387772 54.6875000048365 54.619999865795 52.7625007936687 52.6900005286793 52.2600002406105 50.4800005125558 48.2600002815676 45.255000183699 41.3424988238554 41.6975002116634 41.9049997988423 43.4150009777184 40.8199997090424 38.8775005402568 39.5925006989563 42.3475006226945 49.3499993439729 51.5474996037749 53.0324992650543 60.952501140713 68.7699993944369 -9999 -9999 -9999 -9999 -9999 -9999
62.0075006545955 60.6549997417872 59.8275003593448 59.1400003511046 59.0699996948244 59.4674987796565 59.0999994357659 58.6625003915727 58.9600000207272 60.0150003262621 60.5325002691468 60.3299999146673 62.0799999059969 62.5300006833317 62.5675010672164 62.5250005734981 62.4774999489525 63.0024995786769 62.584999092406 62.1275005392517 61.7924995434438 61.0950003005298 59.6850004277789 58.6449995216247 62.2600011331701 63.2775001505043 63.2950000748954 63.3200016021728 63.3200016021728 63.3200016021728 61.4450007074024 58.1725006107836 57.2924995551925 58.977499970205 57.4150000019712 53.6675005771129 53.7449998500001 54.0375004077825 52.1025009510866 49.5699997344146 47.1925001476908 45.8324995128765 45.8324995321687 43.6774989309214 39.5099992127024 37.894999613736 37.0549992396028 40.7525004766531 43.1824998641653 43.510000088749 50.2400006447087 53.1875008916208 57.3824995658775 67.3099993556303 -9999 -9999 -9999 -9999 -9999 -9999
62.0050001372185 60.274999637553 59.0775003483517 58.8749990437319 58.685000420092 58.8675003069728 58.6750001941163 58.1649999635572 59.2625007414716 60.2874994227267 61.1199998795792 61.0274992040608 61.9399995672279 62.5974998421867 62.7774991954467 62.7575006517324 62.852500914094 62.7100000436599 61.4075002965134 59.4774999678456 58.8524999775456 60.0149993610097 60.079999944384 58.6850004130408 62.4400004976384 63.1549997299153 63.1925001137416 63.2174997317038 63.2250003823202 63.0374994330761 62.997498510975 62.7024994045451 61.2325000942009 61.447500230201 60.1549988208903 58.7025013116946 57.2849998611584 55.3450003121371 52.0900001831537 50.3024997983743 49.3175001047881 48.7399998158302 47.0900001898192 41.797500701664 42.1000003283874 39.1750011775892 40.8524998723664 42.2849999142503 40.2950001194035 43.2375000287567 50.2449998038472 52.5700005761316 58.3550012878693 66.1125000328842 71.8900012900001 -9999 -9999 -9999 -9999 -9999
