socal_rasters/PETColdestQuarter_SPHAsouth_aggfac2.asc
NCOLS 210 
NROWS 130 
XLLCORNER -119.45 
YLLCORNER 32.483333333 
CELLSIZE 0.0166666666666667 
NODATA_value -9999 
[rows 0 to 25 of 130, columns 0 to 59 of 210]
-9999.000000000000000 -9999 -9999 -9999 -9999 -9999 -9999 -9999 -9999 -9999 -9999 -9999 -9999 -9999 -9999 -9999 -9999 -9999 -9999 -9999 -9999 -9999 -9999 -9999 -9999 -9999 -9999 -9999 -9999 -9999 -9999 -9999 -9999 -9999 -9999 -9999 -9999 -9999 -9999 -9999 -9999 -9999 -9999 -9999 -9999 -9999 -9999 -9999 -9999 47.2674999118431 -9999 -9999 -9999 -9999 -9999 -9999 -9999 -9999 -9999 -9999
-9999 -9999 -9999 -9999 -9999 -9999 -9999 -9999 -9999 -9999 -9999 -9999 -9999 -9999 -9999 -9999 -9999 -9999 -9999 -9999 -9999 -9999 -9999 -9999 -9999 -9999 -9999 -9999 -9999 -9999 -9999 -9999 -9999 -9999 -9999 -9999 -9999 -9999 -9999 -9999 -9999 -9999 -9999 -9999 -9999 -9999 46.9999990251082 50.9774999742322 49.2325000493027 47.3400011301736 45.879999163081 44.4499998267685 -9999 -9999 -9999 -9999 -9999 -9999 -9999 -9999
-9999 -9999 -9999 -9999 -9999 -9999 -9999 -9999 -9999 -9999 -9999 -9999 -9999 -9999 -9999 -9999 -9999 -9999 -9999 -9999 -9999 -9999 -9999 -9999 -9999 -9999 -9999 -9999 -9999 -9999 -9999 -9999 -9999 -9999 -9999 -9999 -9999 -9999 -9999 -9999 -9999 -9999 -9999 49.3399991889465 46.8125000164431 45.6424999201008 51.4425000829685 52.9299993773471 47.2074995271011 45.7349996410858 45.6125011555473 45.3125009304216 48.8625011370425 51.7849998543579 50.8724994670341 -9999 -9999 -9999 -9999 -9999
-9999 -9999 -9999 -9999 -9999 -9999 -9999 -9999 -9999 -9999 -9999 -9999 -9999 -9999 -9999 -9999 -9999 -9999 -9999 -9999 -9999 -9999 -9999 -9999 -9999 -9999 -9999 -9999 -9999 -9999 -9999 -9999 -9999 -9999 -9999 -9999 -9999 -9999 -9999 48.057500811517 52.6499996196129 47.4274988462507 43.9425001310386 44.7199992860249 46.4325008513423 47.4375000034317 51.0200004396525 55.5199995088964 50.9025001817103 47.0674991742363 47.6075001008331 44.5325012280295 45.902500108233 51.1825008676821 45.9850006088958 45.9799995363007 47.0549993619648 -9999 -9999 -9999
-9999 -9999 -9999 -9999 -9999 -9999 -9999 -9999 -9999 -9999 -9999 -9999 -9999 -9999 -9999 -9999 -9999 -9999 -9999 -9999 -9999 -9999 -9999 -9999 -9999 -9999 -9999 -9999 -9999 -9999 -9999 -9999 -9999 -9999 -9999 48.2449989268015 48.7100010213677 44.0374994174481 48.0600004082228 51.187499039348 54.767500895358 48.0699997173308 43.8100004363357 44.4400005256672 47.1575002618022 48.8950004567209 48.2299995446335 51.4799995114042 -9999 54.4849996754833 51.3750000131119 48.2874994394457 48.2224998324248 53.417500504848 48.7125005839112 47.2899999521022 49.2250003731611 50.6475000222805 51.8849992567746 -9999
-9999 -9999 -9999 -9999 -9999 -9999 -9999 -9999 -9999 -9999 -9999 -9999 -9999 -9999 -9999 -9999 -9999 -9999 -9999 -9999 -9999 -9999 -9999 -9999 -9999 -9999 -9999 -9999 -9999 -9999 -9999 -9999 -9999 41.6049985864511 42.6125001895807 44.3299999050661 51.2325000673388 49.7950001012814 50.6224994506898 51.4749994286258 55.5299997404711 51.2600011990397 47.3550005057328 48.972500772388 50.5074996961408 48.8275003482305 50.0149994038538 51.0025005379128 53.4499997943569 -9999 54.7600002387166 53.9374999899226 54.9775008903172 53.2924995396333 53.1149997663326 53.4825010192131 54.992500306525 54.632500672049 51.7950000995274 48.5725002430254
-9999 -9999 -9999 -9999 -9999 -9999 -9999 -9999 -9999 -9999 -9999 -9999 -9999 -9999 -9999 -9999 -9999 -9999 -9999 -9999 -9999 -9999 -9999 -9999 -9999 -9999 -9999 -9999 -9999 -9999 48.600001366703 43.1199989289981 44.5424995447486 43.0699997117081 39.1275005400842 42.1000003616114 46.2524995720571 48.9200010140043 52.7375001956245 52.2799997063497 54.8749999752558 57.6724996708219 53.8674993437498 54.9149999563697 52.0349998833564 49.2775001465501 51.474999417142 53.9475002261154 55.1175003129071 -9999 56.0725002361614 56.7375011376735 -9999 53.8774995746119 54.4124994358596 54.6250000084774 52.6599998553958 50.312500017074 47.6149997810611 46.3524999791788
-9999 -9999 -9999 -9999 -9999 -9999 -9999 -9999 -9999 -9999 -9999 -9999 -9999 -9999 -9999 -9999 -9999 -9999 -9999 -9999 -9999 -9999 -9999 -9999 -9999 -9999 -9999 -9999 44.6100006279314 49.417500461013 46.4124994625844 42.4074983484636 46.9249992278776 45.5649995947103 40.2224998657566 39.6450004571538 41.3200006406934 43.4949998802604 46.9250001811041 48.3025006952675 51.9875001643281 57.4300002854444 56.417500489378 54.1199999182863 52.0424995487373 51.077500346755 52.0325002700924 54.582500434502 56.7424993515484 56.8350000397541 -9999 -9999 55.107501033226 55.3124999926967 56.0375003648726 54.8849992967188 51.8599996670345 49.0500001983114 48.7675008653732 48.9200000459594
-9999 -9999 -9999 -9999 -9999 -9999 -9999 -9999 -9999 -9999 -9999 -9999 -9999 -9999 -9999 -9999 -9999 -9999 -9999 -9999 -9999 -9999 -9999 -9999 43.7399988565563 40.664999955182 42.1400003432733 43.6049995378795 49.7725000171667 53.0874996267257 48.9949999120498 44.8399992072109 47.1575002478867 47.5775003523082 42.7725000614961 41.8350000244557 44.6450004439645 45.0999994322338 47.2524995541778 51.5200004439612 54.4275006990819 58.5899991889288 55.1900005361691 54.6175002946673 54.1050004977798 54.7924995461882 54.5699997058324 54.8049993353593 57.0624999902311 58.2425002965278 59.0025005396019 56.7600002253415 57.3599987037038 56.5199995127721 57.4700002438233 55.662499444909 54.2899990140037 53.4000005714357 51.4724998581909 52.9875001672716
-9999 -9999 -9999 -9999 -9999 -9999 -9999 -9999 -9999 -9999 -9999 -9999 -9999 -9999 -9999 -9999 -9999 -9999 -9999 -9999 -9999 44.1599988885658 46.9925003021041 44.3975000745563 45.5724992582464 41.4050006633707 39.4499998062795 41.4600000305322 45.0725002209629 49.6599998257224 55.1400003529887 50.4875001999063 50.8575000785592 49.4224996693089 46.2674989858734 42.4425000976659 48.1900005089009 48.6450004647095 50.2449989157146 53.1774997529054 55.7700004690543 -9999 57.7600002371602 55.8524999726097 56.6300000929427 56.0775003559619 53.9125003793839 54.5574998725459 56.3599996437136 58.9324998793685 59.2425003106237 58.4175004976312 57.2074995087505 56.4550008729884 58.689998630767 56.5675001290118 56.797500605767 56.0549993692886 55.6350002218449 56.8800001145547
-9999 -9999 -9999 -9999 -9999 -9999 -9999 -9999 -9999 -9999 -9999 -9999 -9999 -9999 -9999 -9999 -9999 -9999 -9999 45.3375005711793 42.2700004685255 45.4399995616669 43.3400001641012 44.4149999584417 42.1925001227439 45.6475000224932 41.7700004763376 40.532500262749 44.0600004068817 50.3124999781133 55.2024994016126 51.894999488873 51.6250000050241 47.7200002923575 43.5399999805599 43.1199998692241 49.3274993606927 51.1475000599469 51.255000109517 53.7800006640221 57.5050001094156 -9999 -9999 58.4275007261631 57.4149999669516 55.6475009926468 56.2725000309114 57.2499990431512 57.0750007634947 58.1899995682858 59.6925001192136 58.4324998911146 57.2650003489356 58.4175004807413 58.8475008105036 57.6000003970468 57.5699996964424 57.1875009480195 57.2825002609403 57.5900001582686
-9999 -9999 -9999 -9999 -9999 -9999 -9999 -9999 -9999 -9999 -9999 -9999 -9999 -9999 -9999 59.2375001945962 57.1649999661061 54.837499620219 51.62500000265 49.7449998957605 47.3299999285602 47.2100000302675 47.4949998849599 50.0174989732852 45.0299997514993 42.0424995482519 44.1575002294041 42.4275007386292 45.8000001575351 54.3524999413751 56.8974990737859 59.2874994313741 55.2650003655963 47.2299995414059 47.3400001783435 47.149999602129 51.1325006345275 54.7125005762502 49.9799986120113 48.957499489496 55.0074996731337 59.4874992205384 57.5974998630355 56.0925006909226 55.219999322446 55.4874992247689 56.9374990414878 58.1700000725759 58.7325000738403 59.2750005634158 60.0349998504975 59.0825004600743 58.7175006876984 59.6124992343537 59.1325006507359 58.2825002746056 58.8725004198867 58.5524988283685 57.1149997831813 56.1449995096561
-9999 -9999 -9999 -9999 -9999 -9999 -9999 -9999 -9999 -9999 -9999 -9999 61.3499994273657 60.7774992013506 59.1949996953794 58.3350009940405 57.3175001170075 56.4699993133539 56.0074996983026 55.0075006529836 54.2450008383715 55.9950008292163 54.1624994330148 50.7049999383807 48.1525001404954 45.5124998014991 40.2524995756517 43.9350004095854 47.5974998204468 53.8049993432752 58.5624999899548 61.3975000411839 54.5599995005636 53.0699996803049 51.9474992762274 53.3874998088232 54.5074996746487 56.7950000959122 52.3750000075713 54.534998870961 56.4724998264942 60.4324998836967 59.074999805126 58.5874996311147 57.3325004610356 56.732500072775 58.2399997720944 59.1024999594498 59.0799999199094 60.227499959065 60.4150009162022 59.8900003413558 59.9549999262117 59.9549999241146 59.4825010271067 59.2349996547695 58.8049993576515 58.0424995462443 57.4525003511981 56.0825004725902
-9999 -9999 -9999 -9999 -9999 -9999 -9999 -9999 -9999 60.7174997330528 60.6674995413441 60.9974994669855 60.5100002302422 57.8949995069003 56.9825000794089 56.5225000365925 54.8875007624188 54.5500001908341 53.4200000785526 53.9400005279503 55.6624994248781 58.3374996089044 57.3624992466617 52.8825006548027 47.5300006940863 47.835000032306 48.8075008510012 51.6549997192665 52.4649991753505 57.7649993782132 60.3225002253598 61.6925001163956 57.4750003944377 56.5725002070408 55.827500352512 55.3324994928039 58.9875001752289 58.6024999831539 58.3374996098946 59.1249990467796 60.6349992728107 59.7649993930554 58.3024997787068 57.9050006883078 56.289999958199 56.5250005555261 59.4250001836324 59.9625005685323 60.5250005697972 60.3525009215283 59.6000003799269 60.1499996169568 60.3149995807842 60.2775001532519 60.1374988559551 59.689999585364 59.5825014070688 59.2925004977225 59.3924989720983 58.2325000815776
-9999 -9999 -9999 -9999 -9999 -9999 -9999 -9999 60.7775011057507 60.6475000387002 60.6849994676474 57.6100006150085 53.6974992734782 54.0100002293734 53.8175001193557 51.9399995849085 52.3700008357359 51.8974990769048 54.0349998448314 58.1925001112202 59.0799999226487 59.5349998406393 59.7274999693049 57.6224994694191 54.5799989690481 55.2425003021305 56.782500258653 57.5025005310368 60.1174993451055 61.1724996525362 62.1350002286488 62.1050014495849 61.3775005379974 59.2825002729443 58.1499996156967 58.0150003480656 59.5499992207526 61.080000879313 61.4650001527349 61.3974990839071 61.1949987437016 61.059999468795 60.9600000397698 60.8899984400441 60.1650009173111 60.6250009537608 60.5974998453255 60.3225002296531 59.7500009569153 59.1374998132822 58.7749996175664 58.9399995757623 59.6449995016838 59.9425001119384 60.0775003417099 59.5074996945593 58.7800006897748 58.2699995031016 58.985000608788 58.8900003455952
-9999 -9999 -9999 57.5074996955425 57.7299995411978 -9999 -9999 60.1674995426443 60.7599992753374 60.5324993146877 58.1874990505068 57.5675001152221 57.6874999995594 58.5299997334101 57.5799999242608 57.9300003033122 58.7474994640685 58.6999998048894 59.9724988926963 59.5724992688605 60.7699985481841 60.7650012960532 61.6149997686267 60.1775007323534 59.3450002684333 59.8299999172787 60.1850004181499 61.6850013728187 62.0324993129465 62.3124999982818 62.3200006491391 62.2150001522872 62.1849994666249 62.0299997331631 61.8649988176415 61.7799987788225 61.6925010691257 61.5850000386482 61.5475006109029 61.0099992768662 60.7025003466861 59.8125000012274 58.9200000820547 60.2475004145078 59.4600000419699 59.7524995779938 60.2074995032459 59.8424997306583 59.4600000342574 59.0999994326153 57.1499996307754 57.4574994966657 59.0075006437373 59.6800003010899 59.8699989316766 59.575000768026 58.8800010719996 57.4525003433781 57.0075006447564 57.104999531556
57.1500005723298 55.0749998096506 57.7500009535365 57.092499732948 57.6399993881458 59.4249992364519 -9999 60.1049995430521 60.8824996946213 60.2550001146406 59.8375005722947 60.2224998459296 60.6125001898632 59.7375011480832 58.159999845972 59.754999160855 60.5574998837792 60.2999992341206 60.6824989356106 60.97500038307 61.3575000763135 61.2974996523468 61.9125003824362 62.3000001930228 62.4024991952873 62.6750001918547 62.4875001902033 62.5774993898322 62.5374994285301 62.4799995421237 62.3675003063113 62.1299991611876 62.0024995815313 61.1824998884057 61.2500009532795 60.6599998520214 58.5399999687533 60.0200004604135 57.1400003452358 56.2649993819572 53.9824991418377 52.1499996235248 53.1925001152137 56.1899995585389 58.3000001991478 57.2974996503801 55.5100002459282 57.417500498949 55.3650007437763 54.9525003435602 55.9474992795951 57.4274997665465 58.2525005269911 59.5625000010726 59.4549999226657 59.4800004930497 59.222499849624 58.3700008439549 57.2425003218766 54.6800003206293
-9999 58.6850004196655 58.2274990088824 57.7775001532394 55.9950008397908 55.065000535621 56.690000531538 59.5225000359058 60.6324996950596 60.407499311495 60.3224992756788 60.9049997326639 60.6500005736846 59.0325002692067 58.1750001942516 58.8150005289389 61.2625007605931 61.5024995789636 61.4674997343309 61.5924987772306 62.0275001519033 61.6774997664186 62.675000190993 63.0200004577637 63.0524997710948 62.9750003814696 62.7725009923526 62.6149997715383 62.4550008786865 61.9924993529376 61.8025007254618 61.2249994262918 59.3599987138602 57.3374996251484 56.5275001530149 56.7549991734398 54.9724998489805 55.5100002361131 53.7825002727262 52.1624994381664 52.0774993821102 52.9449987435283 51.1449995199967 51.2174997229616 53.8625001889912 52.9550008865892 50.9474992762286 50.6675004812631 52.0950002682304 50.1224994678785 50.5275001257348 53.6399993789304 56.9174995340667 58.432499880196 57.9849996629205 58.050000185966 57.8725004193467 57.2325000882062 52.694998769187 48.7425012670864
-9999 -9999 -9999 58.9975004200139 58.8350009917867 57.8000001920154 55.9825000749218 57.2149991956774 60.2524995790438 60.914999961726 60.892499923616 60.7949991219828 60.1400003448744 58.0675010714287 56.2949991216496 58.6049985821417 60.8150005317901 61.6499996187641 61.8800001161005 61.9925003035188 62.6475009911755 62.9274997709335 63.1499996181008 62.9600009934367 61.932499887314 60.1724996649807 58.6775007241614 60.3600006128207 60.3775005439358 58.8900003487313 58.2799997363481 58.7524995808946 58.7399988193679 57.6524992064925 57.4200000728682 57.492500309751 56.7974996595003 55.4674997355136 54.2049999295137 53.5574998885387 52.9624996125378 54.4674997215998 55.7674989680433 55.8924989666672 55.720000274506 54.9499997973634 54.4549999277009 52.1500005776447 51.3275003490162 48.0974998662648 47.1399993745115 51.0974998173738 52.9025001634646 55.1450004440765 56.1900005292718 55.4850006031464 56.5325002497127 54.6725006317065 51.8450002523944 52.5575008308809
-9999 -9999 -9999 59.6000003815365 59.4774999623471 59.494999886021 58.9450006475682 59.6674995416711 60.2550001138566 60.805000304958 60.2974996575293 59.9800004959768 60.0675001134027 58.7824993137801 58.3450002666137 59.3099994691086 60.5749998075011 61.4974994633869 62.2300004950983 62.4350004189466 62.6200008389203 62.6824998856206 61.7049989735102 59.0424995496156 57.0425005032785 56.9975004101468 58.4549999220876 59.6775007198826 60.7875013348986 59.8149995819045 59.8149995822469 59.5050001146818 59.7000007612644 59.639999387858 59.6624994251281 59.1549997324297 58.8649997735582 58.6250000053703 58.0649995831037 57.079999936302 56.4774990212091 54.9274997794001 55.4849986911541 57.2524995672179 57.5475006127737 57.0699996926528 55.0550012646207 54.7375002067416 52.8800001112913 53.0375003869989 49.1374998234882 48.6499996271848 47.7325000653172 50.4625005535618 52.3500003722083 54.9724998208674 57.9724988822474 59.1674995369116 58.8824996920881 58.9425001180204
-9999 -9999 -9999 -9999 -9999 -9999 59.1950006483617 59.75249957999 60.4300012582494 60.7075004575188 60.3850002287818 59.967499731203 59.9299993521701 59.817500113345 59.824999807631 60.4424991584734 61.0524997698738 61.6999998079955 62.0325002665874 62.242500304636 62.2649993894528 61.8874998135955 60.2349987040766 59.7075004502928 60.5624990470505 60.3400001507371 60.5325002658899 60.7674999257803 60.5550003092033 60.6575002676765 60.9450006485566 60.732501030359 60.6650009150929 60.4175004967742 60.4525003427628 60.6099996568805 60.6599998485269 60.5700006517204 60.1550006872333 59.9175004996438 59.3800010723678 58.264999391946 58.54249954601 58.8974990781181 58.6950006518971 58.5300006956793 56.9925003203125 53.0124998309842 52.8175000931902 55.1875000015588 55.2174997341751 55.1424999370277 54.1050005115471 54.1199998632902 56.3124990417989 56.4250001701757 59.3625001851785 60.1925001128487 60.2875003809668 60.3550004943199
-9999 -9999 -9999 -9999 -9999 -9999 -9999 59.9324998847789 60.3525009152595 60.5325002674552 60.1324996951152 60.460000037532 60.472500800263 60.6525001519048 60.8124999999587 61.1350002282607 61.5200004576062 61.6675004955932 61.8699998851706 61.9999999999255 61.40999984839 60.6849994670098 61.0824995026507 61.4724998468066 61.3974990837009 61.2725000373924 61.2499999991399 61.3650007245302 61.5375003823135 61.4300003046689 61.3849992743924 61.2999992377822 61.1624994270199 61.2674999234184 61.1125011441789 61.2675008787699 61.2274999634906 60.9974994673387 60.7100000410139 60.2524995798933 59.7550001182301 59.6149997719109 59.9450006442787 60.0724992748338 60.1825008396159 59.9399995825553 58.8950004575865 57.0399999758202 52.9025001593948 55.3699998676024 57.7050008805626 58.7900009199524 57.9374999935349 58.4375000018902 58.6949996920151 59.4800004932617 60.0150003368499 60.41250037867 60.697499280737 60.7049989649191
-9999 -9999 -9999 -9999 -9999 -9999 -9999 -9999 -9999 -9999 60.5325002669586 60.7100000381909 60.8024988173842 60.9875011446026 61.0650005338085 61.159999847205 61.2974996568505 61.4849996565103 61.5550003051052 61.7250003814698 61.702500343812 61.5825004579073 61.7524995806625 61.7100000380572 61.5875005721811 61.67000007644 61.6774997708904 61.6750011444092 61.722499848038 61.585000038654 61.5075006480618 61.5949993134748 61.5675001147201 61.4650001529077 61.2274990090021 60.895000458306 60.004999164111 60.7799997357634 60.8350000368241 60.9375000013952 60.7449998879562 60.5374994281519 60.4650011069114 60.4575004572237 60.55250072441 60.5200004571556 60.4800004958218 59.3850002452053 56.0199995167741 57.7950000510598 59.8425006768587 60.18000030842 60.2999992374612 60.3625001911942 60.3624992366959 60.7400007236266 61.1149997678815 61.3625001877155 61.4750003816931 61.3050003049484
-9999 -9999 -9999 -9999 -9999 -9999 -9999 -9999 -9999 -9999 -9999 60.6449995041112 60.7574996945973 60.8549995419011 60.9074993132852 61.0399990077941 61.2174987791866 61.2175006862279 61.2650003433581 61.3874998089114 61.4425010684087 61.4999999999999 61.5249996190027 61.5149993903662 61.0700006484513 61.0925006840399 61.6150007249949 61.6449995044044 61.3199987420748 60.9850006117596 60.7900009169245 60.8800001138394 60.587500573476 60.7425012592654 60.8075008392004 61.0824995046654 60.8825006505542 59.8649997750559 60.0874996145979 60.6799993524064 60.6725006111634 60.6500005732347 60.5150003442154 60.0299997387855 59.9949998900631 59.1600008024761 58.8599996533028 58.339999200363 56.3075008471498 59.6249990219428 61.1700000770654 61.077500343077 61.3850002293832 61.1599998490468 61.3600006094152 61.2825002661281 61.4524993885157 61.5399999603159 61.590000152141 61.625
-9999 -9999 -9999 -9999 -9999 -9999 -9999 -9999 -9999 -9999 -9999 60.474999427422 60.5224990844846 60.5699996948242 60.7449998851714 60.8624992368979 60.9475011824145 60.9724988935875 61.0699996947536 61.0850000381098 61.0299987798449 61.197500228492 61.185000420261 61.1024999610229 61.3575000758963 61.4249992363301 61.5 61.3825006491549 61.2775001527782 61.4549999230299 61.4549999235896 61.45749950436 61.4025001523707 61.3049993541876 60.7500000043476 60.0649995845859 59.7700004630603 -9999 59.9774990085834 59.7974996570924 59.5475006145662 58.8450002676633 58.4049997259112 58.777499200866 57.6774997795741 56.6475000470523 55.7525005420037 56.3100004116348 59.707499496912 60.9924993443657 61.3374986635542 61.5550003037992 61.6750001890307 61.7599992755139 61.754999161703 61.7475004200935 61.6925010657956 61.7049999245844 61.6875000003909 61.6725006112037
-9999 -9999 -9999 -9999 -9999 -9999 -9999 -9999 -9999 -9999 -9999 60.2774991988367 60.2950000761746 60.5025014876673 60.5349998474398 60.6100015639963 60.65250015232 60.6799993515682 60.6975002286522 60.7299995422363 60.7849998469816 60.8675003051141 60.8675003051113 60.9750003814697 61.0500001904541 61.2200002660548 61.2474994666761 61.2174997324723 61.1050004975977 60.7125005727393 60.7150011052718 60.9825000799923 60.6399993934331 60.1575002680203 60.1275005350785 59.6649999645642 58.6850004226831 58.2924995384775 58.577499392331 57.6149997751144 57.4349994694216 56.2524995947658 55.2100000327089 55.2124996292039 55.624999993712 55.4700002639887 56.3600005952596 59.3624992285814 61.1549987781857 61.472500800472 61.4850006075555 61.6824998851167 61.8850002285812 62.0025005344151 61.9875001878733 61.9674997328122 61.8099985121601 61.7374992389819 61.7874994278512 61.704999923138
