socal_rasters/PETColdestQuarter_SPHAsouth_aggfac2.asc
NCOLS 210 
NROWS 130 
XLLCORNER -119.45 
YLLCORNER 32.483333333 
CELLSIZE 0.0166666666666667 
NODATA_value -9999 
[rows 104 to 129 of 130, columns 120 to 179 of 210]
-9999 -9999 -9999 -9999 -9999 -9999 -9999 -9999 -9999 -9999 -9999 -9999 59.5275001451247 60.0575008368118 60.4775009082083 60.5349998424969 60.9224996528985 61.3099994593793 61.675000187826 62.0725002268842 62.2799997310933 62.5174999200587 62.7550001109038 62.9324989251719 63.0799989727907 63.6075000603197 64.2275009229399 64.709997168675 64.7674999397262 64.9825000364738 66.2249984663627 66.2025013382156 63.9650011228592 62.9675006841541 61.7074994977464 62.3899993837091 61.5024995993548 56.2749996795753 58.3250007381223 63.0174997843778 65.8725005782056 60.0700006207453 61.2074994499449 63.4025001380703 63.5475005982587 61.5875006700021 54.6250000527705 55.5675000931737 54.6475010325174 53.3225012150808 51.1875000356471 49.6199998757351 49.8949995185813 48.1975002591935 46.662499448286 46.8874998054114 46.8724994806018 45.8699998852199 45.5124988690533 45.3225002283679
-9999 -9999 -9999 -9999 -9999 -9999 -9999 -9999 -9999 -9999 -9999 -9999 59.2749996177713 59.7025012933009 59.9875001872679 60.4049997267622 60.8249998050953 61.195000642198 61.5950002601533 62.017499916115 62.3850002251262 62.5824995004421 62.9624996132249 63.1350002299777 63.1925001112681 63.7550000986058 64.6425008926253 65.1450023456801 64.3625030674945 64.9425010554129 66.2224998271545 67.1774997625851 64.1075000953661 64.6624994379077 65.3974990206081 67.9675006505723 68.3350010019813 66.852500881397 65.3900003923519 66.3424996776979 67.2250004810658 63.9325007915901 63.8025008009626 61.4125012019975 62.8600006461579 60.9674997874787 57.7124996870373 56.3274993917269 53.8724995059958 50.9925002885083 50.1799993173196 50.6600007991215 50.2474994763176 47.3525009408694 46.795000076294 48.3625002083279 47.4575004552362 46.0775013012335 45.6550007425404 45.0825004521088
-9999 -9999 -9999 -9999 -9999 -9999 -9999 -9999 -9999 -9999 -9999 -9999 59.0675001074837 59.482500069794 59.7849998443304 60.2550001113365 60.7125005652983 61.0874996120985 61.5574998788158 61.9125013315483 62.4325008358802 62.8125009489463 62.7775001578934 63.3000011307095 63.7324991034445 64.2899990026224 65.2199993080399 65.1249980968759 65.5249996227829 65.7875003659125 66.6874999935345 67.137500756142 67.3875007604644 67.084999080662 67.6924991635694 66.9449997200616 64.3400011203059 64.302501641929 64.6875018164088 66.5674992772551 61.6125002000811 58.8675013394868 57.8125000280808 56.2425002525751 59.2899999819561 58.2275000207851 55.1449995609942 54.087499658027 53.5350008245718 52.6475000412212 51.552499783 52.1125001797648 50.7974996522305 49.1575002874011 47.4375000208232 49.7975005458464 49.7200002771381 48.6199999153823 45.7150011478424 45.3575000829772
-9999 -9999 -9999 -9999 -9999 -9999 -9999 -9999 -9999 -9999 -9999 -9999 58.8725004154423 59.2850007972629 59.7049999188266 60.0525007158672 60.492499345377 60.997499458198 61.4025001455802 61.8874988498642 62.4074993054408 62.8624992317922 62.8574991219395 63.3449992897912 64.1424989525121 64.602499007762 65.3625011302833 65.5150012922094 66.1649989999562 66.5575008310981 66.8924980119036 67.2700004542925 67.5774993903764 67.2924995479514 66.9524994007106 66.5950012331731 66.0599994695283 65.1450023945828 65.419998129906 65.2099991088356 63.5975008104332 60.9950009209489 56.2550002348263 52.1799993131036 57.8924998491098 58.8699999222137 56.8899994090414 53.0599995385368 51.579999905046 52.6524991557086 53.4399995908008 52.4225006704392 51.6800003272426 50.5349989182519 49.8799991561024 51.255000077246 50.3975000581979 47.780000778151 45.8125009552082 44.9824991313593
-9999 -9999 -9999 -9999 -9999 -9999 -9999 -9999 -9999 -9999 58.1975002270132 58.2875003798379 58.6925001100136 59.1575002612936 59.4875001857271 59.8924999181439 60.302498810277 60.8449993062664 61.3649988097751 61.8275003375962 62.2850007946482 62.9300002968004 63.0900001512276 62.9650001638215 64.3774986163627 64.9200000696264 65.3850002182524 65.7925014429667 66.1725006053897 66.3625011476921 66.362499225136 66.8724994585665 67.290000913198 67.2749996220472 67.3024997765757 64.6824999424159 61.6124992691831 63.5849999584559 65.4525013056222 63.8675012879334 62.4224996804267 61.1599998677634 59.8450012390082 57.995000789595 59.8500003959181 59.1199998902993 58.3074999241835 55.1949997591031 53.280000720102 53.112500204812 52.8249998239152 50.6975003076338 48.7725000267836 50.295000060724 51.6274995608917 51.9500008142083 49.3125000679057 47.045000102729 46.1675004953995 45.1624994574416
-9999 -9999 -9999 -9999 -9999 -9999 -9999 -9999 -9999 -9999 -9999 58.15500068539 58.5799999176343 58.7350006047436 59.2150001443699 59.6824998784447 60.1300001100105 60.6199998782084 61.2325000737817 61.6950006431714 62.1999998006807 62.8299989648985 63.3149995708605 63.7750005694647 63.3824997068259 64.1975002034618 64.9699993058018 65.7449989279418 66.2025012940199 66.5375003764744 66.2099990827491 66.547500622645 66.7224998461018 65.6025009276892 64.1749992600693 63.9125003667727 64.7374973170126 65.4300002934486 63.5749998443699 62.814999582819 62.5924997493661 61.8199996920493 61.5900001802024 60.6250000418324 59.5250005577567 59.9700002464908 58.5225000815389 56.2049999451318 54.5325002980737 53.7925005057814 52.0125008054229 51.1125002226616 50.2925004927818 52.0225000184364 51.4474992413896 52.2674999483353 50.4475002806114 48.4025001680082 45.4624996265398 45.3050003010632
-9999 -9999 -9999 -9999 -9999 -9999 -9999 -9999 -9999 -9999 -9999 57.9075002646436 58.1875009451992 58.5450000704313 58.9375009455848 59.444999692496 59.9899988130135 60.5100002202187 61.0649995724501 61.5450000707006 62.0250015130024 62.5050001068762 63.19250010451 63.8750009460026 63.9375000122775 63.8199996645422 64.6850013657386 65.1075019851915 66.0874996121508 66.6175002973258 66.7975006090586 66.9974994631945 66.9774990091976 64.8424997835275 63.3100004255165 63.9450006131667 67.3075008600011 66.4249992250311 65.8100013975008 63.2725000166762 63.345000315141 62.1350002251812 62.9674987974478 62.2224998591197 59.4025002476008 56.9850006071912 55.6999997892375 55.5600004483988 55.4200000853015 54.1249990760999 53.9425000914893 52.297499673213 52.7824992786061 51.8025007471528 51.292499581052 50.2125006052115 50.2849997945032 50.6949997646397 45.9925003288627 46.2724999896504
-9999 -9999 -9999 -9999 -9999 -9999 -9999 -9999 -9999 -9999 -9999 -9999 58.0175008775068 -9999 58.6125001875246 59.1650009067314 59.6874999857965 60.267499920162 60.8824996909897 61.3474998408863 61.8050003022248 62.3325004403375 63.1374997985179 63.6824998840522 64.2175006729885 64.6675014427787 65.0324993062217 65.2325000753083 66.1275005265437 66.4674987688779 66.7725009893787 67.0999984692038 66.9400005352222 66.7899990034897 65.1424999592536 65.252500502141 67.8649997821744 67.3675003254748 64.6175003479982 63.9049997092177 -9999 64.3725004543068 65.1975002433093 64.1700010521328 63.5199995100578 60.1475000733787 58.342499752204 57.0450000910052 57.2375002134162 58.424999248713 56.9474993941923 53.3549995569701 51.4849996965296 51.6149997658174 50.5249996318575 49.587499615012 48.530000689005 51.362500282072 47.3899994264573 47.1925000303008
-9999 -9999 -9999 -9999 -9999 -9999 -9999 -9999 -9999 -9999 -9999 -9999 -9999 -9999 58.3124999952492 58.7424993451632 59.3600006040969 59.7175006810013 60.3150005292977 61.050001132956 61.7300004854483 62.3674993454226 63.1300001060064 63.775000559601 64.4399986159489 64.9974994580247 65.3099975566357 64.975000398931 65.2499999875249 65.9750003817556 66.177499762929 66.829998018093 66.319999698027 67.0150012568449 67.5324993270719 67.199998833324 67.7600002384439 66.2174988004969 65.9874992293427 65.4600010399386 63.0524997629975 61.132500655745 59.0474996276677 60.9350003971399 61.5950002544658 60.4874992508064 58.2775001908936 57.2375001915344 60.3674993027614 58.399999720799 52.600000433882 50.6024989893499 51.1750011572541 50.6649999707976 51.1149997791144 50.3475008042696 50.1199998757859 54.2975006406834 49.8524999766776 49.0399999166118
-9999 -9999 -9999 -9999 -9999 -9999 -9999 -9999 -9999 -9999 -9999 -9999 57.3425006804473 57.5974998421866 57.9850006057289 58.4200000638762 59.0249996125363 59.6975002192998 60.6000003767098 61.2449998754378 61.7925004874604 62.4274997647691 63.1124992268575 63.7174987703921 64.3449993017665 64.9300022053013 65.3474998453141 65.4150009169355 65.3924980179172 65.7775001424545 66.5249996127834 66.9425010676814 67.0624999925755 67.2975006122565 65.7124977735718 63.6375007081597 66.45000076503 64.1800003701308 61.1149998231693 62.9924993251581 62.6824989504252 61.8474998512668 60.8225002526177 57.8975000816962 57.729999508628 58.3350000362502 58.8924999175072 60.7249993593589 61.0725002959586 57.3350000708339 54.7750006070387 51.684999498689 50.7549991492387 50.7524995812118 51.7049999030486 51.1625004004026 52.0249995389992 55.9774999440604 53.6199999929182 51.4349994810231
-9999 -9999 -9999 -9999 -9999 -9999 -9999 -9999 -9999 -9999 -9999 -9999 57.1575012175408 57.3000001874212 57.5949993074479 57.9699993081805 58.7850007877954 59.6574993074478 60.2825002557901 60.9699993045649 61.5075006381705 62.1525001456986 62.9175014393819 63.5399999533594 64.2275009043535 64.7625007547441 65.1849975555169 65.4650001559677 65.6999988510543 66.0900001477354 66.594999310481 66.8675003004031 67.2574977855832 67.1200008412849 65.8199997340581 63.717500690356 62.7399997785886 63.1424999539285 62.0225000579692 61.1225004215967 60.7924995479062 60.9874992005199 60.5474996509375 57.2174998904675 56.3500002963507 58.3424997170125 60.2974996263172 61.4700001867577 59.1999999032065 56.6750002163019 53.7999993317933 52.3249998233467 50.3900002646058 53.592499696696 54.2925005297278 51.7099990905042 52.9875001184481 56.6625003680827 55.7425003557875 52.5600003911693
-9999 -9999 -9999 -9999 -9999 -9999 -9999 -9999 -9999 -9999 -9999 -9999 56.9674997373985 56.9674997292751 -9999 -9999 58.2924995322027 59.1424999109735 59.87749956412 60.6450004473759 61.1775007139278 61.9525003299492 62.7049999117345 63.4449996852346 63.9849996450893 64.6049995358466 64.9474983144003 65.0450000639024 65.7400016705277 66.0200004474873 66.357500083621 66.1874999900202 66.2750015247139 65.9699993241986 65.2700004362294 65.2799987772186 64.5474977820484 61.8225002127929 62.5874996413796 60.259999312362 59.4250001876707 58.8550005153378 56.5824995262736 55.7775001543048 59.6400002424997 62.5824994596939 63.8649988339744 61.8774995907766 58.3600005916927 58.9775009435217 57.2500000315779 53.7550001943406 51.6674995341679 53.18000025946 56.4874992172361 55.4424992359956 54.7550000665874 56.8900003623018 55.2574997103318 55.672499668502
-9999 -9999 -9999 -9999 -9999 -9999 -9999 -9999 -9999 -9999 -9999 -9999 56.9525003606526 -9999 56.9950008356382 -9999 -9999 58.7624988554595 59.5150003303652 60.3024997613963 61.0124997970592 61.8074989204025 62.5200013975618 63.2574996850975 63.8850002164662 64.4025001435592 64.7924995325859 65.3174991533035 -9999 66.1149997656946 63.7725019740876 64.077500323799 64.8750019006516 65.2999992309057 65.617502207362 65.8049984245479 64.8125000249506 63.305000250143 64.3824996746988 63.542500531694 60.0749999260241 58.2425002797377 59.2875013309557 59.9300012351231 62.2624997899481 61.7224998447263 64.8675021967886 62.0000001189676 60.002499606281 58.5124998489098 56.6350002607847 55.4174995427275 53.9449997208441 52.6900005012616 56.1274995315723 -9999 57.3175010537923 56.8699998509907 56.0974997947549 55.4300003565857
-9999 -9999 -9999 -9999 -9999 -9999 -9999 -9999 -9999 -9999 -9999 -9999 -9999 -9999 -9999 -9999 58.0100002142875 -9999 -9999 60.1999998036717 60.9800004851802 61.6199998766434 62.4825000652747 63.2175006771928 63.7875003738824 64.2975006060455 64.7900009096532 -9999 65.2299995532942 64.4925002950415 61.0450000846278 62.9000005366271 65.4850006176308 64.6950006611006 65.3974990388964 66.4724998532017 66.0074996964681 65.9424991714423 65.3849983699541 63.1174993808895 58.8925008897924 59.1400003226635 59.007499757965 58.4200010202902 59.8675002321481 61.8699998665988 64.4874973003066 64.1899996014906 63.2299995386989 61.0450010772198 59.7899999865957 57.3074999407356 55.1350002285528 55.4299994031803 -9999 -9999 57.4875002097755 56.1950006434148 55.9299993661566 55.3424997125791
-9999 -9999 -9999 -9999 -9999 -9999 -9999 -9999 -9999 -9999 -9999 -9999 -9999 -9999 -9999 -9999 -9999 -9999 -9999 -9999 60.9125003703369 61.670000068459 62.4149999523302 63.1149997612545 63.6774997627032 64.1449985440254 64.6049995302083 65.1399993848607 65.0525016927856 64.5375003647706 64.8950004416722 65.8599986966393 65.35500147084 63.4474992888351 65.6574992786926 66.2700004556856 66.4175014321043 66.6574993243307 65.9199981913396 64.3549985858205 64.2025003306047 61.0474996670075 60.1125002219173 59.0600004514592 59.1274995720596 60.7200002344822 63.0049991194403 61.4374990695122 60.1224994866947 61.8975000509326 62.3100004264551 61.9549989968843 62.7649993764732 62.0749998864509 55.6925000699603 55.9375000125663 56.6549997373524 57.2725000125588 56.1250000126098 57.6324996867695
-9999 -9999 -9999 -9999 -9999 -9999 -9999 -9999 -9999 -9999 -9999 -9999 -9999 -9999 -9999 -9999 -9999 -9999 -9999 -9999 60.9624996044465 61.6225004129975 62.3299999182644 62.9324998758323 63.5450000627747 64.1599988809585 64.612499232445 64.8649997688651 65.059999466793 65.247499463516 65.4474983124819 65.574998873235 63.5825004823669 63.1549997461599 66.0950011938585 66.3525009210203 66.5625000222612 65.8400020563275 66.5150013027471 65.89000130857 64.9725017411237 61.4250012088575 59.1750011611641 58.0550003257798 59.8225001910337 62.5399999078201 65.1399975452433 62.3724995060783 61.1424989586114 61.3825006334499 59.8625002625171 58.724999406184 61.1349992841005 58.1900005688407 59.5874996273584 59.4875001748177 57.8475008002445 58.6150006929351 58.5799999175716 58.8150005834109
-9999 -9999 -9999 -9999 -9999 -9999 -9999 -9999 -9999 -9999 -9999 -9999 -9999 -9999 -9999 -9999 -9999 -9999 -9999 -9999 61.0149993791862 61.7775001408354 62.3875007497436 63.0475006025428 63.7050008721382 64.1174983910208 64.3824996834956 64.8125018973508 64.9649982449559 65.0224990774791 65.5799999231313 65.9400024437203 65.8424987774042 65.4250002103707 66.0100002194421 65.3450002937506 64.8449983572906 65.107500087571 65.6925010510169 65.3575000916736 65.5150013123199 63.5850010578105 60.5199995236357 58.6399994024468 60.4999990218264 64.4075001417405 66.0200005267469 61.4500007961992 60.2674999502477 58.7850008082058 59.5650005086648 61.0450000363443 61.3300008984596 58.4025002299397 55.1475000752971 55.4374999562706 58.0349997988842 60.1199998669188 60.4000005609571 60.2474994671418
-9999 -9999 -9999 -9999 -9999 -9999 -9999 -9999 -9999 -9999 -9999 -9999 -9999 -9999 -9999 -9999 -9999 -9999 -9999 -9999 -9999 61.8000001777667 62.4850006021892 63.1599998411103 63.5900011007443 64.0000009453399 64.4475002228678 64.7424983962782 64.7650012975641 65.0775012868636 65.5949993116304 -9999 66.0825004599474 65.8849983227052 65.0249996447841 63.6125002502638 59.7600001828635 63.8175010484178 64.254999162582 64.4699993474626 64.1925010437522 64.5475006182146 62.4324989993691 62.9600009974421 63.1149997532163 66.2474993981646 64.7849998935057 61.367499346225 59.3325005312752 60.5724992009337 61.7125005665078 61.2300005139205 59.9449997363236 56.7024995103966 53.9925003116729 55.4749993755212 59.1024998841743 60.9049997211093 61.5124997958028 61.3575010400788
-9999 -9999 -9999 -9999 -9999 -9999 -9999 -9999 -9999 -9999 -9999 -9999 -9999 -9999 -9999 -9999 -9999 -9999 -9999 -9999 -9999 61.9250001818193 62.5325002595465 63.1849994560787 63.7200002598554 64.1100015556915 64.369998931605 64.694997784096 64.8374996189554 65.2575015900412 65.6849994642182 65.6425018378522 64.304999354414 64.0024986344764 62.1600008807344 60.8475008618035 55.9475002433752 59.7025003209207 61.090000141997 62.2224998046242 63.7099990568915 64.617499314961 64.8124999970527 66.0324992470162 67.0674991734875 66.9050007125561 65.4825001289052 62.7574987726505 62.1000013399692 61.8725004294876 61.6125001941531 60.7249994418761 59.6075010337556 58.5649995462615 57.1999998689043 58.8775004899924 60.7799996578187 62.0300006832562 61.5349998457081 60.0199995496726
-9999 -9999 -9999 -9999 -9999 -9999 -9999 -9999 -9999 -9999 -9999 -9999 -9999 -9999 -9999 -9999 -9999 -9999 -9999 60.3049993405811 -9999 61.767500867249 62.467499725489 63.1574993074637 63.6949987320452 64.2199993091874 64.590000146434 64.9550018271119 65.0374984600859 65.227500908819 65.5475006081961 65.2850017692235 64.2249975419936 63.3450003323867 60.6400003810819 57.8149996522332 57.0325002107044 57.0624990675276 59.152501123665 61.2424992356237 64.8950004537799 65.897500955897 65.9825001053054 64.7950000912774 61.9875001984288 61.1524991655756 62.9075002287214 63.7474985197826 63.1700000643906 62.867499367522 62.6249990720443 61.3374986781184 61.0574988912091 62.9049997631171 61.3175000839558 62.8225002293844 62.0474996868384 60.7100000689873 59.6099996457704 59.6125011596604
-9999 -9999 -9999 -9999 -9999 -9999 -9999 -9999 -9999 -9999 -9999 -9999 -9999 -9999 -9999 -9999 -9999 -9999 -9999 60.0824995004937 60.8350000274165 61.7324991160004 62.4600000242709 63.2875003692771 63.8225002243295 63.715000149532 64.0924997286356 64.3024997670345 64.6574993098101 64.8975009865404 65.0725002298875 65.2274990086127 64.8875007825929 63.6625003992012 61.7725010232385 59.8024997641402 59.7200002141387 61.0649996248889 63.085000971241 64.0649985115914 66.9300002941433 66.9474982939346 66.6374989069406 62.9399996384485 59.9674998122798 56.2500009081717 62.1899985790246 63.4925002864671 63.9724988890727 64.4650001567952 64.2025013052983 63.8775005604172 63.8150005350454 62.600000418573 62.9625005463834 62.4675007317147 60.129999182335 61.4800005013329 61.0100002466041 59.7400007114257
-9999 -9999 -9999 -9999 -9999 -9999 -9999 -9999 -9999 -9999 -9999 -9999 -9999 -9999 -9999 -9999 -9999 -9999 -9999 60.1875009468824 60.857499109609 61.6475009825004 62.4600000278079 63.1925001058102 63.8150005268841 63.6099996597332 63.9949989240526 64.2725009905539 64.6300010661305 64.807500831098 64.9524993918035 65.2149982365617 65.387500764832 65.3500003934863 64.0775003815251 64.0224999949481 64.8224992717726 66.0550003325414 65.9774989744351 66.5850009994349 66.5200004516347 66.6949977880918 66.8824996875327 65.8125000338726 63.1349993279759 61.7174997084832 64.0774993885361 64.3199977666886 64.5450000872321 63.7274990212854 63.4124984453103 63.7700004607103 63.4000005820845 63.2274989606402 63.8924989632013 63.7050008616308 62.945000683884 61.5050001303699 60.9200000892446 60.8600006110369
-9999 -9999 -9999 -9999 -9999 -9999 -9999 -9999 -9999 -9999 -9999 -9999 -9999 -9999 -9999 -9999 -9999 -9999 -9999 -9999 61.1450004430092 61.8950004499285 62.4724998456436 63.1724996496905 63.7325000706379 64.279998774852 64.3775024527349 64.1050004894331 64.5150012935947 64.7925014443041 64.9675006801801 65.2800025896553 65.582498542408 65.987501142211 66.0825004484714 66.0625019051218 64.6549997655424 64.0350017661883 64.7199992806712 66.5074996821859 66.4400005309932 66.4325008427796 66.3049984006196 66.0149994033849 64.7800006857039 63.9425001070148 63.9999990812946 63.4049997550383 63.2099990883334 62.9800005150049 61.1574993421645 60.43000026228 61.167499546354 60.1449995262846 59.6549997429673 60.7750005128937 -9999 -9999 -9999 -9999
-9999 -9999 -9999 -9999 -9999 -9999 -9999 -9999 -9999 -9999 -9999 -9999 -9999 -9999 -9999 -9999 -9999 -9999 -9999 -9999 61.3625001817481 61.9825000699448 62.3424997317467 63.0675010496208 63.8725004092704 64.3425006790058 64.5499992331445 64.4999999997186 64.547498714203 64.8299980109339 65.3575000721275 65.659999851751 65.79749870606 65.775001526758 65.7449989309997 65.9124984715974 64.9274997673836 63.0050001601509 61.0349998020189 64.5075006008374 66.2325000638827 66.3949985485648 65.8550014654088 -9999 -9999 -9999 -9999 -9999 -9999 -9999 -9999 -9999 -9999 -9999 -9999 -9999 -9999 -9999 -9999 -9999
-9999 -9999 -9999 -9999 -9999 -9999 -9999 -9999 -9999 -9999 -9999 -9999 -9999 -9999 -9999 -9999 -9999 -9999 -9999 -9999 61.3499994369164 61.4799995392645 61.9400005234465 62.227499966648 62.4899997617377 63.5949992869628 64.3424987651712 64.755001065299 64.9749984732705 65.2525005293478 65.3675003058943 65.157499308582 65.2499999973796 65.2199993159923 65.1949996912844 65.5049991551256 64.8074999114068 61.9475003454118 -9999 -9999 -9999 -9999 -9999 -9999 -9999 -9999 -9999 -9999 -9999 -9999 -9999 -9999 -9999 -9999 -9999 -9999 -9999 -9999 -9999 -9999
-9999 -9999 -9999 -9999 -9999 -9999 -9999 -9999 -9999 -9999 -9999 -9999 -9999 -9999 -9999 -9999 -9999 -9999 -9999 -9999 61.1824998942776 61.2974996519493 61.5675001153932 -9999 62.0450010236224 -9999 -9999 -9999 -9999 -9999 -9999 -9999 -9999 -9999 -9999 -9999 -9999 -9999 -9999 -9999 -9999 -9999 -9999 -9999 -9999 -9999 -9999 -9999 -9999 -9999 -9999 -9999 -9999 -9999 -9999 -9999 -9999 -9999 -9999 -9999
