socal_rasters/PETDriestQuarter_SPHAsouth_aggfac2.asc
NCOLS 210 
NROWS 130 
XLLCORNER -119.45 
YLLCORNER 32.483333333 
CELLSIZE 0.0166666666666667 
NODATA_value -9999 
[rows 0 to 25 of 130, columns 0 to 59 of 210]
-9999.000000000000000 -9999 -9999 -9999 -9999 -9999 -9999 -9999 -9999 -9999 -9999 -9999 -9999 -9999 -9999 -9999 -9999 -9999 -9999 -9999 -9999 -9999 -9999 -9999 -9999 -9999 -9999 -9999 -9999 -9999 -9999 -9999 -9999 -9999 -9999 -9999 -9999 -9999 -9999 -9999 -9999 -9999 -9999 -9999 -9999 -9999 -9999 -9999 -9999 176.777500127964 -9999 -9999 -9999 -9999 -9999 -9999 -9999 -9999 -9999 -9999
-9999 -9999 -9999 -9999 -9999 -9999 -9999 -9999 -9999 -9999 -9999 -9999 -9999 -9999 -9999 -9999 -9999 -9999 -9999 -9999 -9999 -9999 -9999 -9999 -9999 -9999 -9999 -9999 -9999 -9999 -9999 -9999 -9999 -9999 -9999 -9999 -9999 -9999 -9999 -9999 -9999 -9999 -9999 -9999 -9999 -9999 175.03499980693 182.665000933575 179.712497658541 176.279998828064 173.57999802089 170.875000034023 -9999 -9999 -9999 -9999 -9999 -9999 -9999 -9999
-9999 -9999 -9999 -9999 -9999 -9999 -9999 -9999 -9999 -9999 -9999 -9999 -9999 -9999 -9999 -9999 -9999 -9999 -9999 -9999 -9999 -9999 -9999 -9999 -9999 -9999 -9999 -9999 -9999 -9999 -9999 -9999 -9999 -9999 -9999 -9999 -9999 -9999 -9999 -9999 -9999 -9999 -9999 178.474998454934 173.849998504883 171.857498162821 182.424999189386 184.877502473464 175.63249592416 172.722499818545 172.685005212386 172.202499343192 179.277500135599 184.99000168766 183.527500152118 -9999 -9999 -9999 -9999 -9999
-9999 -9999 -9999 -9999 -9999 -9999 -9999 -9999 -9999 -9999 -9999 -9999 -9999 -9999 -9999 -9999 -9999 -9999 -9999 -9999 -9999 -9999 -9999 -9999 -9999 -9999 -9999 -9999 -9999 -9999 -9999 -9999 -9999 -9999 -9999 -9999 -9999 -9999 -9999 174.659995980978 182.229999542159 173.909999896071 167.520000488605 169.165000863526 172.615001703109 174.564998629055 181.127498597722 187.265003209515 181.307498979341 174.507499714911 176.082500498791 170.312496198726 173.030002502277 183.200000813503 173.632499691756 173.942501054283 176.212501542436 -9999 -9999 -9999
-9999 -9999 -9999 -9999 -9999 -9999 -9999 -9999 -9999 -9999 -9999 -9999 -9999 -9999 -9999 -9999 -9999 -9999 -9999 -9999 -9999 -9999 -9999 -9999 -9999 -9999 -9999 -9999 -9999 -9999 -9999 -9999 -9999 -9999 -9999 173.300003040913 174.377494858735 166.382499674452 174.065002420971 178.840000143536 183.302501690568 174.374996222154 166.76999667618 168.205001816268 173.407501210717 176.812499998306 175.642494206233 181.207500410745 -9999 185.974998491888 182.024997731332 177.024997734876 176.967498746867 186.082500464454 178.482498189913 176.022499067038 179.885002119182 183.190002413187 185.389995546352 -9999
-9999 -9999 -9999 -9999 -9999 -9999 -9999 -9999 -9999 -9999 -9999 -9999 -9999 -9999 -9999 -9999 -9999 -9999 -9999 -9999 -9999 -9999 -9999 -9999 -9999 -9999 -9999 -9999 -9999 -9999 -9999 -9999 -9999 159.787502280151 162.299999232513 165.717502556003 177.759998305714 175.614997903291 177.337497686814 178.792499540465 183.222499847837 179.064998650721 172.532497419522 175.87249750996 178.645004271695 175.987503060487 178.335002923497 180.057502751254 183.997497539935 -9999 186.429996499156 185.412498459914 187.194995850757 185.110000608413 185.454998009387 186.312503795889 188.572502136177 188.404998810588 184.680000344606 179.250003842643
-9999 -9999 -9999 -9999 -9999 -9999 -9999 -9999 -9999 -9999 -9999 -9999 -9999 -9999 -9999 -9999 -9999 -9999 -9999 -9999 -9999 -9999 -9999 -9999 -9999 -9999 -9999 -9999 -9999 -9999 171.44749837385 162.162502284338 165.072502139053 162.349998504243 154.044998183567 160.99250026346 168.987503036743 173.547500586406 179.180000305618 178.882499663489 181.63750074442 183.194999693002 181.63500212925 183.01499938076 179.810001420028 176.124999990444 179.830001812678 183.697502133645 185.027503973813 -9999 186.922504428472 187.794998160981 -9999 185.472499837248 186.629997258412 186.892498025842 184.959995280996 181.245002777875 176.527500171748 174.330001861957
-9999 -9999 -9999 -9999 -9999 -9999 -9999 -9999 -9999 -9999 -9999 -9999 -9999 -9999 -9999 -9999 -9999 -9999 -9999 -9999 -9999 -9999 -9999 -9999 -9999 -9999 -9999 -9999 158.434997535578 171.2975005603 167.017498075892 160.110000585212 168.517497999698 166.487499261397 155.999996224692 154.817501066252 159.13750074604 163.657497394299 170.057498912513 172.17250437848 178.247501337527 182.262496946459 182.930000299576 181.172500640213 179.572494514017 178.225002295769 179.967498783958 183.527496312724 185.352500911314 186.084999082866 -9999 -9999 186.12750244316 186.514999379127 187.600002271025 186.790000942337 182.965000167476 178.622497568312 178.309997532456 178.764999330229
-9999 -9999 -9999 -9999 -9999 -9999 -9999 -9999 -9999 -9999 -9999 -9999 -9999 -9999 -9999 -9999 -9999 -9999 -9999 -9999 -9999 -9999 -9999 -9999 149.647502885814 153.894996626851 157.507499694194 160.732498159733 171.217498747541 175.630001078367 169.962497752374 164.035003674615 168.0674972223 169.357498183879 160.834999129261 159.224998446196 164.895000434765 166.025005347234 169.592502551544 176.56999967627 179.815002419524 181.564998630909 181.087497707328 181.270000449124 181.109996795314 182.102500920001 182.332500466952 182.92750166101 184.874999995093 185.512496946589 185.887496944048 186.162498470335 186.962501523122 186.92749786852 187.847503646136 187.034999861824 185.625000003883 185.12499999473 182.437500017034 185.064998592395
-9999 -9999 -9999 -9999 -9999 -9999 -9999 -9999 -9999 -9999 -9999 -9999 -9999 -9999 -9999 -9999 -9999 -9999 -9999 -9999 -9999 138.452503188727 145.417499535427 150.342498762046 148.049999246793 149.417499538948 150.962497703009 155.815002422763 163.227497086217 170.417499511843 176.830005651982 172.409999857215 173.204998017847 171.305000322124 166.609996824505 160.069999659241 170.090000112518 171.102497109244 173.575000739492 177.657501200379 179.965000160089 -9999 181.257499692105 181.249996188376 181.645000450031 182.174999241404 180.924995417659 181.947498306797 183.865001667818 184.740001681208 184.747501365143 185.889999385027 186.395000455659 186.154998774189 187.78000258619 187.16500093174 187.629997247916 187.44250108442 187.377498617941 188.847503654781
-9999 -9999 -9999 -9999 -9999 -9999 -9999 -9999 -9999 -9999 -9999 -9999 -9999 -9999 -9999 -9999 -9999 -9999 -9999 160.260002133548 154.787498496564 146.345001221275 152.509998300697 159.909996028226 155.62250520546 147.760002153078 150.097496019836 153.277496326259 160.642501807408 170.637500734292 175.449996951095 172.732498155623 172.905002598894 167.810001413395 161.055000340482 160.569995846779 171.029998735184 173.669998195148 174.322498317234 176.992504097891 179.515003203341 -9999 -9999 180.825000759617 181.472503660962 181.264995572867 182.030002588135 182.942501063536 183.317501063717 184.027500152541 183.590000146032 185.185001366506 185.579998019565 186.102497097715 186.719997396016 187.069999699699 187.657501221728 187.552501675777 188.045005790855 188.612499238367
-9999 -9999 -9999 -9999 -9999 -9999 -9999 -9999 -9999 -9999 -9999 -9999 -9999 -9999 -9999 174.239997863888 173.222503664141 171.594997406775 168.699996951881 166.454998030282 163.287502296589 163.322498308175 163.865001673444 168.047496799491 160.479999572789 155.13249970688 149.340000177941 151.637500736973 162.590000098217 173.990001663538 174.525001515048 174.930000302228 174.919994364299 166.617504118116 166.780002633978 166.934997530942 172.862503031724 176.787502293365 171.847496066345 170.845001195589 177.702499373603 177.452499404586 179.164997095068 179.719997403596 179.750000007647 180.177497852954 181.454998012806 182.152500147554 182.377502442656 182.629997253795 182.367500299053 184.182502740338 184.985000607244 184.845001221724 186.179996485483 186.490001678785 186.974998473258 187.257499691036 186.819999703536 186.829998019197
-9999 -9999 -9999 -9999 -9999 -9999 -9999 -9999 -9999 -9999 -9999 -9999 172.39749908205 173.507499695895 172.889999389456 172.702499391143 172.127498627575 172.050003050822 171.939998627663 171.332504275532 170.992500304334 172.059997554899 171.407501222315 167.405002611272 160.409999868612 156.104995754716 151.100002276066 158.644996622636 164.874999960055 172.56999968981 174.075000767948 170.157497399301 173.292499563859 173.05749891938 172.394996645305 173.862499236416 175.06000135998 176.417499545065 174.062500005035 176.23500059293 177.237499227356 175.947502137063 178.145000458576 178.930000296869 179.792499538455 180.045001981297 180.564998621471 180.924999235882 181.417499542468 180.764999395414 181.110000605724 182.212501525535 183.180004115563 183.499999996221 184.592502591341 185.16749953964 185.850002286337 186.257499692683 186.380001071355 185.810001379085
-9999 -9999 -9999 -9999 -9999 -9999 -9999 -9999 -9999 166.819999691831 168.512500766197 169.402500146053 171.377498625813 170.43999862854 170.117504121797 170.270004270892 169.332500456393 169.399997710446 168.630001069915 169.074996943401 170.722499844613 171.897499084452 172.022499085611 169.492504125235 163.000000010436 163.727497091216 165.290000936076 169.034999830241 169.107501952378 172.892498019596 171.157497413312 168.062499992452 173.912498473656 173.810001369134 174.215000153247 174.472499841549 174.257499706845 174.4049987687 175.102500912843 174.847499844281 173.889995574177 175.657501212898 177.457496635072 178.050003049431 178.659996029825 179.0424995309 178.990001681485 178.822502138905 178.775001530508 179.739997851106 181.309997558594 181.252506256644 181.620002742071 182.385002130918 182.942501064629 183.867500299082 184.764999396984 185.167503351608 185.590000150689 186.134998322101
-9999 -9999 -9999 -9999 -9999 -9999 -9999 -9999 160.792503357722 165.295001979779 164.844997402595 168.309997560725 166.182502745879 166.604995727541 166.479999547913 165.34749985065 166.01500320047 165.747501366024 167.647499081628 170.602497100439 170.669998166832 170.415000917867 169.612499233217 170.827503203606 169.834999086858 170.429996489163 171.279994963385 171.649997710762 169.497501378926 168.005001076342 165.165004733253 165.232501984034 167.727500902964 172.200000755329 172.924999238115 173.200000759009 171.787498488374 170.294998161858 169.817501064698 170.472496031546 171.512500755246 172.292499533956 173.202499389203 174.055000295375 175.784999845799 175.912494659902 176.312503816252 177.542499538654 179.064998618838 180.042499536235 181.057502744605 181.35750198202 181.56250381575 181.777500155703 182.040000915215 183.172500608497 183.850002282561 184.365001673966 184.855003355928 185.224998466509
-9999 -9999 -9999 161.665000914766 162.327499390253 -9999 -9999 161.284996028777 158.577499383909 162.237499231627 166.30750274591 166.742500305341 167.45500564506 168.032497405967 167.93499755912 168.402503966353 168.807498931459 168.972503660923 168.744998931354 168.802501681984 167.800003054615 167.817501069161 165.837501532172 167.917499532835 168.989997861991 168.83750153272 168.307502748175 165.377498626944 164.187503817772 163.317501072706 162.629997251438 163.34250259234 163.962501523428 164.504997251755 165.444995879995 166.42999649163 166.784999846854 167.427501675495 168.314998620755 170.399997704697 171.567497244101 173.485000610353 174.82249831987 174.205001837285 175.377498628877 175.972499843113 176.272499082564 177.387500762078 178.332500455217 179.142501825715 180.004997253322 180.552497859885 180.985000608747 181.207500458019 181.349998471207 182.235000605794 183.062496179099 183.257499690158 183.555000299255 183.904994957214
157.270000457541 159.742496490352 158.734996796054 160.827503203882 160.932502747471 158.940002443484 -9999 158.58250045176 153.737495421625 162.822502134661 164.729999540813 165.002498628456 164.892498017803 166.374999997525 166.844997405341 166.947502136334 166.689998627749 166.797496798912 166.222503656583 165.680000302236 164.680000303611 164.68499757136 163.152500148701 161.712501519442 160.865001688902 160.224998473489 160.47249984835 159.895000458447 159.855003355465 160.395000456299 161.042499539529 162.272499079572 163.379997245662 165.93750380507 166.162498472902 168.052497853907 171.104999537148 170.267501826221 172.405002595244 173.22000121467 172.025001536474 171.294998170929 172.700000763996 174.580001826486 175.742500300375 176.167503358888 176.062496192272 177.389999388379 176.817501078996 177.094997403172 178.219997408417 179.377502439489 180.130001068316 180.177501675862 180.742500303043 181.135002133051 181.84999847164 182.452499388276 182.477500920834 181.000003823447
-9999 152.692497253409 154.560005185947 158.31750106731 160.26499938933 160.625003814896 160.977500915993 156.902500157894 153.617500302618 158.07249833034 161.487499233079 159.877498629463 162.082500450566 164.797496793914 165.262500762537 165.604999542798 162.617500313726 162.190002445347 162.339996333087 161.895000465321 160.314998632695 161.682498951319 158.155002592016 156.365001677524 156.547500610936 156.602500913944 157.310001370659 157.8549995394 159.01000213019 161.082496634984 161.950000757583 164.292499545694 167.682502734391 169.50000000275 170.215000153444 169.979999531596 170.869998933209 171.552501679934 171.020000458572 170.000000007693 170.134998312332 171.319999697519 169.812496199546 170.37250136162 173.087497709353 172.915000927255 171.279998782227 171.045001969312 172.814998620688 171.107501985484 171.922500577616 175.975002277904 178.740001675159 179.700000761816 180.069995880023 180.479999539481 180.907497403146 181.229999546957 177.724998506514 172.689998637387
-9999 -9999 -9999 152.925003048627 155.005001066236 158.742500303355 159.882503509838 160.182502747721 154.645000466661 149.347499845172 153.825000760912 157.040000915087 161.457496638782 163.464996336447 163.704998016164 164.005001069772 161.782505041085 158.104999542939 157.319995875644 157.292499552942 154.242500308367 153.444995882221 153.330001829938 154.659999838394 159.040000908836 163.542499532082 165.2700004525 163.424995419158 163.885002114297 166.449996941538 167.522502895298 167.364997863649 167.639999387228 168.722499843095 169.309997558067 169.600002287328 170.27000045637 170.59249877919 170.222499851125 170.415000915905 170.430000298526 171.587497703931 172.767498016804 173.084999079821 173.487495426569 173.41749571655 173.599998475186 172.132495884434 171.479999547791 167.397499109373 166.569999668696 172.115001639825 174.947502142797 177.37749861246 178.344997403405 178.437496178151 179.349998464735 178.755001080962 176.115001660481 177.075000745441
-9999 -9999 -9999 144.925003052324 147.055000301617 151.334999078646 156.277500155124 154.775001526307 152.327499393389 146.352500913594 156.245002740867 158.787498471737 159.075000764705 161.579998015996 162.369998931524 161.764999385949 160.072498325959 156.207504285673 151.595001222504 150.92250061104 150.44500350999 150.935001367134 155.722499837128 163.187499992621 164.57500075667 165.112499237182 164.732498167755 163.514999395792 161.757495881189 163.930000303879 164.092502588258 164.907505033385 165.037498476509 165.679996491565 166.072502137778 166.915000915865 167.327499383758 168.557502740889 169.432502743604 169.812499998529 170.722499847296 170.987503054888 171.729999537773 172.224998473706 172.769996640772 173.440006251412 173.087497714067 173.272502908828 172.230003351839 172.942501067407 168.597503680961 168.075000770218 167.307502731796 171.68500134857 174.312496168601 176.904998756832 178.772506711332 179.102500914045 179.32250213327 179.96749877265
-9999 -9999 -9999 -9999 -9999 -9999 151.847496028419 151.687500001179 146.589996346642 144.099998470493 152.499999997933 155.647502907727 156.625003810615 158.24499893449 158.67250061441 157.529998785482 155.189998632128 150.889999401075 148.045005799506 147.487503053192 147.490005491638 152.132503474161 160.032501221542 160.942497263896 159.667499540904 160.310001378551 160.040000918059 159.502502432768 160.387496937221 160.542499541815 159.920001984051 160.717498778847 161.572498318276 162.732501978942 163.042499542994 162.947498320551 163.072502130203 164.149997700299 165.752498625203 166.810005177506 168.114997857739 169.922496791891 170.417499537489 170.577499394176 171.439998622886 171.912498466955 172.799999235019 171.235000626494 171.389999370667 173.722503657715 173.939998626034 174.122501382287 174.197502149211 174.477500895149 176.480003352563 176.417499529891 177.42499923609 177.017498018499 177.535003660211 177.917499541498
-9999 -9999 -9999 -9999 -9999 -9999 -9999 147.754993446378 141.119995119492 143.64999769995 150.899997707449 150.467502596398 151.944995884279 152.332500459245 151.464996336448 149.89249801998 147.080001835117 144.942501072307 144.445003510439 144.802497857609 151.49999617196 156.65250396439 155.025001531375 153.752502443671 154.307502748663 155.139999393397 155.554996491135 155.409999844837 155.059997555708 155.604999542968 155.909999847761 157.110000605961 157.820003515167 157.962497710253 158.47750091411 158.760002133112 159.402496328587 161.004997243035 162.810001361455 164.772502897623 166.307502738888 167.282501218602 167.537498477813 168.067497250137 168.590000150888 169.652500146289 171.092502592085 171.904998779478 170.512500764838 172.852500904706 173.837501522552 174.189998622776 174.827499388195 175.367504116451 175.782501217217 175.659996031125 175.740005497695 175.570003509851 175.872497552059 176.007499696926
-9999 -9999 -9999 -9999 -9999 -9999 -9999 -9999 -9999 -9999 139.184997557371 140.410003661363 141.619998930143 143.05249786203 143.687499998353 143.912498475675 142.822502139775 141.417499546062 141.177501678485 141.860004424044 144.172500594326 147.209999083407 147.877498623897 148.792499539837 149.847496031523 150.147499082209 150.51750183103 150.489997861302 150.762496945005 151.884998318886 152.289997101879 152.629997252276 153.459999081184 154.962501521178 156.157497401165 158.389999379685 161.595001216593 160.567501059059 160.847499847889 161.037502283804 162.805004111136 163.990001674267 165.07000350303 165.977504728605 166.770000456489 167.680000302223 168.534996031472 170.137496932508 171.36249923581 171.810001372535 171.689998633844 171.924995417153 172.582504267901 172.837497708373 173.272499083797 173.412502287388 172.92250061224 172.755001073166 172.657501220536 173.287498473383
-9999 -9999 -9999 -9999 -9999 -9999 -9999 -9999 -9999 -9999 -9999 137.224998473923 137.877498625407 138.907501219014 139.44500351024 139.137500764728 138.322498323029 138.429996489075 139.105003356015 139.270000458508 140.1800003004 142.525001522061 143.889999386555 145.772495260286 149.705001827361 149.975002301529 146.390003203383 147.152500144947 150.055000297286 152.472499835837 154.525001517786 154.567501068867 155.892501826062 156.005001063512 156.417495726188 155.832500454476 157.467498769994 161.54499815613 161.669998174604 160.587501520336 161.237499236017 162.38750075553 163.667499536677 165.570003495733 166.247501363731 168.112503047631 168.817504883656 169.182498927668 170.402500149486 169.907501239274 169.08500289782 169.770000457665 170.01249694749 170.662502283251 170.637496946108 171.09249877776 170.994998934042 170.630001069542 170.862495421637 171.107501982222
-9999 -9999 -9999 -9999 -9999 -9999 -9999 -9999 -9999 -9999 -9999 134.952499388759 135.425003051758 135.425003051758 135.432502746569 135.575004578051 135.817501067029 136.434997557458 136.712497710917 136.782501220462 137.255004880426 138.952499386099 143.022502888067 144.329998026141 142.537498479433 142.53500366698 142.862499234759 145.587497701809 146.832500456052 146.342502598531 147.097499846278 147.702499382824 148.959999082364 150.590000134681 154.247497540249 157.880001052458 159.44499586807 -9999 160.240001675011 161.307498928302 162.677497851436 164.342502590864 165.742500306028 165.967498773856 166.992500300205 167.715000144162 168.402500151567 168.627502439819 167.694999695011 167.082500460647 167.380001064934 167.932502747222 168.007503507367 168.082500458632 168.430000301742 168.702503202174 168.802501679816 168.77250289703 168.970001220034 168.807502743572
-9999 -9999 -9999 -9999 -9999 -9999 -9999 -9999 -9999 -9999 -9999 133.132499695911 132.952495574629 133.192497252528 133.509994506448 133.770000457112 133.917495727302 134.132499694105 134.444999694824 134.444999694824 134.57250213578 137.754997256247 136.742500312069 137.249999997263 138.522499081034 139.61999511597 140.272502899903 141.229995728588 143.385002112176 148.055000303883 148.512496950488 147.819999659103 151.150001501433 154.57999801124 155.45000075846 157.737499229503 160.229999536661 161.585002899599 161.544998163506 163.1724967926 164.075004574002 164.959999079401 165.330001830486 165.969997408415 166.322502133808 166.955001828101 167.249999999201 166.584999089006 164.797500610953 165.145000454456 165.657501223258 166.277503964483 166.347499843252 166.119998932599 165.94499587586 165.942497250503 166.314998630269 166.452499393326 166.45999908369 166.59000014702
