socal_rasters/PETDriestQuarter_SPHAsouth_aggfac2.asc
NCOLS 210 
NROWS 130 
XLLCORNER -119.45 
YLLCORNER 32.483333333 
CELLSIZE 0.0166666666666667 
NODATA_value -9999 
[rows 104 to 129 of 130, columns 120 to 179 of 210]
-9999 -9999 -9999 -9999 -9999 -9999 -9999 -9999 -9999 -9999 -9999 -9999 122.962499642184 122.090000097276 124.41750141299 129.592502543935 133.072502093099 135.47249980449 138.407501176409 141.565002408113 146.019996552663 150.212501481977 153.512500707571 156.740001667508 159.892501770771 161.874999992499 163.607498102512 165.992500272648 169.02000038461 171.577499396642 172.282501197285 175.210002794461 178.862499211584 180.472496005605 181.432498914627 183.354995705568 183.994998937261 179.63499840874 183.825000702109 189.722503510295 193.447498420058 189.447494462894 191.694999627183 195.657497372133 197.247501343609 195.79750072616 184.735000727337 184.802497977142 180.082496740062 171.595001290607 166.40500269296 162.377498579064 163.470001242441 158.535003752547 154.302501737607 155.224998463733 155.897499125081 152.939998616541 152.174999262282 152.127498621054
-9999 -9999 -9999 -9999 -9999 -9999 -9999 -9999 -9999 -9999 -9999 -9999 122.782497387664 122.862497332389 124.697500203072 128.230001403536 130.242500250578 134.38249966634 137.340000121913 140.572502098808 143.852500861741 149.065002365758 151.785003643063 155.21750252947 159.147495235977 160.885002126785 161.777500048671 163.635002120177 169.084995214201 171.154998753892 172.000003809525 172.245002709557 178.372497538067 180.342498740757 181.899997698497 184.132499674783 187.180000283661 188.830001788955 189.442497273848 192.094997325303 194.052501712023 192.934997482735 194.23749930175 192.999996011416 195.852500933901 194.679996547988 190.524997829758 189.064994799539 180.987502953155 170.3925021542 165.750000096689 164.700000759664 164.04500201658 155.727504791675 154.400001515217 159.735000665644 157.179996473292 153.309993738813 152.514999543359 150.879997238338
-9999 -9999 -9999 -9999 -9999 -9999 -9999 -9999 -9999 -9999 -9999 -9999 121.539999001348 123.145000432019 125.882499680572 128.027496308528 130.227500877869 133.435001345464 136.365001645412 139.372501336136 142.415000865094 145.999999957853 151.842502510874 154.167499527853 156.297496812623 158.572498287502 157.985000581261 163.605003274134 165.847499788295 169.245002747724 169.677501629476 171.629997234906 175.18249888661 178.900001478694 181.294998127646 184.004997196413 185.030002575767 186.915004681207 188.507499603279 191.457500524307 188.972499841129 186.977501005107 186.342502614319 184.472499735187 190.814998634564 190.209999170422 184.459999190335 183.180004213259 182.787498531869 177.499996378189 169.415001123871 168.594997369985 165.392497984902 160.870002796601 156.229999585215 163.952499181724 163.985000632592 160.884998408292 152.395000584549 151.432498952277
-9999 -9999 -9999 -9999 -9999 -9999 -9999 -9999 -9999 -9999 -9999 -9999 120.352500876945 121.790000897174 123.675001115647 126.767501797294 128.949998826923 132.749999962722 134.769996613448 137.890003162794 141.014999338947 144.722499790271 151.040004660299 153.042503397348 152.992496542485 156.507499638567 155.952503165045 160.697502091309 161.937499982278 164.322502112395 167.41999813705 170.367496442896 173.852500839679 178.604999484792 181.582500423692 183.972496011783 185.494998905291 186.932502745529 188.689998567091 190.069995865204 190.322502128109 189.114997933459 183.410000040091 175.502498515105 188.330001691913 191.142501874187 188.302497874104 180.074997130527 176.784999799796 177.447498384477 171.284999855225 169.372501527685 167.730003418194 164.785003728364 163.237499220902 167.744998831358 165.680000362127 158.067497525053 152.452495579553 150.145000487924
-9999 -9999 -9999 -9999 -9999 -9999 -9999 -9999 -9999 -9999 110.869998885041 118.40499866179 119.537498584296 119.772500907323 122.634998312031 124.777498203717 127.612499188978 130.895000430461 133.542499498736 136.047500595836 138.485004373007 142.387500699314 148.874999916471 153.5200003394 149.169998146873 151.307498889796 154.282501199305 157.207500414252 160.012500723385 164.399997604137 169.654994938738 172.137500712175 174.202495503762 178.025001477814 180.692504840481 182.417499545651 182.444995885506 185.220001148229 188.067501056767 188.380004885249 188.592498780063 188.890003204037 188.674999245747 186.972503565487 191.095001208768 191.172496770218 190.694999743462 184.902496476842 181.132503587532 178.299999075568 175.270004678414 163.847500076464 158.532501174097 164.039997047826 167.997501319481 169.757499840421 162.184997771241 155.684997642304 153.465000146113 150.577495654979
-9999 -9999 -9999 -9999 -9999 -9999 -9999 -9999 -9999 -9999 -9999 118.737501091053 119.885000280744 117.037500295951 121.16000172985 123.597499817273 126.57500072932 129.540000879299 132.494998891954 135.034999822641 137.032501160747 139.97250362496 146.174999184276 146.450004501739 155.294998081209 156.310001423577 157.540000903501 158.374999964798 159.677501634943 163.774997640389 168.857498118515 172.22750085059 174.8199996561 178.010002106922 179.787502267431 181.535003629747 183.807495088352 185.792499511413 186.192501079766 187.247497541082 188.474998469218 189.162498446523 190.312499996743 190.540000943311 190.150001491015 191.870002705189 190.7099991436 187.149997751475 181.142498266491 182.474998495481 166.767501926276 164.772499178288 163.034999836214 168.470001155443 167.514995471665 170.122497606009 165.2925035101 159.395004323975 150.895000478214 150.717502565034
-9999 -9999 -9999 -9999 -9999 -9999 -9999 -9999 -9999 -9999 -9999 110.742500304549 113.114999752146 113.257499721717 117.177499673403 121.419998146439 124.760000178063 128.485002449444 131.122501339046 133.062499985751 133.327499272822 134.082504249092 138.689994640329 145.987502944764 152.462497592958 156.932498954806 158.555000280281 161.360000562475 159.587497689491 162.472499795888 165.97749704954 169.70750040324 173.507499637029 177.337497684365 179.117500273464 181.102500882126 183.745002717597 185.609996776107 187.200000755979 187.104999508432 188.612499241504 188.992500288987 191.049999237371 192.029998766498 189.39000332904 186.562499984989 185.009998267172 185.342495021364 179.772502900938 180.310001238663 171.702499328281 167.822502167501 169.607498062395 167.300003113373 166.464996434847 163.887500864306 164.42749768735 165.967498991286 152.15750129006 153.209998917562
-9999 -9999 -9999 -9999 -9999 -9999 -9999 -9999 -9999 -9999 -9999 -9999 109.130001056477 -9999 113.102500870714 118.952501241505 122.702501227022 125.527500140117 129.517501811354 129.082500414479 129.692501101781 133.462497577311 140.010002056239 148.112502987781 150.960002882616 153.799999194833 156.545001939446 159.784999798971 159.575000755567 162.062499956754 165.159999808046 168.422500559588 172.360000556486 175.499999985931 178.562499967108 180.837497676593 182.365001617509 185.145000420774 185.997501364666 187.057502702272 -9999 190.455001839071 192.475002290369 193.275001524318 193.89499662485 191.427501706746 189.842498793125 188.090000161863 186.220001441402 183.43750020438 178.175003325537 170.32749940749 165.719997507119 166.547496779255 164.044998206262 161.637496911885 158.925003049737 167.595001482005 156.279998880521 155.949996677143
-9999 -9999 -9999 -9999 -9999 -9999 -9999 -9999 -9999 -9999 -9999 -9999 -9999 -9999 110.400001498144 115.407499239754 119.354997631762 118.794998166059 120.932500799171 125.827499249413 130.234998634326 133.855003276152 139.237499153123 143.017497969642 147.842494927767 151.177497822793 155.032497367265 159.499999905372 161.837501522333 163.284999804879 166.665000870989 167.997501318767 172.59499735447 173.562500065797 175.477497024869 178.974998442649 181.272502835972 184.079997989894 186.009998280981 187.389999395739 187.569999665099 187.279998770046 186.41500087178 189.829997970155 191.59749980768 191.697498312212 189.1149979194 188.347499832541 194.814998531803 186.167503918599 167.505001202564 162.32249825948 164.342502612932 163.362503054243 165.290004752881 163.589996343922 163.849998460978 176.005001148774 163.590000168262 161.579997865211
-9999 -9999 -9999 -9999 -9999 -9999 -9999 -9999 -9999 -9999 -9999 -9999 105.487497315165 107.052501665594 108.622499443471 112.397500894679 116.272500963286 119.752498544934 126.397497127012 129.827499338908 132.225002246701 134.912498420222 139.492496423954 142.442501012357 145.950000721278 150.939998569758 152.950000734127 157.090000107244 160.972499793113 163.465000126897 164.429996465192 166.037502252806 169.36000061006 171.942500984734 176.317500961181 179.16999812441 180.924999229292 182.642501818274 182.555000322122 185.514999342444 186.709999071908 187.6650008961 187.952503206673 185.104999589063 186.060001292569 188.14749905935 189.864997843742 193.469997273289 195.177497944358 178.13749700148 172.554996570565 165.05250175755 162.985000563252 163.349998472134 166.667499470768 165.637500802314 168.464999922419 180.095001160378 173.955002129956 168.270000487239
-9999 -9999 -9999 -9999 -9999 -9999 -9999 -9999 -9999 -9999 -9999 -9999 106.324998835098 106.587499608462 107.110002498183 108.840002038206 114.80499831287 120.202499369303 123.677497840631 127.095001194868 129.552499699896 132.462497689164 136.929996381374 141.504997236157 144.89500041693 148.089996277884 149.450000743919 154.252502347482 158.364997805076 161.119998896489 160.814998595102 164.297500576364 166.965000102799 171.564998556662 176.25250238698 178.732501948163 180.157501195155 181.989997850237 182.999996185605 183.654998757675 184.990001663451 186.244995066 187.255001039571 183.119999194431 182.582496470787 187.387496909531 191.28749839703 194.412502176727 188.775001880412 175.919998200662 169.642502072445 166.580001865768 161.744998708909 170.825000657593 173.594997488633 166.875003822739 170.957496440024 181.799999191985 179.617500436221 171.057498849113
-9999 -9999 -9999 -9999 -9999 -9999 -9999 -9999 -9999 -9999 -9999 -9999 107.380001125037 104.477498974914 -9999 -9999 109.547500591196 115.764999329267 119.512500692465 123.462499615466 125.172500552003 129.237499182351 135.12249747003 139.610000543224 143.22749705903 146.254997227859 147.745002659309 155.834999081374 156.874999966542 159.572502118961 161.357498046394 166.155002572012 169.487503012597 172.874999944901 175.755004860098 177.920001949796 180.022499053545 180.882499666406 182.734996788089 182.335002902216 183.124999972726 183.494998929418 180.904998813427 180.397499080258 187.972499693979 192.845001152451 195.427501669089 194.402496343806 184.31249650171 183.734997018635 177.982494412032 169.815002637226 164.904998756573 169.722499704468 179.010002067928 176.965000346943 175.647495146266 181.96500018309 178.36000063864 179.659996057393
-9999 -9999 -9999 -9999 -9999 -9999 -9999 -9999 -9999 -9999 -9999 -9999 106.222501949943 -9999 103.987499212022 -9999 -9999 111.45500180034 115.8175009987 119.002500507556 122.790000886556 126.505001004086 131.300002973126 137.07999796238 141.352497023163 144.640003244906 146.122501311333 149.687499962403 -9999 156.514995501877 166.092502544138 168.872501350584 170.619998904516 172.77249905326 174.81999967093 177.044998122926 179.345001186639 181.072502096084 182.962501498491 184.38250350206 182.812503918432 182.01250069464 184.900001502299 186.647499026562 190.562499962779 191.384994479661 195.659999806721 193.944999814751 186.797497196349 182.302501928474 176.157501284672 173.760002150639 170.527500213686 167.742500213579 177.349998331519 -9999 181.887500719971 181.420001872482 180.259998161687 178.617496613691
-9999 -9999 -9999 -9999 -9999 -9999 -9999 -9999 -9999 -9999 -9999 -9999 -9999 -9999 -9999 -9999 107.565000501741 -9999 -9999 116.962501498045 120.545000028812 124.760002078413 130.187499931026 135.927497786093 141.632503425234 143.375003806361 144.244998862793 -9999 154.870002566251 162.092498751467 167.857498154722 168.955001817459 168.820003447794 172.397499045053 174.047500614924 175.580001772862 178.262496917016 180.569999664752 182.462501507872 183.580001821005 181.400001515767 182.994998880081 183.949997023018 184.150001520883 187.344997295758 191.007499648531 194.740001623153 195.964996335972 196.215003949592 186.060001604045 185.200004784035 178.03250133384 173.354999515559 174.680004239132 -9999 -9999 181.819999730546 179.174999227571 179.382499731802 178.28500360179
-9999 -9999 -9999 -9999 -9999 -9999 -9999 -9999 -9999 -9999 -9999 -9999 -9999 -9999 -9999 -9999 -9999 -9999 -9999 -9999 119.049999182336 123.452499341423 127.975002209915 133.882499610847 136.869998877809 138.389999399928 142.119998865591 146.900001423365 155.510002021396 160.907501212854 163.189998614354 163.970001188886 168.264999314237 172.287494634366 172.845001212739 174.665000870101 177.247501360592 179.305000257662 181.775001497734 183.669998144582 185.197502107884 184.812499990904 185.052501694756 184.800003078605 186.102500887102 189.485000554738 193.117500246842 192.507499718651 188.672504636903 189.20499799986 191.152500162524 188.902504163597 188.689998591795 188.852497203357 175.65500628941 176.95500184848 179.709999072341 181.712497626622 179.40250017048 183.852500881081
-9999 -9999 -9999 -9999 -9999 -9999 -9999 -9999 -9999 -9999 -9999 -9999 -9999 -9999 -9999 -9999 -9999 -9999 -9999 -9999 118.297500567832 121.987499195589 125.510000170656 130.10749810579 133.13500206422 139.744998879658 144.970001162521 149.17749778787 153.949996866866 157.687499955041 160.380001052598 163.347495940009 169.264999336366 171.787498437925 171.342498790654 173.412498425577 175.547500548348 178.96999737443 180.647499059808 183.142501789484 184.924999202125 184.310001408136 183.572498327273 182.867500328746 186.587497644751 190.830001769754 194.282497427464 193.335002919638 193.107501938121 186.115001822805 181.805000415861 180.37249749818 186.127498624898 180.872501446335 184.67000196698 185.174995363051 182.075000750472 184.670001884342 185.407501187133 186.462497816572
-9999 -9999 -9999 -9999 -9999 -9999 -9999 -9999 -9999 -9999 -9999 -9999 -9999 -9999 -9999 -9999 -9999 -9999 -9999 -9999 117.349998443003 121.305000241416 125.579999860855 130.260000142026 136.172504328622 141.527500086886 146.087501471753 149.567497216384 153.11000056697 156.91249844315 158.402500109055 160.822498272216 164.637500715917 168.01500315042 170.214996303672 173.852500863421 176.40750119127 178.64500423878 180.437499972309 182.362499208282 184.360000580626 185.557502750128 184.377502450559 183.239997870948 187.07500070232 191.717502483241 194.267498027007 191.867496509827 188.519996850575 178.459995258447 180.935005128087 184.440002347754 185.974998490919 180.880001226463 173.525001614506 174.924999116093 182.257499552105 188.112499183004 189.415000866448 189.770000458106
-9999 -9999 -9999 -9999 -9999 -9999 -9999 -9999 -9999 -9999 -9999 -9999 -9999 -9999 -9999 -9999 -9999 -9999 -9999 -9999 -9999 120.684999418662 125.280002518899 130.737499162398 136.422504341313 141.08250420787 144.990001650774 148.225002242349 152.43000023344 155.54500197251 156.917499464222 -9999 162.889999346556 166.374999953108 171.020000384311 173.81750101779 175.087501490768 178.119998903617 179.847499822747 181.935001344968 183.415000882737 185.302501657652 185.477500940194 187.052501649279 188.922496765031 192.312503749763 192.979999546686 191.314998606881 186.152500445506 183.955001522958 187.009998483005 184.529998781916 183.052501744503 176.297500899054 169.884998334194 174.632503352531 184.40999963072 189.582500415908 191.669998132137 192.080001842022
-9999 -9999 -9999 -9999 -9999 -9999 -9999 -9999 -9999 -9999 -9999 -9999 -9999 -9999 -9999 -9999 -9999 -9999 -9999 -9999 -9999 119.567499098222 124.559999387855 129.757495777244 135.084995209629 139.657497361139 144.429996413276 147.292499490558 150.972499795667 153.069999689687 154.777500099574 158.947498238373 165.597499801553 168.840000103349 171.749999959881 173.514999381632 170.77999878378 175.652500130185 178.202503189064 180.555000261018 182.78250118684 184.689998589398 186.264999363896 188.289997055876 190.342498759981 192.015003190758 192.822498332183 192.035003667226 192.747497548781 190.809997727856 186.307499103936 183.009998339216 181.844997402053 180.257503413617 177.765003333286 182.534999720411 187.572501955764 190.997501340924 190.999999977846 188.012500863531
-9999 -9999 -9999 -9999 -9999 -9999 -9999 -9999 -9999 -9999 -9999 -9999 -9999 -9999 -9999 -9999 -9999 -9999 -9999 111.875001875653 -9999 119.105001397982 123.409999768781 128.485002479068 132.432498890085 137.10250087344 140.594997340272 144.479995658821 148.472499865699 150.977497082705 154.454997963774 159.560001287383 164.909999780443 168.352500819542 171.617500287033 171.177497908453 171.305000225992 172.687500007369 176.200000746599 179.23749913915 182.285003635754 184.147499061191 185.850002272994 187.249999990009 186.727500904062 186.952495528658 190.200000699995 192.617500288065 193.119998901965 185.960003086875 184.119998944582 183.412502305028 184.157501132599 187.512500780994 186.18750375989 189.579997998597 189.342502632917 187.784999908415 186.170001946151 186.590000189602
-9999 -9999 -9999 -9999 -9999 -9999 -9999 -9999 -9999 -9999 -9999 -9999 -9999 -9999 -9999 -9999 -9999 -9999 -9999 111.374999967239 114.860000556699 119.362503002992 123.959999002304 130.057500750598 135.560001306247 141.7224997906 144.315002403084 147.367504082275 149.872497521308 152.467498743759 155.555000258052 158.589996289007 162.994998838131 167.590003913651 170.852500875556 172.110000597584 173.357501936281 175.452499381979 177.595001192256 179.287502254557 180.684997543272 182.845001196034 185.062499957959 185.597499860056 183.877494899801 178.720004941868 189.167495668887 191.749999962583 193.342498764015 194.832500434948 187.802501845305 186.000000010806 187.20249555206 186.649997752923 188.23250193883 188.255001113352 185.250000036397 189.067501070995 188.662498501897 186.354999507963
-9999 -9999 -9999 -9999 -9999 -9999 -9999 -9999 -9999 -9999 -9999 -9999 -9999 -9999 -9999 -9999 -9999 -9999 -9999 112.077499359418 115.437499946482 119.745002699302 123.792499483059 128.427501612571 134.280002489979 141.087497644646 143.835002881547 146.415004693894 148.972499817782 151.332496601248 154.507503460241 157.165000890072 159.675003006627 163.22749702536 168.162498386065 171.150001530332 171.315002386423 173.13249579006 176.005001075984 177.890003164146 180.479995688619 182.385002107553 184.409999815144 186.217498759161 186.670002007828 186.699996897685 190.122497537136 191.732498141282 190.372505346756 191.022503060498 184.025001475419 185.529998759977 186.132499697623 186.729999455773 188.879997223098 189.48000332912 189.522499109242 188.17499545151 187.967502613249 188.419998166545
-9999 -9999 -9999 -9999 -9999 -9999 -9999 -9999 -9999 -9999 -9999 -9999 -9999 -9999 -9999 -9999 -9999 -9999 -9999 -9999 118.755000909839 124.49749751955 128.182498883315 128.377500486246 132.085002844817 136.372501276197 141.855003265186 145.81499477202 148.01000209852 150.630001037001 153.170001948012 155.590000119324 157.937499972485 159.892497980163 162.957496637905 166.452499349122 171.682498870778 174.592502564674 176.034999840754 177.082500429898 179.717502557986 181.967494922817 183.972499810645 185.682498907379 187.052497840056 187.852500884086 189.325000767709 190.117504106282 191.404998754204 181.869998932532 180.172500639162 180.204997916158 182.417495723094 181.529994991764 181.56000137929 184.499999863954 -9999 -9999 -9999 -9999
-9999 -9999 -9999 -9999 -9999 -9999 -9999 -9999 -9999 -9999 -9999 -9999 -9999 -9999 -9999 -9999 -9999 -9999 -9999 -9999 123.217498568041 129.299999210585 132.697502063449 134.81750108798 134.777500116308 136.235000582848 139.275001451752 143.347503610147 146.84999839643 149.264999364528 151.119998908322 153.240001620905 156.177497798695 159.800002981125 163.065002411317 166.017497955048 170.757503469629 174.072498292213 175.18500133062 177.682498907673 179.022499058884 181.11499783355 183.287502256705 -9999 -9999 -9999 -9999 -9999 -9999 -9999 -9999 -9999 -9999 -9999 -9999 -9999 -9999 -9999 -9999 -9999
-9999 -9999 -9999 -9999 -9999 -9999 -9999 -9999 -9999 -9999 -9999 -9999 -9999 -9999 -9999 -9999 -9999 -9999 -9999 -9999 126.557500660167 132.519996590923 134.437496165033 136.950004516262 140.062499992136 139.642501872309 140.347499837202 141.935001341185 144.304996462691 146.772499054072 149.602500861938 153.925003013576 156.78249735811 160.249999944901 163.627502404384 166.08250042941 169.98250191895 172.840000129132 -9999 -9999 -9999 -9999 -9999 -9999 -9999 -9999 -9999 -9999 -9999 -9999 -9999 -9999 -9999 -9999 -9999 -9999 -9999 -9999 -9999 -9999
-9999 -9999 -9999 -9999 -9999 -9999 -9999 -9999 -9999 -9999 -9999 -9999 -9999 -9999 -9999 -9999 -9999 -9999 -9999 -9999 128.6650026756 132.757499689285 135.440002396241 -9999 141.297500561104 -9999 -9999 -9999 -9999 -9999 -9999 -9999 -9999 -9999 -9999 -9999 -9999 -9999 -9999 -9999 -9999 -9999 -9999 -9999 -9999 -9999 -9999 -9999 -9999 -9999 -9999 -9999 -9999 -9999 -9999 -9999 -9999 -9999 -9999 -9999
