socal_rasters/PETDriestQuarter_SPHAsouth_aggfac2.asc
NCOLS 210 
NROWS 130 
XLLCORNER -119.45 
YLLCORNER 32.483333333 
CELLSIZE 0.0166666666666667 
NODATA_value -9999 
[rows 26 to 51 of 130, columns 120 to 179 of 210]
199.534996063774 200.280002557572 202.704998007704 203.402500145396 203.865001676565 203.749999998322 203.40999984089 201.612499300476 196.037502383643 196.572498206185 197.064994937342 194.932502609366 193.397499146074 195.229999561862 194.867500268322 193.417499585568 188.77250305775 187.422500772722 174.399997815108 169.165000930973 -9999 -9999 -9999 -9999 -9999 -9999 -9999 -9999 -9999 -9999 -9999 -9999 -9999 -9999 -9999 -9999 -9999 -9999 -9999 -9999 -9999 -9999 -9999 -9999 -9999 -9999 -9999 -9999 -9999 -9999 -9999 -9999 -9999 -9999 -9999 -9999 -9999 -9999 -9999 -9999
201.030002583181 201.710002886179 202.255001069285 202.87249754197 203.71000290226 204.014999389648 204.607501977484 204.944999705779 204.417499560025 203.362499281939 204.120002731882 203.740001637542 203.642498022808 200.837501593554 199.579997932639 201.620002695618 201.69749840897 189.902504142259 184.637497031678 182.379997206278 177.992500557209 -9999 -9999 -9999 -9999 -9999 -9999 -9999 -9999 -9999 -9999 -9999 -9999 -9999 -9999 -9999 -9999 -9999 -9999 -9999 -9999 -9999 -9999 -9999 -9999 -9999 -9999 -9999 -9999 -9999 -9999 -9999 -9999 -9999 -9999 -9999 -9999 -9999 -9999 -9999
201.360000609661 201.857498157694 202.420001973585 203.099994654 203.535003660208 203.844997400255 204.162498462649 204.557502743539 204.884998315645 205.317501063541 205.420001985885 205.147502898542 204.347499881944 203.762500775301 203.472499957456 202.025001378677 203.284999976677 196.432498930968 198.319999684772 197.139999451174 189.652500273437 183.532497346699 -9999 -9999 -9999 -9999 -9999 -9999 -9999 -9999 -9999 -9999 -9999 -9999 -9999 -9999 -9999 -9999 -9999 -9999 -9999 -9999 -9999 -9999 -9999 -9999 -9999 -9999 -9999 -9999 -9999 -9999 -9999 -9999 -9999 -9999 -9999 -9999 -9999 -9999
201.292495725813 201.717498764798 202.207500450162 202.704998010698 203.200000759136 203.292503348906 203.655006404585 203.889999381858 204.069999686973 204.40749740514 204.770004268474 205.089996329605 205.382495872158 205.774997707358 203.657505086122 204.607498102331 202.077499550838 192.485000562574 201.232498019669 201.28749855709 195.210002985282 190.297500589143 197.692501007578 199.612503064226 -9999 -9999 -9999 -9999 -9999 -9999 -9999 -9999 -9999 -9999 -9999 -9999 -9999 -9999 -9999 -9999 -9999 -9999 -9999 -9999 -9999 -9999 -9999 -9999 -9999 -9999 -9999 -9999 -9999 -9999 -9999 -9999 -9999 -9999 -9999 -9999
201.354995720407 201.422496791131 201.9949989244 202.412494656241 202.50500105932 203.130001066438 203.2249984676 203.505001065194 203.837497712531 203.877498622135 204.029994961361 204.242496483072 204.70000457283 205.119998931885 205.505001053734 206.170001972001 205.99250031573 204.322502130059 205.474998460634 205.669998231537 199.942501137459 200.267501863609 203.507495750751 203.155002668797 201.212497684837 191.184997906138 -9999 -9999 -9999 -9999 -9999 -9999 -9999 -9999 -9999 -9999 -9999 -9999 -9999 -9999 -9999 -9999 -9999 -9999 -9999 -9999 -9999 -9999 -9999 -9999 -9999 -9999 -9999 -9999 -9999 -9999 -9999 -9999 -9999 -9999
200.992504118608 200.990005493164 201.715000144635 201.692501070827 202.020004260575 202.474998468849 202.982498162545 203.06249618932 203.257503506209 203.282505032062 203.55249785916 203.665000922557 203.799999232759 204.470001208468 204.88749694195 205.595001210614 206.119998922763 206.592498783366 206.91000364783 206.654998769708 204.092502590373 206.989997840536 206.825000771646 201.457500488316 194.764999504149 187.247497677079 178.13000107539 -9999 -9999 -9999 -9999 -9999 -9999 -9999 -9999 -9999 -9999 -9999 -9999 -9999 -9999 -9999 -9999 -9999 -9999 -9999 -9999 -9999 -9999 -9999 -9999 -9999 -9999 -9999 -9999 -9999 -9999 -9999 -9999 -9999
200.860004423899 201.049999236597 201.209999080029 201.525001522106 201.682502740283 202.204998013961 202.457496633284 202.694999691416 202.807498943293 203.022502891134 202.915000915527 202.84999847613 203.227500908064 203.725002277858 204.135002125958 204.830001823553 205.405002585394 206.067501057221 206.902503959484 207.214996340554 207.21250152789 205.320003620833 199.20500183024 198.547500675697 193.854999585003 195.442501041583 192.835003023642 189.284999867405 -9999 -9999 -9999 -9999 -9999 -9999 -9999 -9999 -9999 -9999 -9999 -9999 -9999 -9999 -9999 -9999 -9999 -9999 -9999 -9999 -9999 -9999 -9999 -9999 -9999 -9999 -9999 -9999 -9999 -9999 -9999 -9999
200.345001218862 200.882499690068 201.022499081315 201.292499536459 201.482501986852 201.585002897493 201.872501372204 202.069995871119 202.284999843486 202.490001676983 202.532505036023 202.442501071505 202.567501058375 203.037502272887 203.685001376886 204.122501361002 204.767498006584 205.492500295068 206.172496787325 206.844997390824 207.332500455483 207.39999772469 205.70249942706 202.522499113656 200.037498430946 194.422500844681 186.367496479428 185.332496678123 185.322502188256 178.025001795627 -9999 -9999 -9999 -9999 -9999 -9999 -9999 -9999 -9999 -9999 -9999 -9999 -9999 -9999 -9999 -9999 -9999 -9999 -9999 -9999 -9999 -9999 -9999 -9999 -9999 -9999 -9999 -9999 -9999 -9999
200.222499846147 200.422500602348 200.947498318376 200.899993896484 201.077495571742 201.360000606518 201.497497556782 201.807498930789 202.000003812735 202.062503812101 202.115005493164 202.170001984898 202.157501216023 202.370002741739 202.83000182335 203.474998463773 204.140003200958 204.867504113441 205.552497850944 206.332496635209 206.952503194822 207.117500306932 207.042495742096 206.037502312245 205.334999095785 201.492500371154 195.327499526289 183.157497635671 179.007499921229 160.562500326979 148.327499468813 -9999 -9999 -9999 -9999 -9999 -9999 -9999 -9999 -9999 -9999 -9999 -9999 -9999 -9999 -9999 -9999 -9999 -9999 -9999 -9999 -9999 -9999 -9999 -9999 -9999 -9999 -9999 -9999 -9999
199.814994812012 200.002498622881 200.395000454723 200.687496180705 201.01999663855 201.04249573317 201.44749450116 201.632495875623 201.682498930044 201.775001525879 201.759998322281 201.58000182779 201.697502132309 202.080001826211 202.470005030007 202.915000906472 203.567501060948 204.159999837436 205.01499938383 205.850002275501 206.374999991147 205.135002177026 202.005001130966 202.700000648412 205.444999693445 204.437500034866 201.814998654961 199.025001548128 192.982498214737 183.262497056574 167.920002196286 150.187500072464 141.48500073614 -9999 -9999 -9999 -9999 -9999 -9999 -9999 -9999 -9999 -9999 -9999 -9999 -9999 -9999 -9999 -9999 -9999 -9999 -9999 -9999 -9999 -9999 -9999 -9999 -9999 -9999 -9999
198.454998015668 198.497501372016 199.659999844839 200.212501518451 200.65999602487 201.012496950039 200.857498168342 201.039997103995 200.83250046353 200.669994354496 200.509998316301 200.717498776912 200.864997853903 201.522499078228 201.827499384127 202.219997394106 202.975002268751 203.812496173883 204.464996329164 205.017505648815 205.419998156606 205.650001513721 205.475002307319 206.360000608159 206.002502454235 204.567501098258 199.457496724048 195.9700013235 186.83250439084 180.522502867915 182.079998039344 174.887504831164 161.282497422161 165.87000263755 158.680000387769 -9999 -9999 -9999 -9999 -9999 -9999 -9999 -9999 -9999 -9999 -9999 -9999 -9999 -9999 -9999 -9999 -9999 -9999 -9999 -9999 -9999 -9999 -9999 -9999 -9999
197.807502724381 199.252498622881 198.627494819379 199.72249602458 200.342498772047 200.642498013122 200.287498476899 200.437500011077 199.877502458948 198.805004112702 199.604995734017 199.529998767245 200.150001523855 200.602500908008 201.277496324408 201.652500140299 202.465000143727 203.262496943385 203.817501058727 204.559997543944 205.100002268162 205.890003201644 206.159999850405 206.212501519166 206.082500463696 204.502502490996 200.639999405874 199.407497477963 192.460003042643 189.987499258899 187.680000351727 186.507499703647 183.557498924463 185.757503529599 180.439998839101 167.087501584517 156.909999954091 -9999 -9999 -9999 -9999 -9999 -9999 -9999 -9999 -9999 -9999 -9999 -9999 -9999 -9999 -9999 -9999 -9999 -9999 -9999 -9999 -9999 -9999 -9999
198.284999833378 199.029998783705 199.452499389298 199.619995108227 199.832496636767 199.897495270375 199.849998469773 199.625000001461 199.17250443793 198.92750168675 198.74250411925 199.122501372412 199.617500299231 200.172500601812 200.5400009145 201.255001051558 201.799999219599 202.722499836255 203.297496786267 204.037502279097 204.860000598548 205.255004875248 205.797500613753 206.009998314958 206.062500002621 205.62999727981 203.680000356084 200.057498913157 197.645000530634 195.530002633956 193.78749855041 190.322498415396 192.202499310597 188.865001645347 190.344997336681 186.377502637503 183.139999412647 177.922500399992 172.929996519529 -9999 -9999 -9999 -9999 -9999 -9999 -9999 -9999 -9999 -9999 -9999 -9999 -9999 -9999 -9999 -9999 -9999 -9999 -9999 -9999 -9999
197.105003358774 195.955005758956 196.139995458471 199.124999999292 199.412498466396 199.424999236342 199.41999817281 198.507499730245 197.325000771282 197.332496638987 197.867500302559 197.107502012392 197.884998264357 199.472499846265 199.569999691999 200.412502265147 201.500003806879 201.952495569044 202.774997697431 203.47999953318 204.190002430676 204.792503345991 205.360000593483 205.799999235965 205.877498624916 205.122501397322 202.919994405158 199.312500042105 201.357498183266 201.095001217564 198.222499870257 195.797500592563 196.07750320129 197.887500817308 197.459998925474 200.327499389501 200.762504571214 197.047500685084 185.904998788988 193.72000093048 184.064998677582 -9999 -9999 -9999 -9999 -9999 -9999 -9999 -9999 -9999 -9999 -9999 -9999 -9999 -9999 -9999 -9999 -9999 -9999 -9999
194.882503616392 187.794998159202 190.722499724266 198.42249679365 198.717498779178 198.692497255455 198.659999855624 198.302501685162 197.257503534915 195.424999265743 197.049995402928 197.569999690807 198.095005023257 198.632499708207 198.610000601106 199.307502743865 200.534999826302 201.505001059715 202.24750135359 203.089996325638 203.722499841644 204.540000911205 205.095001212541 205.632499692769 206.147495263016 206.167499550709 205.377498631324 205.762496945848 205.354999549041 204.384998355215 202.859996862317 199.670002020667 200.302497803935 203.202499363417 203.485004416493 205.54000094878 204.565002408238 207.992496523708 203.602500913861 204.2075005441 191.989998054991 187.6324997107 188.654998670387 -9999 -9999 -9999 -9999 -9999 -9999 -9999 -9999 -9999 -9999 -9999 -9999 -9999 -9999 -9999 -9999 -9999
194.297504301844 187.025001517992 187.467498774268 198.077495573654 198.022499089821 197.872501377005 197.860004423358 197.58749771106 196.53249742134 195.707500471981 195.962497673184 197.00749969269 197.517498010918 198.260002133936 198.762500770516 199.41999815808 200.242500295663 201.04999923391 201.530002590556 202.210002882923 202.852500905467 203.582500449793 204.335002884477 205.097499851111 205.677501662051 206.019996635288 206.302497862511 206.672500615843 206.944999691422 206.564998627851 205.70999908591 204.394996669679 203.055000312747 205.772499028055 206.47499853489 209.227500902614 210.884998337671 211.517498034853 209.157501194528 207.474998619694 208.287502341377 200.30500026139 200.087501429543 203.577499328619 200.54999926596 207.92499903894 -9999 -9999 -9999 -9999 -9999 -9999 -9999 -9999 -9999 -9999 -9999 -9999 -9999 -9999
188.505000959754 186.472499845904 186.907505032711 197.310001375178 197.119998931172 196.095001222621 195.982501986662 195.937500009373 195.084999088644 195.454998015121 195.949996944754 196.23750305113 196.709999071823 197.527500139461 198.21500014437 198.830001820707 199.68499754843 200.380001054202 201.327499384756 202.055000297984 202.705001817105 203.549999221661 203.802501669896 204.702499382114 205.49500273527 205.967498774991 206.315002433854 206.80750274616 207.202503200518 207.350002284251 207.847496023376 208.185001388042 206.955001845321 208.255004833867 210.525001505819 212.24499509492 210.942497400286 208.887500756779 206.200000627968 206.427501824192 205.247501422783 206.584995291668 208.362499203705 209.782497354026 211.652500139238 213.584999095532 210.352500964323 -9999 -9999 -9999 -9999 -9999 -9999 -9999 -9999 -9999 -9999 -9999 -9999 -9999
185.060005187988 185.642498012065 185.787502286362 195.977500911401 195.727500924441 194.860000612747 194.460002908348 194.265003203129 194.552505489361 194.784999840983 195.212505339206 195.295005795578 195.890003194226 196.664997084517 197.460002890952 198.090000143533 198.970001216273 199.812496172045 200.664997090252 201.655002581742 202.372501358939 203.189998620495 203.895000447969 204.642498002521 204.882503510211 205.332500444568 205.76250075217 206.380001060511 206.870002738926 207.600002276544 208.267498015926 208.867500290279 209.524997692256 210.524997697993 211.5874976954 212.824996939038 202.842498757633 204.427497843471 205.277500143056 206.039997074944 207.752498599588 209.200000741971 211.264995544545 212.797500591153 214.120002715487 215.582496631849 216.630001056353 216.825000773174 217.402500106101 218.897495223011 -9999 -9999 -9999 -9999 -9999 -9999 -9999 -9999 -9999 -9999
184.232501983528 192.125000113901 184.485000610352 194.985000610352 194.574996950144 193.575000773723 193.39499664041 193.607501975731 193.737499230804 194.090000158275 194.335002884967 194.819999691309 195.14750288184 195.947498311975 196.66750334114 197.650001521223 198.552497851912 199.277500150619 199.979999530866 201.255004871626 202.030002581118 202.827495564549 203.650001511731 204.342502583172 204.972499848102 205.442501068532 205.259998336918 205.34750363296 206.277500144224 206.815002422281 207.75999831435 208.817501055243 209.802494032039 210.672496784957 210.784999870127 211.2324981207 211.532497396296 203.339996318946 205.439998588275 207.382503492924 208.659999824735 210.045001961132 211.444995859959 211.664997152029 212.947498381368 214.465000024931 217.217498753071 218.540000900177 219.192504868174 220.354999513756 221.927501660074 -9999 -9999 -9999 -9999 -9999 -9999 -9999 -9999 -9999
187.990001673179 193.145000448948 190.810005061923 192.990001687427 192.857505800122 192.762500759704 192.830001838784 192.77250289564 193.090000149889 193.509994499913 193.759998315802 194.124999996736 194.637504561825 195.46250150434 196.325000753951 197.090000138618 198.144996625605 198.732498162251 199.659999842652 200.735000595436 201.455001803424 -9999 203.397502893864 204.314998620133 204.409996022507 205.387496936713 205.797500610492 206.079997994109 206.064998609696 206.997501370865 207.877502440113 207.397499059163 208.189998617391 206.475002341278 201.617500381725 199.262496912463 200.852501026231 204.585002810755 206.6099968583 207.620002742319 197.3150024509 206.540000884997 203.914997364247 198.31500266867 196.694999425645 210.842498617354 216.142497974236 216.080001785641 215.840004027121 220.947498302601 222.287498453449 223.770000429603 -9999 -9999 -9999 -9999 -9999 -9999 -9999 -9999
191.165000915528 191.372497561726 191.697502126291 192.327499399434 191.97750091731 191.722499854721 191.930000301795 192.130001060325 192.515003199684 193.085002897192 193.359996791418 193.970001216686 194.577503198906 195.15250394906 195.877498618363 196.767498012865 197.502498612506 -9999 199.029998766339 200.319999678044 201.19000242236 202.032497392092 -9999 -9999 204.617500309728 205.010002111228 205.602497095655 205.877498624597 205.942501063153 207.222496011734 208.180000290234 207.757499718399 204.400001591392 198.852501064559 194.107502014171 190.125003833403 192.507499648359 196.402500007491 200.029998703642 202.11999515617 191.494999150387 185.745002610907 187.699997258206 173.972499819788 184.745002598022 197.474998165089 209.494998970035 196.600002232857 203.187503332292 216.06999964175 212.924999336681 221.895004116922 -9999 -9999 -9999 -9999 -9999 -9999 -9999 -9999
189.999999984355 190.024997716517 190.177497866225 190.494998920802 191.197498330209 191.492500300263 191.40749741144 191.777500145893 192.130001048242 192.560001365379 192.954998008882 193.50749968792 194.25000381495 194.910003649874 195.58250044839 -9999 -9999 -9999 198.672500600435 199.965000133144 200.90000151944 201.619998922429 202.482501972623 203.494998925309 204.354999534235 205.114997846823 205.450000787275 205.842502580053 206.762500754008 207.150001539866 207.819999676434 207.612499256296 202.877498685961 200.737503129277 194.847499910982 193.402500184507 191.702499417887 190.782501164016 191.029998575925 193.437499817728 183.645000540198 172.489998160104 160.177501843063 157.25499711512 175.04499782093 188.542499478877 192.972499771908 180.132500074268 180.72249959631 192.852500758073 196.809997300765 207.832496299407 222.097499776764 -9999 -9999 -9999 -9999 -9999 -9999 -9999
-9999 -9999 189.717494957466 190.102500911873 190.409999842896 190.577495570279 190.665000907315 191.207500455451 191.637496938551 192.175003048296 192.624999998007 193.134998314503 193.855003350103 194.570003499071 195.377498614511 195.985000601038 -9999 197.409999843999 198.464996322553 199.352497094304 200.235000596939 201.247501362619 202.075000746071 202.962505317698 203.8000030341 204.660003654608 205.715003953299 205.782501235207 203.829998026282 202.03250117118 198.805000299431 202.845001178185 199.475002387232 195.937500030627 194.447502105403 196.074997013264 191.312503878495 177.450001026971 174.947498297174 176.617500298022 173.654995087797 160.562500410279 146.224998651599 144.227497060719 157.797500196542 160.264999776103 167.160003642409 168.717502948818 162.389999022897 182.547496595807 205.075000538967 209.61500168895 216.415000654675 -9999 -9999 -9999 -9999 -9999 -9999 -9999
187.742500300689 188.215000146324 188.720001216727 188.919998168002 188.932506548086 189.484996789903 189.842498768548 190.30499648001 190.997497550129 191.544998164742 191.989997859534 192.685001364001 193.520000455234 194.230003344699 194.867500288868 195.594997401091 196.097499836075 197.127494807943 198.132495866244 198.824996941583 199.737499232366 200.417503348963 200.235004444911 201.215003915774 203.260002123815 204.322502122201 205.232501969237 206.157501214085 203.44499987402 199.565002394594 196.087501605618 195.237503049299 195.209999229182 198.715003983113 198.952499317819 193.557499027932 193.577499371273 192.522502949844 176.189998695408 168.18249910654 159.40250034366 148.037498618281 149.262496905895 150.112495614514 137.474998286607 131.170000433981 130.854997663173 143.352500955658 151.822501609098 173.897498790446 181.130004713524 187.204997842804 208.577502869216 215.937500285051 -9999 -9999 -9999 -9999 -9999 -9999
186.687499992523 186.437500005916 186.700000765045 186.942501060216 187.267498008632 188.214996333338 188.562499993841 188.895000455573 189.792499523222 190.669998155841 191.329998005892 191.840000135515 193.004997236974 194.03250121089 194.542499527726 195.262504567677 195.619998923285 196.909996026152 197.447494496919 198.080001823597 198.95999906945 199.502498625493 199.960002893456 200.08250046475 202.440002416299 203.872497544564 204.660003648683 205.655002580194 203.764999532267 199.180000447043 201.335002933655 204.1649970962 203.877498628892 206.952503203905 204.889999461035 196.052498087484 196.832496531459 198.005001144497 186.527500582476 172.264999553187 164.392498106607 160.592498813368 160.682499006815 155.072498619197 136.947498484078 118.407499588735 116.527499869185 125.792499388571 131.772502852683 155.402499747886 176.407500883928 187.527499944815 199.927501334444 220.600002107946 -9999 -9999 -9999 -9999 -9999 -9999
185.595005044143 185.602497107441 185.334999076754 186.007499689754 186.469997400301 187.255001060208 187.662502285799 187.842494961313 189.270000438136 190.117500300107 190.927497854675 191.634998308728 192.470001211342 193.277496318645 193.999999984078 194.892501824716 195.53749465356 196.259998306044 196.654994965128 196.962501516956 197.164997103512 198.534996013803 199.6149940488 199.542503339261 201.835002863026 203.04999541514 204.077503191059 205.049999221289 205.972503652044 206.752502431558 204.927498004714 202.817501380943 207.922500615156 203.282501534155 202.697502167061 207.052501705041 204.949996970057 201.157501327309 186.389999805162 175.162502407131 170.999999963841 168.779998931626 164.13999948738 149.154999061819 132.939998782186 121.502502527832 125.687501699606 134.29999909379 139.845000997438 154.172503935878 176.344997083716 185.047500346916 202.029998386041 218.402499886743 220.180000748647 -9999 -9999 -9999 -9999 -9999
