socal_rasters/PETseasonality_SPHAsouth_aggfac2.asc
NCOLS 210 
NROWS 130 
XLLCORNER -119.45 
YLLCORNER 32.483333333 
CELLSIZE 0.0166666666666667 
NODATA_value -9999 
[rows 26 to 51 of 130, columns 120 to 179 of 210]
5878.87243683323 5894.62499964554 5906.33264152661 5914.06994639589 5925.06005831658 5937.59252895219 5962.12255822314 5973.81494190579 5888.53503600799 5910.68261461139 5923.5024437565 5886.66991888488 5855.60998670324 5902.91247596837 5897.86999423398 5866.81750571648 5751.03503827487 5722.35498467229 5365.3551057116 5205.53259321405 -9999 -9999 -9999 -9999 -9999 -9999 -9999 -9999 -9999 -9999 -9999 -9999 -9999 -9999 -9999 -9999 -9999 -9999 -9999 -9999 -9999 -9999 -9999 -9999 -9999 -9999 -9999 -9999 -9999 -9999 -9999 -9999 -9999 -9999 -9999 -9999 -9999 -9999 -9999 -9999
5855.89257820403 5858.4825440976 5874.42993122289 5886.75244173789 5881.02490253842 5884.19006344876 5902.61499001989 5920.64746084413 5947.63256867254 5969.61999419512 5998.33752428111 6015.54492091337 6036.83752463834 6014.58496216865 5994.40490534393 6043.3775625746 6049.97998219195 5775.94250943962 5640.35266354239 5581.97741568174 5459.12244364648 -9999 -9999 -9999 -9999 -9999 -9999 -9999 -9999 -9999 -9999 -9999 -9999 -9999 -9999 -9999 -9999 -9999 -9999 -9999 -9999 -9999 -9999 -9999 -9999 -9999 -9999 -9999 -9999 -9999 -9999 -9999 -9999 -9999 -9999 -9999 -9999 -9999 -9999 -9999
5824.93762205433 5832.33239720959 5835.83996565333 5832.6874998669 5847.75256347835 5849.70483388158 5856.89245563648 5862.19738770542 5861.04248025199 5876.18749965349 5903.96740674207 5954.6049794308 6006.88244583154 6031.86499004575 6036.50500563837 6030.71752690868 6063.22497774983 5931.40002427157 5983.50244102209 5961.29492334364 5773.86511548272 5609.39745919111 -9999 -9999 -9999 -9999 -9999 -9999 -9999 -9999 -9999 -9999 -9999 -9999 -9999 -9999 -9999 -9999 -9999 -9999 -9999 -9999 -9999 -9999 -9999 -9999 -9999 -9999 -9999 -9999 -9999 -9999 -9999 -9999 -9999 -9999 -9999 -9999 -9999 -9999
5779.70739735429 5793.7650141731 5799.6674802642 5802.90490705937 5802.21752947574 5804.51489240391 5816.18249494533 5834.20239207747 5826.47753966397 5826.54260237846 5842.63500960366 5855.51000923031 5904.62255773267 5957.29492102414 6018.09240766071 6043.78247000915 6024.68249760148 5829.27245969175 6036.22997745572 6049.33752597342 5910.02746779699 5785.43994078027 5981.24987639899 6035.01245130055 -9999 -9999 -9999 -9999 -9999 -9999 -9999 -9999 -9999 -9999 -9999 -9999 -9999 -9999 -9999 -9999 -9999 -9999 -9999 -9999 -9999 -9999 -9999 -9999 -9999 -9999 -9999 -9999 -9999 -9999 -9999 -9999 -9999 -9999 -9999 -9999
5748.59997528087 5752.75500450956 5762.70251455407 5775.47009267677 5770.13256821474 5774.50500486868 5773.38745103264 5778.60498039791 5783.7600098098 5789.20996071275 5799.59997546385 5807.61010727275 5830.6049801257 5861.40759285769 5899.63744979475 5954.01257292465 6025.90502827634 6058.98254344061 6086.51513628454 6106.10998581314 6014.25756984269 6029.17260821871 6104.98241902123 6101.67260922687 6064.39758206308 5810.88514105459 -9999 -9999 -9999 -9999 -9999 -9999 -9999 -9999 -9999 -9999 -9999 -9999 -9999 -9999 -9999 -9999 -9999 -9999 -9999 -9999 -9999 -9999 -9999 -9999 -9999 -9999 -9999 -9999 -9999 -9999 -9999 -9999 -9999 -9999
5706.6301269032 5705.4676514253 5731.15991186144 5731.49499515515 5741.42748998679 5741.27990720044 5747.5074461672 5747.490112729 5750.58496086143 5750.95996073351 5761.11755346636 5769.0899660292 5779.63244587352 5808.82751412728 5836.24243117823 5866.36743115774 5923.82250901881 5991.78991625893 6046.42248426323 6099.6249993389 6096.08996563387 6129.44250439312 6160.21997061415 6063.90747110799 5894.44006626761 5701.59753738935 5444.4024658871 -9999 -9999 -9999 -9999 -9999 -9999 -9999 -9999 -9999 -9999 -9999 -9999 -9999 -9999 -9999 -9999 -9999 -9999 -9999 -9999 -9999 -9999 -9999 -9999 -9999 -9999 -9999 -9999 -9999 -9999 -9999 -9999 -9999
5676.94750959089 5687.71997068272 5688.39758300256 5700.69995100375 5704.41247536262 5714.24011233991 5716.90515117976 5717.96728509893 5722.58251980175 5730.92248510913 5727.91992180798 5732.51757800586 5753.01000941019 5773.6523433112 5792.56249962621 5824.81249964029 5854.33496039648 5893.95239179016 5951.79748491485 6015.89758135445 6080.73254354254 6101.76001094602 5997.68493641355 5984.51001140104 5873.63745226106 5915.08996517491 5846.19995438046 5750.63501023108 -9999 -9999 -9999 -9999 -9999 -9999 -9999 -9999 -9999 -9999 -9999 -9999 -9999 -9999 -9999 -9999 -9999 -9999 -9999 -9999 -9999 -9999 -9999 -9999 -9999 -9999 -9999 -9999 -9999 -9999 -9999 -9999
5637.68994130317 5658.72741673039 5663.33752438401 5670.25756814562 5673.94494637939 5680.92004379602 5685.63757313313 5686.05749485171 5695.59252919983 5704.06750486043 5705.03759757962 5712.26489258866 5722.35498010292 5743.92748966914 5776.43737802534 5794.80505320749 5826.50744563635 5869.02746518934 5921.53747485409 5974.43762116272 6027.78246975066 6104.80004824184 6118.28259292051 6067.81994692697 6013.25744481929 5876.74255991144 5664.29748503892 5633.55493274924 5638.54004054812 5426.40992011905 -9999 -9999 -9999 -9999 -9999 -9999 -9999 -9999 -9999 -9999 -9999 -9999 -9999 -9999 -9999 -9999 -9999 -9999 -9999 -9999 -9999 -9999 -9999 -9999 -9999 -9999 -9999 -9999 -9999 -9999
5612.67004375736 5623.16003394237 5644.45739729243 5638.41015625873 5647.43005356356 5658.53259251501 5659.27502428172 5662.52490233304 5671.83007817873 5672.35754372093 5684.15490707109 5695.25512698226 5704.87499979863 5717.73999001951 5742.76013151288 5773.89001395641 5810.38500933171 5854.57995537685 5902.54504324137 5962.01501392903 6018.55505284177 6076.22997992004 6121.08496053673 6131.2550049294 6132.06005875515 6053.89257964971 5900.87256195494 5565.57752096373 5452.28748214487 5099.07996201024 4807.7749045342 -9999 -9999 -9999 -9999 -9999 -9999 -9999 -9999 -9999 -9999 -9999 -9999 -9999 -9999 -9999 -9999 -9999 -9999 -9999 -9999 -9999 -9999 -9999 -9999 -9999 -9999 -9999 -9999 -9999
5581.02233882772 5593.50500469281 5606.30249008153 5615.56506341172 5629.54504394459 5623.2199707405 5637.20007303351 5646.13757306995 5650.25500480184 5662.40747067012 5671.155029108 5675.3398436114 5687.28247058131 5699.91503885424 5721.90490696358 5752.94995083582 5791.09496994473 5830.40991114618 5884.45007278841 5944.15502843123 6019.58495952161 6070.57995603578 6034.27258437325 6056.1524631107 6125.86755347546 6114.18005434602 6062.46508846937 5993.54992715182 5840.97485468636 5568.03491531708 5249.79492812718 4859.23242386219 4611.46252798811 -9999 -9999 -9999 -9999 -9999 -9999 -9999 -9999 -9999 -9999 -9999 -9999 -9999 -9999 -9999 -9999 -9999 -9999 -9999 -9999 -9999 -9999 -9999 -9999 -9999 -9999 -9999
5569.53503392776 5572.1973877975 5582.28503384569 5587.62255841655 5597.97497519657 5603.78747570564 5618.51745623764 5622.09985348738 5627.8449706359 5638.76745599448 5659.42748974961 5673.35266088712 5669.31249985339 5690.02758765728 5705.46496530566 5735.82751402768 5796.87255737446 5847.91247489249 5900.80493073491 5965.30004797607 6012.59997458747 6051.11242617844 6069.2900392135 6111.97766098883 6123.78491199349 6115.94250533745 5994.53747759984 5910.70740011407 5663.85010100035 5484.8800039132 5529.93994209241 5383.92261105067 5178.94250533967 5246.33996637089 5101.77759039924 -9999 -9999 -9999 -9999 -9999 -9999 -9999 -9999 -9999 -9999 -9999 -9999 -9999 -9999 -9999 -9999 -9999 -9999 -9999 -9999 -9999 -9999 -9999 -9999 -9999
5547.07250981933 5545.67761201065 5563.07250957652 5564.96508796772 5576.01745604719 5579.83251929295 5591.49255379124 5602.00756845152 5616.9974364107 5674.23242300932 5633.15747049444 5669.71508679339 5732.35742131805 5726.48498531462 5708.94750986592 5726.92993130506 5806.94750882311 5873.90002408382 5914.67004311206 5966.69250419416 5981.25488241681 6011.45996061978 6058.40246520663 6092.80493090249 6114.73254386268 6099.17761299158 6020.27758830843 5995.08996755715 5814.11499399813 5749.15747142207 5685.95239381964 5651.68762219891 5567.81249971284 5631.62500055864 5541.60254139926 5345.34497252341 5047.64013960417 -9999 -9999 -9999 -9999 -9999 -9999 -9999 -9999 -9999 -9999 -9999 -9999 -9999 -9999 -9999 -9999 -9999 -9999 -9999 -9999 -9999 -9999 -9999
5497.41491630865 5515.86755390152 5532.72998055787 5531.7150877659 5540.86254851044 5551.43249498168 5566.9276119657 5577.26501446611 5588.05493169289 5598.34265133963 5653.68005242844 5674.79248059616 5709.13012636595 5769.61999400099 5756.14245682086 5746.21252347068 5756.26501423979 5823.28002826938 5872.96996961761 5916.97741637281 5954.21997006278 6001.07995507208 6045.78259248489 6080.69763127302 6104.13500936944 6114.1099859572 6085.23254507552 6005.41760200949 5947.62744327748 5894.77258401013 5846.55005092142 5757.77002210098 5810.97497334047 5719.27746472693 5763.46752734856 5712.06237959384 5683.92492755459 5597.08996375486 5513.43737886884 -9999 -9999 -9999 -9999 -9999 -9999 -9999 -9999 -9999 -9999 -9999 -9999 -9999 -9999 -9999 -9999 -9999 -9999 -9999 -9999 -9999
5481.44750974893 5481.45251477567 5483.85998524607 5515.3824460015 5528.40490699574 5540.1899411798 5552.8551024794 5562.04736337339 5599.98254271106 5662.45495617586 5681.5624994928 5741.35241602138 5763.53002964677 5753.45251362565 5817.15759327127 5816.78002902552 5817.86755365271 5792.5775147129 5831.69506760332 5899.34496962199 5950.89501911249 5991.40502859685 6028.84741172532 6062.98998988064 6088.11242653005 6091.74499550167 6058.41003545214 5982.41491796188 6038.1199952831 6035.02746565121 5962.25000060174 5899.40014596433 5914.46997043994 5966.73486467402 5957.7524369146 6037.96508791619 6055.92993134455 5954.43750210708 5765.90747093096 5931.49499070933 5863.37243790055 -9999 -9999 -9999 -9999 -9999 -9999 -9999 -9999 -9999 -9999 -9999 -9999 -9999 -9999 -9999 -9999 -9999 -9999 -9999
5428.90002397004 5437.25988753108 5458.81994565499 5483.23254373533 5504.20751938613 5520.38989238643 5530.67504870978 5536.4649657877 5572.7425521153 5691.40002458592 5673.93994292296 5639.44250466526 5701.42748985353 5765.8275130501 5804.08251908838 5828.28991620858 5834.36755391487 5843.26000939887 5863.03002874815 5876.77014087227 5904.0899656835 5944.37744118998 5980.01501401341 6030.69238256743 6071.72997980549 6101.08508276279 6109.72741703511 6129.92993131083 6127.41247553957 6109.42749106259 6078.23999195842 5996.96997170711 6024.7175274886 6103.34265044 6115.73998988715 6175.07251075207 6151.73986723985 6243.59997633353 6133.45507785864 6155.98498753327 6021.03991797766 5973.42248551191 6005.1823696668 -9999 -9999 -9999 -9999 -9999 -9999 -9999 -9999 -9999 -9999 -9999 -9999 -9999 -9999 -9999 -9999 -9999
5408.69006273779 5418.8925778581 5440.95996055251 5470.03759751465 5486.45251469395 5494.95007329538 5504.85510252264 5515.27746560596 5527.0773924855 5594.64758209254 5670.47241223507 5608.67749027567 5628.82495082324 5691.79492096957 5741.06762637541 5765.79260302812 5773.6724851609 5811.2475580725 5856.58239709215 5898.65502861129 5931.20751928941 5953.43749964352 5984.099975596 6008.94250388725 6055.43749937163 6081.7873530057 6112.08996548688 6138.77746600379 6162.64501945697 6156.65759279728 6140.18750005189 6117.44995151842 6090.32495147442 6165.31994477588 6188.84240878103 6252.62512207182 6291.9174804501 6317.39245627528 6265.94006242588 6228.46240581237 6255.26501581055 6329.48742556373 6317.16991958962 6409.93005224622 6341.65759348069 6495.33739887601 -9999 -9999 -9999 -9999 -9999 -9999 -9999 -9999 -9999 -9999 -9999 -9999 -9999 -9999
5364.33508283481 5391.66503882125 5421.3551020617 5445.80249009584 5461.83752406595 5464.15002456288 5471.53259282912 5483.88000461089 5499.89001474879 5511.6450191762 5549.86499001113 5562.41748050403 5582.23010208749 5618.91003338621 5655.59008744688 5686.00512663571 5719.56494098329 5741.64990172971 5777.41003382482 5817.39245539802 5863.497435942 5913.09997489457 5959.08496043416 5996.02758774556 6031.41992123823 6063.06750423983 6102.31249949581 6131.55749481655 6164.0474850106 6170.74255365798 6186.36499002749 6202.03503431361 6179.63500991614 6216.11010620995 6265.47985806391 6303.16015571825 6332.23510717297 6348.81750481651 6365.6450196747 6378.07495076074 6408.54760805455 6441.12756348071 6472.26245067869 6501.4199209066 6534.53247047807 6571.4550782141 6545.14502013268 -9999 -9999 -9999 -9999 -9999 -9999 -9999 -9999 -9999 -9999 -9999 -9999 -9999
5331.90502924809 5364.99255328025 5387.24755816935 5407.53002898727 5430.17749025469 5430.89746054895 5454.68005334598 5475.20520006726 5476.20495583093 5484.13745081693 5507.97998007257 5518.76745593855 5539.31262172281 5566.07751416374 5598.38757274666 5627.45751917824 5669.04992681538 5690.91748002679 5722.10266092482 5753.03747527976 5795.36498960743 5847.98754843299 5896.03247009052 5938.99255318364 6000.09997452317 6043.51013135893 6083.06494083981 6116.21008260029 6141.99499482429 6167.20007287594 6186.19750995341 6199.07763596655 6217.97009239172 6240.99499482264 6269.36486778351 6296.135009681 6309.96496547667 6343.90502886444 6364.91247504529 6392.58496040333 6421.8024897065 6447.57006790207 6486.10754344747 6515.24499473601 6548.59509210002 6578.8400876192 6598.37499977683 6621.23254393588 6651.80248920827 6679.82751438614 -9999 -9999 -9999 -9999 -9999 -9999 -9999 -9999 -9999 -9999
5305.83996537444 5346.23242160278 5355.88500952261 5380.80249010269 5395.51245091575 5409.55749479766 5426.49743618952 5452.92993116787 5470.20251435439 5461.10241727222 5469.54003861251 5489.24743616854 5503.16760191887 5533.27746548704 5555.4599603453 5587.32263158461 5621.97241168028 5692.99011057228 5755.15246620861 5716.54736271379 5745.82250952138 5774.32751412147 5838.78246953794 5884.09008714812 5966.8974594831 6009.20495556075 6050.23998962068 6081.08007747387 6116.51501439665 6134.92993104432 6157.45751920325 6184.93749970771 6208.06994590385 6225.01989733668 6242.70751967949 6255.84496970614 6279.77990689281 6318.39758275657 6343.96740666504 6381.81249952171 6408.6549067917 6437.97253384342 6466.46740686184 6493.71997075684 6521.90991236789 6555.48498409585 6594.09997492918 6628.68749964294 6653.49999952129 6684.47009223362 6709.53247030515 -9999 -9999 -9999 -9999 -9999 -9999 -9999 -9999 -9999
5280.49499487538 5308.64746049824 5325.89257763697 5351.97241196753 5372.15258782323 5390.19995090925 5413.02001973317 5428.66247516515 5454.67248539314 5452.64001462148 5448.56005852149 5455.85998517479 5475.43005317788 5503.32495044847 5533.4475094242 5588.70739663712 5645.84741086456 5705.45251351419 5702.05505383415 5685.05261190768 5703.41491612543 -9999 5789.73242133124 5852.31249908773 5946.12744100661 5964.01989707588 6019.99255271945 6061.3400873358 6086.71252404417 6114.36743146891 6135.95239237684 6148.19506756799 6169.69482397183 6146.22497667762 6038.72754074229 5975.17492590593 6016.54492487908 6124.59753167446 6240.44250278419 6291.93749967575 6198.13488801479 6394.5600581466 6355.89001928197 6254.10254435089 6217.78502661187 6513.25756642412 6574.62011661878 6601.60253829447 6605.27502504717 6672.03759719038 6705.20507761618 6738.82739200296 -9999 -9999 -9999 -9999 -9999 -9999 -9999 -9999
5262.19750972273 5280.88500934598 5304.75512662896 5323.52258289735 5344.61242659749 5367.90734836504 5393.18994119685 5403.57739205096 5426.83752425938 5442.51245122442 5432.18750021442 5447.59252923022 5463.13012681044 5482.94494560594 5533.72253247537 5646.51745726325 5606.61999484668 -9999 5660.04748456577 5674.38256831637 5691.42748957406 5721.89257752535 -9999 -9999 5862.13757190863 5919.6625976814 5970.61254764422 6025.30761648555 6058.69995098049 6082.1025386045 6112.2999260863 6134.34497069185 6085.73755009661 5949.67993558283 5826.22998127607 5716.4775396642 5787.10986188551 5897.66002997504 6006.31249775136 6065.68005452105 5996.24987960015 5899.83996146081 5954.48499463994 5512.05749401109 5861.80492673437 6236.72252596744 6492.04235934851 6216.64990137904 6359.46007138893 6630.41503813789 6587.36999569085 6709.6624740484 -9999 -9999 -9999 -9999 -9999 -9999 -9999 -9999
5238.65759229293 5256.34008771872 5287.41516088558 5296.3026122666 5312.25500484335 5340.73254371228 5355.35998528127 5384.37255795509 5402.94750919456 5420.64990196247 5427.1424564926 5426.14758285202 5442.62255854252 5462.74999957202 5492.15991154927 -9999 -9999 -9999 5654.03991788573 5646.37499919322 5682.38989246544 5704.96740686413 5738.45251423038 5775.77746548126 5813.60498001517 5859.91247461984 5933.98498414986 5982.83740209183 6019.86498972144 6046.54748494666 6089.35241635127 6111.27746517773 6045.91247686168 5994.59253137377 5842.50500674303 5803.40515215046 5757.76001041708 5736.13744938361 5813.70495453694 5888.16491635046 5829.66003680963 5463.66504877092 5099.77234345431 5022.85754009748 5553.38499827514 5980.41747897635 6114.84997335959 5719.46253694691 5733.33251124426 6105.23253993384 6229.69249813906 6500.48265843498 6732.86743086844 -9999 -9999 -9999 -9999 -9999 -9999 -9999
-9999 -9999 5251.01000940381 5263.83251951134 5283.4974362193 5309.23242157871 5331.51013159079 5356.69250472204 5372.91992174767 5395.40258749688 5415.24755877752 5410.83996567393 5427.76501463983 5447.89746064628 5478.05993600185 5508.20007249222 -9999 5625.39501915299 5592.42492640558 5621.01489236105 5655.86254839234 5692.86254830331 5725.33740159377 5758.88256769947 5789.07751391606 5821.94995095824 5870.46984783645 5927.61999413827 5997.07995607397 5984.28002785853 5922.14001452724 6022.93017470036 5948.99743893008 5862.58752528437 5826.92504795228 5873.38000686969 5740.99756027774 5546.2175332903 5546.74011153608 5595.96008264917 5498.36767988523 5112.4475210553 4709.96497067674 4657.32751335505 5033.61253734369 5109.13758416579 5319.72765984258 5352.21497645482 5168.68492625635 5791.52501783771 6431.86742693606 6527.50244214981 6646.93004972241 -9999 -9999 -9999 -9999 -9999 -9999 -9999
5173.23242144787 5189.91760221881 5214.6025386643 5248.10241712247 5280.76989683601 5294.78259260606 5328.28759738563 5344.78491147182 5367.29248006821 5384.03747543054 5395.19262683489 5403.07495122888 5410.20495606708 5431.46997021907 5454.70996033142 5492.05993597913 5534.6999500627 5536.84997552923 5571.53503352757 5610.19250446584 5649.05249004539 5696.90991118216 5795.42993023967 5797.87756471104 5773.28747515567 5809.51757771315 5842.4324945123 5883.31506314366 5937.24987622531 5938.10485928366 5844.33752623887 5831.89245583732 5830.36499406029 5929.40002478486 5937.48498334859 5798.61255153423 5799.91247503361 5774.40258949188 5582.81018305702 5317.11255423238 5066.98987345832 4754.05249430277 4792.71240131798 4820.27502957387 4466.62011203917 4287.55250030632 4274.77758870374 4633.9350596627 4873.50486818148 5516.29503475977 5738.32995095126 5940.45250914041 6500.21007629634 6720.80492950323 -9999 -9999 -9999 -9999 -9999 -9999
5142.65991158321 5183.68493637311 5224.37744080503 5262.01989691577 5280.01501424196 5303.07250954889 5329.47997995067 5361.24743604082 5383.81005847083 5378.63745139453 5385.58752399035 5414.01013146208 5395.50500499008 5416.32495074621 5438.13757273821 5467.02258254927 5488.03491213128 5520.75500466151 5557.6850578541 5600.05004845897 5650.00500422504 5699.95995949912 5772.90246530704 5818.04748488318 5775.84497153689 5795.98742620788 5829.27001909852 5867.18249453183 5901.67993120653 5940.69006304011 5988.81481859403 6008.10498026422 6033.41748012357 6090.5450436232 6069.00000129764 5860.56494717829 5889.40002136227 5925.64990438111 5745.4525180865 5447.4450740802 5198.71484620804 5095.320069429 5099.62744333814 4950.42261536421 4449.5124560383 3922.11499805911 3870.76744782998 4136.06237341008 4309.48498401034 4971.02757670118 5586.66746917712 5948.42492045946 6299.06493253182 6696.19482246303 -9999 -9999 -9999 -9999 -9999 -9999
5100.41247509323 5163.25256305214 5199.73498483394 5233.04748523518 5258.21240206337 5284.42248500806 5311.21252414027 5336.30505340785 5349.17260747596 5347.02502431193 5347.82250969747 5377.0400384225 5375.62255873024 5384.67248482735 5408.69494588561 5445.66491659093 5468.43237264775 5505.83496016962 5569.459959793 5657.53747498119 5690.45251412494 5703.08740270052 5743.33251873364 5795.35241645009 5746.05249024196 5764.5775146044 5807.42004336936 5847.1876214779 5884.41760202429 5923.69250425581 5962.97753854456 6001.72753832881 6045.18493595712 6075.22009243844 6107.15515082351 6106.34509339308 6077.9799809164 6000.89746342612 5740.87744438765 5544.46753336565 5401.242430499 5328.8149459456 5195.0500516155 4785.09986158079 4326.74744052138 4008.08490231974 4127.87243074019 4379.22753494972 4531.70995445155 4930.94249115998 5586.69249420054 5872.72252568115 6347.03246108893 6667.31249657052 6733.03991658803 -9999 -9999 -9999 -9999 -9999
