socal_rasters/PETseasonality_SPHAsouth_aggfac2.asc
NCOLS 210 
NROWS 130 
XLLCORNER -119.45 
YLLCORNER 32.483333333 
CELLSIZE 0.0166666666666667 
NODATA_value -9999 
[rows 104 to 129 of 130, columns 120 to 179 of 210]
-9999 -9999 -9999 -9999 -9999 -9999 -9999 -9999 -9999 -9999 -9999 -9999 2656.35754513193 2603.75500274756 2676.64501842928 2877.82751282885 3003.15252521662 3081.18255461463 3185.26495189495 3291.3175036295 3465.38744754541 3629.38494714189 3750.01000757973 3873.33746315576 3998.61742914029 4057.885009984 4102.21752631912 4179.62988185019 4297.73510373897 4396.2125263658 4376.17004317959 4495.34752829413 4736.77245921103 4843.1049794336 4931.59252877638 4984.0624992499 5043.22485300379 5070.20007429017 5160.65759125951 5218.59240675895 5253.73754630312 5323.96508720328 5371.31249926821 5446.60253819823 5506.83496025405 5524.51257407592 5349.05249280726 5433.34240504501 5400.51001207582 5350.24755991139 5214.30505632181 5107.08495945181 5141.02233915423 4999.96740955426 4877.45483581887 4906.5426022212 4930.74499636138 4840.84497034589 4816.86999578146 4817.92761212014
-9999 -9999 -9999 -9999 -9999 -9999 -9999 -9999 -9999 -9999 -9999 -9999 2655.31249934716 2643.03247097246 2705.86749164276 2827.55004725055 2891.47497368947 3041.15753092748 3143.51995746688 3258.0574938652 3373.61254686914 3578.30498977304 3673.59252864669 3802.87243394672 3960.99249147436 4008.90496847118 4012.92992671695 4067.88745116408 4317.30505072296 4380.48767038076 4365.25244209056 4334.74011109415 4711.72009121161 4767.92492468247 4801.06506555148 4785.91247635324 4894.48486188009 5025.32995571814 5106.49243048499 5181.97253301343 5223.8124971811 5311.86999397779 5373.43505827509 5416.08752249242 5479.47753863989 5503.52746600216 5461.20239465766 5456.27246033993 5346.43750224091 5150.85998395699 5110.30248772104 5166.04992670279 5156.02490328114 4911.25500676872 4876.01000918589 5042.57507500853 4966.78247011995 4845.16992160387 4825.62000009423 4773.3749993975
-9999 -9999 -9999 -9999 -9999 -9999 -9999 -9999 -9999 -9999 -9999 -9999 2610.95495603497 2661.60497952664 2755.03247024154 2825.32501122371 2895.04754515286 3009.45501620568 3104.20251360298 3211.68249366012 3314.94494437932 3446.68749856147 3681.85247439739 3754.7724609796 3824.60003793276 3896.72247206151 3834.69506745784 4066.88744774765 4141.56738021349 4266.28491283214 4248.45739576467 4309.5875237845 4445.19994954666 4608.95483233088 4681.02746407966 4822.72497221251 4973.11242539121 5053.39746043816 5101.72998052594 5143.87487568978 5246.27746518214 5270.41992252072 5286.11999480602 5273.09496816329 5410.59252881462 5427.03991804476 5318.81738495917 5308.25244350567 5314.01245254384 5256.66491682939 5206.85998578581 5267.79504292528 5191.1175525471 5059.49243288894 4931.36499149908 5160.91246946465 5165.19751044951 5076.48999271003 4817.45996523969 4787.41247597683
-9999 -9999 -9999 -9999 -9999 -9999 -9999 -9999 -9999 -9999 -9999 -9999 2570.79254027548 2610.68255561565 2670.97753814866 2782.46246240268 2847.40002348235 2981.61743037829 3045.55004782666 3153.15496676135 3258.735044698 3393.23748563146 3647.80248736894 3708.36743421958 3674.74243445159 3802.16003191828 3747.38250625386 3933.66241295937 3958.74493354952 4042.25994810046 4151.67748898745 4254.40502751623 4384.58507989382 4588.01012931808 4724.46008113166 4834.34496931837 4921.60998390829 5016.93005235198 5080.32763595596 5146.2875960667 5223.74743568544 5275.52502416059 5225.46753225517 5069.55004583559 5365.72240926387 5439.17749058718 5404.78759744856 5224.05249469157 5150.60998411579 5251.44506495639 5331.70495596646 5290.45019928483 5252.76989910377 5171.0523699796 5132.9700922537 5263.18993866656 5212.18005514315 4984.72998848022 4817.54760771585 4745.15002536032
-9999 -9999 -9999 -9999 -9999 -9999 -9999 -9999 -9999 -9999 2238.28497149079 2520.50249777237 2549.4025312535 2538.54748234366 2639.21252429554 2707.03002780155 2803.17248375726 2911.58502115648 2997.21008163326 3082.26251186386 3164.25744439368 3296.18499532996 3550.30248707538 3744.82500697685 3513.99255325306 3579.27502294556 3682.54998720753 3783.50744472137 3881.97747655336 4052.5750076826 4265.67004350392 4342.21752765896 4408.57751191194 4565.08508085777 4673.31994432353 4855.07763440098 4979.08495985699 5012.92248552914 5052.22997960715 5134.52245989613 5201.2924794751 5259.87255784088 5303.88012668442 5307.93993945633 5400.25244046036 5431.22997937736 5443.57751509906 5333.35498350872 5255.27246273625 5274.17248621706 5275.49499581749 5127.1075501677 4980.36242539471 5142.33508122126 5262.6424544562 5323.00000411324 5106.35986956565 4909.60998784221 4846.01745565542 4760.81250266628
-9999 -9999 -9999 -9999 -9999 -9999 -9999 -9999 -9999 -9999 -9999 2536.4749735893 2566.01495569512 2448.31243587889 2592.44250393016 2669.84002589179 2766.93249383587 2869.50250121739 2962.02502299056 3045.61999438391 3106.2149636466 3203.10003532449 3435.18499576745 3425.41003116434 3800.31255694976 3809.35248094153 3829.72009254916 3833.57000603751 3865.66247392736 4018.73748500139 4234.47009060824 4360.98742353189 4459.57250831112 4633.98498362798 4767.31249808065 4847.68505783873 4907.22997999364 4959.35253828525 5057.67260653108 5129.95239191468 5189.08007724947 5246.93249401495 5302.38513076179 5347.2674555082 5374.55749413801 5430.96765050188 5435.9150397717 5385.9901129049 5326.94506951236 5294.17504931323 5198.72998298975 5148.52502735491 5106.20007285816 5262.07751270702 5247.61755054354 5322.4899914541 5191.09741655491 5021.09497234717 4763.02990798763 4757.84484774789
-9999 -9999 -9999 -9999 -9999 -9999 -9999 -9999 -9999 -9999 -9999 2235.57495102753 2317.67748976958 2309.17505002084 2442.19005993956 2593.52996727969 2700.49499339689 2830.19494395629 2914.49755744039 2976.52001910617 2969.10497630644 2978.94250437533 3140.94500079891 3406.34753011543 3665.49999473692 3848.81750697911 3880.83996499039 3981.11749059806 3868.07501155433 3966.88000323406 4095.3325785224 4239.49999786389 4395.02001693469 4634.92748695406 4772.9801011296 4831.0626221251 4800.37243458639 4911.37499956788 5003.7375475627 5106.97497506548 5164.44738602716 5226.57763603898 5281.49243090732 5346.89745999518 5347.36755508304 5329.33496034974 5316.92516934964 5335.67248649469 5357.28247032975 5310.11499139849 5323.97241043163 5226.60009849154 5284.12756056314 5227.68481610745 5209.17492942427 5140.63257094215 5160.46752391482 5208.71497186274 4798.45996301512 4831.12499469178
-9999 -9999 -9999 -9999 -9999 -9999 -9999 -9999 -9999 -9999 -9999 -9999 2173.28247011706 -9999 2304.59753272831 2506.15002262952 2631.20751728045 2723.3999630901 2857.83251892157 2819.54504243476 2831.47247470805 2961.81505874152 3191.95245085043 3502.742551092 3591.14501937537 3691.1525254557 3788.53491061257 3909.1349468117 3866.3450316416 3954.06500098703 4063.89251552483 4185.80749318743 4351.71008067386 4481.90759253263 4676.30761453385 4768.05749502438 4720.03735064835 4852.19750745441 5003.82751256708 5077.99487219903 -9999 5195.88256731448 5249.53247004549 5323.56750377816 5374.66760160322 5403.07507305511 5408.89245578242 5390.48767083209 5428.93493669654 5509.30249043429 5472.76734042403 5289.34497094172 5168.02502715102 5199.45263634653 5136.42749119744 5071.79504275038 4995.5726318567 5249.25757597765 4919.50256679395 4910.29747682222
-9999 -9999 -9999 -9999 -9999 -9999 -9999 -9999 -9999 -9999 -9999 -9999 -9999 -9999 2209.58508217319 2381.19250232774 2514.94000247848 2481.5950317168 2543.65496698236 2707.58751927596 2857.19500516277 2979.0174530451 3162.85998232898 3293.92754995011 3463.48498413293 3572.80004756187 3719.33257922949 3909.00750284754 3992.62249784757 4024.17010308272 4150.09741059291 4180.95995869983 4387.40490503266 4396.22497983914 4451.44494253823 4607.23498495307 4679.63000183585 4858.08495898255 4946.17761092426 5026.93749797618 5133.39501874123 5194.60009691095 5237.97253352829 5307.0424794284 5353.00244019496 5401.23998937176 5384.18750066708 5391.8374017219 5534.29504191336 5497.89990557752 5195.73987163141 5060.21996863557 5124.2750246242 5101.81005844304 5160.48754943634 5120.93750027158 5137.85742137 5484.34753645052 5133.05749530028 5079.82006374649
-9999 -9999 -9999 -9999 -9999 -9999 -9999 -9999 -9999 -9999 -9999 -9999 2056.40747029138 2106.0399776274 2152.04504327169 2281.53002619739 2405.06249907712 2520.89245321542 2746.69256416642 2858.76501291368 2936.65508900708 3016.82745170816 3174.49749532003 3270.0074445633 3387.99249141421 3569.03246870415 3634.67999163798 3796.75250045967 3953.03246852873 4037.59997501358 4046.4999382433 4096.49749611938 4223.98754908359 4319.63000126589 4563.28991011391 4763.5175784684 4721.96997024809 4885.36755056135 5000.86999365035 5052.98010171345 5113.39745972686 5182.24255292754 5232.57006749496 5234.25012245772 5277.33007614809 5339.5725087745 5391.88500918133 5464.7874728451 5520.78503489966 5451.10998618136 5321.25268768266 5131.57263380289 5082.81994466166 5096.37243657531 5195.29247818261 5172.542481749 5259.2949153002 5591.88500767219 5425.63245474332 5269.92981046761
-9999 -9999 -9999 -9999 -9999 -9999 -9999 -9999 -9999 -9999 -9999 -9999 2095.07748362168 2097.02252181961 2104.61498976237 2160.11999443914 2359.55505097927 2537.25494324177 2648.4400018311 2759.96246274461 2836.42748783092 2929.43749947469 3076.23247895696 3238.72003125772 3351.26745489714 3460.28503206473 3499.65753116027 3679.61742764749 3836.56249790022 3932.96008185944 3898.45995976774 4027.89245503577 4122.24261271769 4312.14745805928 4554.41503538161 4742.43005217747 4840.4901110458 4897.99743473039 4984.90502848765 5048.72253321597 5113.42504797772 5162.60754326152 5216.69006247377 5180.37756794283 5193.73998664462 5306.81762591176 5393.44750779863 5473.12756201617 5454.31750786207 5390.3950199824 5237.89002097047 5168.18249579757 5039.05004240496 5300.25243844643 5382.1099874219 5205.0473631638 5323.56994046199 5631.8551011824 5573.39245948419 5346.91747812906
-9999 -9999 -9999 -9999 -9999 -9999 -9999 -9999 -9999 -9999 -9999 -9999 2136.83246055124 2022.79250990313 -9999 -9999 2174.29254124577 2383.78497140421 2502.82000507088 2627.1849978843 2676.17748853932 2806.91253488996 3010.2299773493 3164.41760004176 3292.35497914108 3390.05004794968 3438.03496990647 3759.42749061721 3776.07000634117 3871.33496064635 3931.04247524187 4129.46490422785 4262.56750323762 4412.29516333216 4556.8950193678 4645.14758164459 4761.5999730075 4907.2550042462 4952.70495488228 5027.09252799298 5089.76745509228 5128.99499437588 5114.54748576593 5123.33996563113 5281.12255624483 5364.91760150785 5420.24743557753 5456.4399411472 5424.27758620728 5493.57238812623 5446.2175303046 5245.39758822241 5122.93493585458 5261.64001037567 5522.49755660081 5477.83496607486 5450.37756019135 5630.96496628023 5542.25744678751 5583.00500532328
-9999 -9999 -9999 -9999 -9999 -9999 -9999 -9999 -9999 -9999 -9999 -9999 2095.72247987369 -9999 2009.47497486713 -9999 -9999 2229.45001090125 2370.86742957445 2464.64752124008 2589.48504551195 2707.477536817 2868.51244864683 3072.82751285116 3220.08501928231 3335.0150164942 3375.77752467211 3497.31994500599 -9999 3744.41253386811 4221.06994312904 4326.2498777769 4363.55749422961 4434.3800039145 4506.14514090422 4588.95995780224 4724.30749270264 4851.75756895287 4890.05493131502 4978.87512046112 5054.41247520641 5092.21752751628 5169.364989383 5216.4798569905 5286.42993083781 5340.39001356398 5393.61767467927 5434.31494162084 5456.66259783593 5448.53503507354 5397.54004050497 5346.29003934902 5269.40503082646 5201.95739490103 5470.38756924684 -9999 5608.47997925147 5606.96252096314 5585.59496624653 5541.34241037371
-9999 -9999 -9999 -9999 -9999 -9999 -9999 -9999 -9999 -9999 -9999 -9999 -9999 -9999 -9999 -9999 2109.19750907695 -9999 -9999 2392.08001624363 2500.69250346303 2643.00500282464 2826.82000496224 3029.74993619479 3235.02245763842 3287.5324705054 3301.75750474055 -9999 3711.00243370917 4036.10510192658 4403.86254796619 4376.47741788809 4266.13000213158 4443.99767855843 4480.96509005025 4502.13500717693 4629.03503292284 4726.5699446408 4826.93249230982 4964.86498856123 5042.79247972055 5098.95739614225 5141.470093506 5173.05249039998 5246.32519351618 5318.80749386287 5365.41247466612 5429.29504293953 5479.49743603974 5501.43737776061 5519.91760212225 5444.37756608821 5337.42748915886 5379.46753235007 -9999 -9999 5602.15246655683 5538.70751926402 5554.82751551359 5531.98254208139
-9999 -9999 -9999 -9999 -9999 -9999 -9999 -9999 -9999 -9999 -9999 -9999 -9999 -9999 -9999 -9999 -9999 -9999 -9999 -9999 2447.09252758095 2593.00243984777 2743.83001457773 2953.22247023958 3048.77752506723 3093.06994679636 3219.66003213268 3396.74993498989 3748.7574409042 3985.44244433339 4062.11999519743 4054.592528311 4249.6175497434 4488.52245924897 4421.91003534141 4472.90746889542 4567.37255861125 4644.47240995367 4774.55004681808 4916.11743076798 4989.93749923005 5091.66747975937 5142.84985305208 5175.05493144583 5224.48998936025 5299.07763572071 5356.51257255284 5395.05493169981 5410.5374759262 5478.74755728582 5540.31494138414 5581.54003862112 5655.32495053687 5694.6950690166 5410.04992337363 5451.54260289847 5539.09497009014 5601.91503651759 5546.3125002227 5671.14245486657
-9999 -9999 -9999 -9999 -9999 -9999 -9999 -9999 -9999 -9999 -9999 -9999 -9999 -9999 -9999 -9999 -9999 -9999 -9999 -9999 2416.04748404285 2538.17248397326 2650.4625223929 2807.16747835365 2906.83996352648 3145.21496422352 3338.23498323883 3498.60747985153 3682.84252587526 3828.68499570343 3928.95251445661 4042.52758345566 4362.31261904323 4483.48510553295 4343.422486814 4415.80016876723 4495.34252592437 4664.18005253574 4707.28246924004 4834.77490028075 4942.32739174043 5058.93237184625 5118.8150629823 5136.59997551506 5218.2374254325 5283.06506295676 5322.17004235519 5391.77001860925 5432.04492047941 5482.72253333421 5491.69494769118 5482.21264478835 5621.72265579433 5524.96753093547 5627.38744993319 5657.08996402117 5592.73486289811 5668.32482632556 5697.51489157408 5735.97009530073
-9999 -9999 -9999 -9999 -9999 -9999 -9999 -9999 -9999 -9999 -9999 -9999 -9999 -9999 -9999 -9999 -9999 -9999 -9999 -9999 2379.32751377243 2506.46001984615 2650.83001515535 2810.14751888544 3022.4000207275 3221.68249271149 3393.94500572757 3516.33001598613 3651.95751782191 3804.81750394411 3843.01244939395 3927.92498588941 4081.26501277483 4237.4799776116 4303.63757229452 4473.8499721647 4602.14001335005 4681.42248357957 4727.97497508053 4820.86242502999 4897.9999982946 5020.42992926193 5098.57739209333 5124.65258766005 5212.00744483624 5243.96984904329 5283.37756104642 5371.82263111622 5398.98999019288 5394.62487711962 5464.479857176 5547.08251736367 5603.45239215572 5513.28992037911 5340.21753152639 5382.08752103753 5593.05993247337 5751.01244968592 5795.19006183821 5816.36010733174
-9999 -9999 -9999 -9999 -9999 -9999 -9999 -9999 -9999 -9999 -9999 -9999 -9999 -9999 -9999 -9999 -9999 -9999 -9999 -9999 -9999 2476.74249112756 2633.28997543848 2824.00756568398 3035.85754100325 3206.40752949426 3348.07000629511 3468.76251029262 3634.75249959054 3747.2575075156 3781.92004078509 -9999 4004.43243233433 4153.71752732228 4374.63244234344 4546.82751009679 4749.04736349955 4712.28991652608 4765.54748419233 4839.15502665926 4913.2274165253 4975.30505260484 5067.25243974798 5113.07995472634 5182.25500426341 5191.78747575511 5280.94262525065 5348.83007744157 5338.3851334474 5428.15746864465 5505.03991642933 5542.70251394948 5541.71984945521 5387.44007087415 5228.15246583149 5367.04748072981 5636.01000392135 5784.24487174478 5842.71996959647 5868.32751470241
-9999 -9999 -9999 -9999 -9999 -9999 -9999 -9999 -9999 -9999 -9999 -9999 -9999 -9999 -9999 -9999 -9999 -9999 -9999 -9999 -9999 2434.58501989855 2606.50256064625 2788.70989614594 2977.87005398488 3146.48248126619 3326.00494085801 3430.94244200483 3573.87005410747 3640.96252471481 3691.98748562457 3864.38994991605 4181.31249808625 4325.18749769648 4517.6876171559 4640.48742409058 4722.64257773313 4773.90002443179 4826.49267557771 4873.89990222559 4906.33996552032 4949.77502421332 5003.86254794773 5036.79260346046 5079.43493536413 5154.69494468387 5248.9099103117 5323.4899890978 5378.1374506943 5422.99987697141 5473.18749937741 5497.30236813444 5499.15490671011 5478.82250708211 5433.93005668223 5561.34740863194 5695.61498583073 5784.97997919783 5811.27258238054 5750.38489028603
-9999 -9999 -9999 -9999 -9999 -9999 -9999 -9999 -9999 -9999 -9999 -9999 -9999 -9999 -9999 -9999 -9999 -9999 -9999 2201.09503083348 -9999 2429.18505699623 2565.54498030715 2741.73992807094 2876.78253032937 3038.77001815389 3169.37750001553 3309.41753888458 3464.86499144275 3557.34753358215 3682.17748816225 3900.82751069478 4160.46740355447 4330.93737145941 4569.80492949426 4666.56237693818 4702.26745517664 4758.50756783478 4818.99487173981 4858.20739805646 4837.64245509257 4873.16491748496 4937.73254200002 5043.76989648913 5134.86498939418 5181.17260679701 5243.53234754386 5305.84252822314 5351.53503330462 5404.09497039793 5454.74743583605 5491.57495130646 5530.33007634645 5592.16247503022 5608.5576164177 5683.47241146616 5711.57250983452 5704.05737404679 5680.69506725031 5703.58007899826
-9999 -9999 -9999 -9999 -9999 -9999 -9999 -9999 -9999 -9999 -9999 -9999 -9999 -9999 -9999 -9999 -9999 -9999 -9999 2194.51000872659 2298.51000817591 2438.99499334836 2587.0675021352 2801.21502401885 2997.3274510492 3246.84747104747 3336.64245468251 3449.72997909637 3533.57745211208 3627.63751096547 3747.71252261372 3863.78997619696 4056.7149609987 4289.56994330022 4496.34997299205 4624.12255833087 4680.94995129499 4713.74499293849 4720.11498992091 4749.25744957558 4688.03991657606 4777.5676271377 4880.95495222346 5052.66491505168 5101.3249516936 5038.55236603067 5228.3524164284 5282.79492107837 5326.92492638657 5371.48498432792 5424.34741135234 5475.57250888692 5526.96996969003 5559.42993166482 5613.75012132933 5644.78735333049 5621.70251509246 5722.61242682001 5727.89245647575 5685.11010627165
-9999 -9999 -9999 -9999 -9999 -9999 -9999 -9999 -9999 -9999 -9999 -9999 -9999 -9999 -9999 -9999 -9999 -9999 -9999 2220.00256244193 2324.55248849619 2458.98248141219 2585.27752489527 2739.45995868774 2950.02746203174 3228.05004611085 3321.19000206909 3413.20501561465 3501.41503788948 3588.12994237958 3711.62249552576 3807.56750402992 3902.4099712074 4048.62243289078 4297.30504852107 4416.72998245855 4394.5400369417 4416.99499030864 4535.68249679544 4588.60998332879 4697.44262570878 4764.80749403811 4840.56262104378 4962.37743919363 5087.62512094051 5146.59496959118 5193.00500400637 5248.91015582977 5293.10510175022 5353.58752331354 5405.29003820631 5458.72753829838 5500.54736294645 5537.05749384161 5595.04260180223 5631.55993598996 5668.95996034841 5682.14746148162 5696.05993644739 5721.19750946828
-9999 -9999 -9999 -9999 -9999 -9999 -9999 -9999 -9999 -9999 -9999 -9999 -9999 -9999 -9999 -9999 -9999 -9999 -9999 -9999 2438.36504578888 2635.90746932335 2758.99749574382 2740.35748138113 2865.74749591077 3017.52502086339 3230.44250086562 3397.77001811015 3469.64251560338 3564.47003067612 3658.26000858092 3744.89251590696 3826.83001636429 3886.80004752952 4008.1149905362 4149.0524276558 4415.65014264401 4558.26257161874 4588.81982533722 4557.52246023994 4666.01000840834 4762.34496888812 4849.95239096829 4928.14501789884 5037.39489655289 5106.12499893862 5163.95007194837 5218.49255247666 5279.34496944556 5330.59008674529 5351.77758772704 5383.86755134561 5446.4075921811 5454.94750985954 5479.44995127253 5554.96740376828 -9999 -9999 -9999 -9999
-9999 -9999 -9999 -9999 -9999 -9999 -9999 -9999 -9999 -9999 -9999 -9999 -9999 -9999 -9999 -9999 -9999 -9999 -9999 -9999 2604.18248716339 2819.92748943457 2943.8325166887 2998.21746964798 2967.94500630013 3009.19500667554 3121.70000947219 3284.45995887731 3425.21502344074 3507.59246731955 3561.68249431876 3635.00750480957 3746.54003638207 3892.39245316946 4025.03497188787 4137.58245626029 4367.66760095815 4579.50500196159 4700.91247578245 4665.20239351292 4647.97753853126 4726.55248908557 4837.96752732587 -9999 -9999 -9999 -9999 -9999 -9999 -9999 -9999 -9999 -9999 -9999 -9999 -9999 -9999 -9999 -9999 -9999
-9999 -9999 -9999 -9999 -9999 -9999 -9999 -9999 -9999 -9999 -9999 -9999 -9999 -9999 -9999 -9999 -9999 -9999 -9999 -9999 2736.04753910187 2964.39501741011 3024.19006295144 3116.81750219345 3224.15496819242 3170.04254415653 3173.80004906865 3220.41747923702 3306.77746474895 3393.28753563586 3501.66247334796 3682.69994997724 3795.87750056064 3936.03490985264 4069.48498412172 4156.37255757315 4340.88500611023 4570.86986760801 -9999 -9999 -9999 -9999 -9999 -9999 -9999 -9999 -9999 -9999 -9999 -9999 -9999 -9999 -9999 -9999 -9999 -9999 -9999 -9999 -9999 -9999
-9999 -9999 -9999 -9999 -9999 -9999 -9999 -9999 -9999 -9999 -9999 -9999 -9999 -9999 -9999 -9999 -9999 -9999 -9999 -9999 2827.61248159304 2981.55242915879 3074.70245192652 -9999 3294.41497623179 -9999 -9999 -9999 -9999 -9999 -9999 -9999 -9999 -9999 -9999 -9999 -9999 -9999 -9999 -9999 -9999 -9999 -9999 -9999 -9999 -9999 -9999 -9999 -9999 -9999 -9999 -9999 -9999 -9999 -9999 -9999 -9999 -9999 -9999 -9999
