socal_rasters/PETseasonality_SPHAsouth_aggfac2.asc
NCOLS 210 
NROWS 130 
XLLCORNER -119.45 
YLLCORNER 32.483333333 
CELLSIZE 0.0166666666666667 
NODATA_value -9999 
[rows 0 to 25 of 130, columns 0 to 59 of 210]
-9999.000000000000000 -9999 -9999 -9999 -9999 -9999 -9999 -9999 -9999 -9999 -9999 -9999 -9999 -9999 -9999 -9999 -9999 -9999 -9999 -9999 -9999 -9999 -9999 -9999 -9999 -9999 -9999 -9999 -9999 -9999 -9999 -9999 -9999 -9999 -9999 -9999 -9999 -9999 -9999 -9999 -9999 -9999 -9999 -9999 -9999 -9999 -9999 -9999 -9999 5326.73010201418 -9999 -9999 -9999 -9999 -9999 -9999 -9999 -9999 -9999 -9999
-9999 -9999 -9999 -9999 -9999 -9999 -9999 -9999 -9999 -9999 -9999 -9999 -9999 -9999 -9999 -9999 -9999 -9999 -9999 -9999 -9999 -9999 -9999 -9999 -9999 -9999 -9999 -9999 -9999 -9999 -9999 -9999 -9999 -9999 -9999 -9999 -9999 -9999 -9999 -9999 -9999 -9999 -9999 -9999 -9999 -9999 5266.16259682703 5417.36499047507 5365.44995010768 5304.94995218134 5250.82995614157 5199.93249585168 -9999 -9999 -9999 -9999 -9999 -9999 -9999 -9999
-9999 -9999 -9999 -9999 -9999 -9999 -9999 -9999 -9999 -9999 -9999 -9999 -9999 -9999 -9999 -9999 -9999 -9999 -9999 -9999 -9999 -9999 -9999 -9999 -9999 -9999 -9999 -9999 -9999 -9999 -9999 -9999 -9999 -9999 -9999 -9999 -9999 -9999 -9999 -9999 -9999 -9999 -9999 5309.17748987892 5224.91003480878 5188.85754383434 5388.15002375168 5431.55993681473 5280.7973641588 5221.67004336287 5224.8275151887 5218.05749413689 5362.73742638522 5480.90759288861 5455.75488273661 -9999 -9999 -9999 -9999 -9999
-9999 -9999 -9999 -9999 -9999 -9999 -9999 -9999 -9999 -9999 -9999 -9999 -9999 -9999 -9999 -9999 -9999 -9999 -9999 -9999 -9999 -9999 -9999 -9999 -9999 -9999 -9999 -9999 -9999 -9999 -9999 -9999 -9999 -9999 -9999 -9999 -9999 -9999 -9999 5204.48242087446 5328.1524657741 5197.67749105384 5078.3123785042 5116.27514543929 5188.66491746949 5229.07507319364 5351.1174311949 5421.25512696617 5363.72753983259 5239.937500295 5283.12744210333 5171.1575930155 5228.96496391591 5428.42749118625 5250.71240225549 5262.56738245283 5313.71252471579 -9999 -9999 -9999
-9999 -9999 -9999 -9999 -9999 -9999 -9999 -9999 -9999 -9999 -9999 -9999 -9999 -9999 -9999 -9999 -9999 -9999 -9999 -9999 -9999 -9999 -9999 -9999 -9999 -9999 -9999 -9999 -9999 -9999 -9999 -9999 -9999 -9999 -9999 5139.26513647672 5165.32495190168 5025.66503866601 5179.55505332723 5249.20751940697 5291.54492166198 5193.42993221677 5053.52990792535 5087.35009740164 5189.04748510958 5260.36999506576 5238.81250006788 5333.7449944436 -9999 5408.72753903269 5374.35485870503 5294.54260305489 5293.72997977624 5453.71752919222 5337.96740763838 5294.15747032746 5373.14990199307 5452.56750435516 5491.66003375071 -9999
-9999 -9999 -9999 -9999 -9999 -9999 -9999 -9999 -9999 -9999 -9999 -9999 -9999 -9999 -9999 -9999 -9999 -9999 -9999 -9999 -9999 -9999 -9999 -9999 -9999 -9999 -9999 -9999 -9999 -9999 -9999 -9999 -9999 4855.07263157903 4918.52746569415 4986.58996505912 5202.24243136719 5176.22998107173 5212.26501426164 5236.57995597045 5257.50488255679 5251.88244662084 5146.09252949695 5215.06994546232 5267.99755848501 5230.47009292883 5276.23010290219 5306.59741214852 5368.15747055881 -9999 5416.28259270464 5408.27258284307 5439.21496562896 5423.32507324742 5441.45495594545 5461.7448726991 5493.3824462247 5501.7926028272 5465.5151373389 5374.14746147273
-9999 -9999 -9999 -9999 -9999 -9999 -9999 -9999 -9999 -9999 -9999 -9999 -9999 -9999 -9999 -9999 -9999 -9999 -9999 -9999 -9999 -9999 -9999 -9999 -9999 -9999 -9999 -9999 -9999 -9999 5050.37768642717 4889.22998040573 4950.28259279387 4900.45507870378 4716.5074466443 4883.17993069359 5044.36743136071 5124.84497035859 5201.8850096184 5209.50500464232 5217.0375978663 5170.97497497466 5254.2675781347 5272.41259751601 5254.56994675407 5214.33508282634 5279.01989715146 5336.65490719419 5346.07751460238 -9999 5384.28503408048 5391.61242673958 -9999 5413.33496075016 5436.55505358711 5440.51245118211 5437.4449464496 5382.94751033083 5304.48242222664 5263.91259822619
-9999 -9999 -9999 -9999 -9999 -9999 -9999 -9999 -9999 -9999 -9999 -9999 -9999 -9999 -9999 -9999 -9999 -9999 -9999 -9999 -9999 -9999 -9999 -9999 -9999 -9999 -9999 -9999 4770.90246521243 5010.83496027125 4954.63989361736 4834.26000920053 4996.99743622031 4968.11242715075 4753.80493251859 4732.16259759325 4840.65246542668 4935.52502415579 5061.09008749717 5093.83752367736 5190.46252400325 5142.73254459204 5204.37500002279 5225.88000479892 5243.18249512675 5229.94738783453 5261.04748538384 5303.01757805584 5291.57006820064 5317.49743643964 -9999 -9999 5387.94995107204 5399.35742176595 5412.1175536344 5423.42492700418 5389.76000990933 5329.70495615704 5327.24499453601 5339.24999883138
-9999 -9999 -9999 -9999 -9999 -9999 -9999 -9999 -9999 -9999 -9999 -9999 -9999 -9999 -9999 -9999 -9999 -9999 -9999 -9999 -9999 -9999 -9999 -9999 4542.68481411466 4649.87255818704 4737.97998043698 4809.96008280519 4990.78491168004 5037.85742195587 4970.63989320966 4896.58752459385 4970.48498481776 5004.09252954474 4849.32751554029 4823.18505799222 4939.0875239988 4967.58752451976 5026.8024895175 5140.06750471232 5157.92492685634 5068.84484918825 5181.44250463637 5211.29504402515 5221.30493155447 5238.44750975942 5254.13012685513 5273.20739741891 5259.83996601764 5238.67761257005 5225.369994756 5323.09008783066 5334.3574217622 5368.55993639505 5364.49243193611 5401.27246085872 5399.13757318322 5415.38757307107 5385.51245141811 5433.26245075199
-9999 -9999 -9999 -9999 -9999 -9999 -9999 -9999 -9999 -9999 -9999 -9999 -9999 -9999 -9999 -9999 -9999 -9999 -9999 -9999 -9999 4209.06750439667 4415.09753398952 4544.86498979631 4492.52990744947 4531.89245595294 4578.93005349566 4695.94750929622 4851.33496065356 4962.83251915067 5007.21484360938 5010.17248536976 5027.79992674907 5009.76013204948 4941.14245658279 4831.34509200883 5009.38488705524 5034.59240727601 5069.76489226713 5120.52246081196 5111.59252912445 -9999 5086.60998490883 5161.75744598359 5146.57507373665 5188.14501921826 5223.85998526038 5240.44250482599 5245.53002935391 5182.47741734363 5169.29504343813 5245.14758277719 5313.6524655424 5332.98742673476 5309.94494584828 5371.19506837452 5381.89245597404 5402.64257800954 5414.80493155829 5426.94262668038
-9999 -9999 -9999 -9999 -9999 -9999 -9999 -9999 -9999 -9999 -9999 -9999 -9999 -9999 -9999 -9999 -9999 -9999 -9999 4719.31494135402 4620.77246139981 4420.96240231592 4578.61743114664 4744.01000969635 4656.67504919978 4479.2149662453 4546.72241179869 4630.16491668378 4788.10253861213 4944.17504852296 4953.12988249351 4968.09741214994 4988.24743651434 4931.91748107413 4826.91503972943 4822.63000420359 5001.48754819686 5038.99987811383 5061.41992187494 5066.47253417067 5023.45507827444 -9999 -9999 5042.10998514049 5105.92016575892 5166.09741200136 5172.56750494022 5170.9848632293 5194.25256322837 5179.72753955544 5106.43749952702 5216.06005808688 5277.50256336136 5251.95263720822 5261.47497481124 5325.22509723769 5348.19506834558 5362.06250007825 5378.00756829689 5388.97998028152
-9999 -9999 -9999 -9999 -9999 -9999 -9999 -9999 -9999 -9999 -9999 -9999 -9999 -9999 -9999 4733.34484849472 4776.57263175479 4802.49255367098 4810.70507816816 4795.19750992361 4761.6724854716 4768.46496557907 4779.72253398164 4852.10253907863 4741.72509816535 4643.07495139711 4513.2875982899 4578.40002377731 4798.2498770241 4922.65991226361 4845.80249022101 4770.9348142094 4925.5974116705 4904.06750484692 4904.47766172054 4923.32751418787 5000.72741670721 5021.63244629796 5011.27001997972 5007.55737260413 5049.99743672583 4867.07251101026 5007.00244058949 5085.24755832849 5121.53015130431 5129.16247563782 5122.92260747862 5104.78747555713 5093.96997084858 5079.61254922733 5043.04248011561 5148.66247524705 5195.49499497412 5155.57006848388 5226.55761689545 5274.5200191808 5271.14746085348 5294.89746042305 5336.4100340481 5372.72998033968
-9999 -9999 -9999 -9999 -9999 -9999 -9999 -9999 -9999 -9999 -9999 -9999 4578.42260735202 4642.24511714223 4680.96264647305 4707.57739254578 4726.32250970711 4753.22497553447 4768.84509269809 4783.35009761371 4798.96008300532 4775.70495628513 4822.05249012629 4793.98999036408 4711.19738813522 4640.46752978557 4550.45251433011 4710.21997027468 4815.27490178295 4883.85009775863 4763.17993221068 4506.86498986833 4884.69250442223 4935.70495609448 4949.25744634239 4954.55493162247 4958.77990747697 4923.30993589194 5002.69995106956 5005.34252950214 4974.30749551679 4770.41748058832 4906.70007339543 4958.59008709129 5041.28002904025 5074.37243650953 5034.05004858791 5018.95251471697 5039.2199708563 4967.60730012495 4975.90002420687 5037.70251472827 5075.43493627418 5089.11254868171 5147.91503908155 5183.52502442299 5228.88244593976 5273.60009741249 5304.72497535505 5337.49243137392
-9999 -9999 -9999 -9999 -9999 -9999 -9999 -9999 -9999 4375.81005846045 4441.26257340581 4466.25244111448 4565.50488271426 4630.59008784342 4655.6000976185 4678.36499022642 4705.22998044409 4721.08752437847 4735.92248532551 4735.91247561764 4733.30261229599 4678.56750523982 4718.96496548548 4791.68749994878 4741.14245617904 4759.60754381492 4784.62744175897 4824.50244126753 4796.14245570439 4744.59240779727 4579.37500041094 4411.37255822858 4795.28747505292 4828.02014228167 4874.47241175495 4901.27246114256 4754.68493758027 4775.05749389588 4813.43750023995 4774.28503404811 4679.86267096083 4780.28234818088 4908.39245546972 4947.39013658462 5034.47509767324 5040.42492695404 4928.96252480775 4899.69751002162 4876.20495631402 4919.92260667703 5012.17761234485 4990.83251957724 5000.19750957502 5031.08508279564 5057.83251940684 5113.64501904886 5153.26757855322 5180.73486306263 5195.09497052908 5262.15258777398
-9999 -9999 -9999 -9999 -9999 -9999 -9999 -9999 4131.27996830832 4313.88256818736 4298.09753398152 4552.36511220838 4620.82739261741 4628.03247068269 4632.21264652308 4658.95007319012 4667.93005367929 4678.8074951265 4670.76501463417 4627.62243662064 4597.29248043151 4572.11755405957 4536.0725093469 4662.35754377671 4741.19250501718 4737.51245124586 4714.62243679838 4701.65747080893 4521.72009323044 4421.15747119013 4280.73498546839 4282.65502932035 4406.8099358723 4658.94750923474 4728.98254407783 4746.53747525816 4635.09753532681 4520.30248989196 4484.52758773367 4513.5726318412 4560.85510211557 4597.70007277665 4639.49255364058 4673.35497988259 4768.93749987155 4758.56982420125 4776.0500489885 4834.69006331546 4913.47253375342 4978.42504847616 5035.74243158802 5036.89001474469 5020.41235365991 5017.86499040292 5022.05004887392 5091.57751460791 5146.41503867204 5187.81994613304 5178.52246097151 5197.81249954344
-9999 -9999 -9999 4281.49999993762 4299.39001470958 -9999 -9999 4170.72747785679 4044.8574826834 4196.65246555058 4447.64733866859 4492.8651122843 4514.67004392598 4503.74243162885 4539.58483885771 4549.10009769508 4532.75500493237 4540.27514661657 4486.34753417642 4504.05993691559 4420.0474855572 4420.91735845515 4313.07251010264 4450.12499935374 4524.25744616087 4499.77990771492 4466.86511244488 4299.26000978226 4240.86242690307 4200.04748558918 4173.4250487247 4204.10498043548 4228.46997060216 4255.05749503355 4299.83996580086 4337.09252936323 4355.41735830515 4387.4775389499 4422.32739235638 4522.2124019798 4581.47997999849 4689.81249995733 4776.34997528314 4703.92248577635 4778.68005366333 4788.6774901668 4785.35241695752 4841.93249518 4896.14257819322 4943.92248498312 5051.36498976944 5064.5975342991 5020.30004893617 5004.75000015791 5000.55749499008 5046.39746058031 5108.7023921302 5174.91760232192 5204.66503896274 5215.23242195573
4116.4399413927 4297.49243162041 4155.30004884964 4262.94506834182 4248.2025147436 4098.35742198087 -9999 4063.76007053247 3851.32250973455 4227.88256828108 4317.60241693912 4318.43249522497 4301.35998542579 4392.39758276519 4470.90747073085 4417.10754395326 4377.98498545977 4392.80004906778 4356.70495568905 4323.51000959531 4274.78759758976 4277.67016666024 4196.54748514672 4132.32250942971 4094.93505913162 4062.30249014601 4075.69506841435 4053.17749024557 4055.29748528423 4076.95501702468 4108.41003402953 4167.39501932986 4209.80749476961 4338.77246046909 4346.51000973877 4441.85986272063 4641.00256300063 4551.89257784946 4744.3026122368 4815.23498538284 4857.16247524185 4898.18749989005 4912.78747559426 4869.60498111977 4837.40515089301 4893.04492217615 4957.57263143912 4936.15771464745 4994.01245082309 5020.99499501181 5029.44750966646 5017.49511729349 5015.25988798731 4964.33752426814 4992.55993645673 5007.77502439647 5047.66003399272 5107.93749977014 5151.22485304713 5195.90759254706
-9999 3878.82244872787 3969.06744374094 4133.94500726758 4286.26257321103 4336.21508783719 4287.19494641347 4021.29754668289 3850.55499256623 4036.19500774258 4171.27758771429 4089.45001232153 4186.94250453926 4354.1726072718 4408.34997541883 4398.17749045542 4189.1950077285 4163.31256123296 4174.26501440971 4155.11505163377 4081.36010765841 4146.23742768584 3977.17999259394 3899.35748288996 3905.1499634019 3910.60998530061 3946.03753648144 3970.97998034144 4019.31500216156 4119.14001429162 4157.27252175943 4268.73754897558 4472.1450186469 4622.50012192385 4682.62243656816 4663.92748932889 4766.97009274938 4773.80505346721 4819.9523923996 4841.88745107643 4853.07751458367 4866.04016112282 4877.87255854233 4896.41760247007 4902.30493162932 4931.9526368054 4943.22253424392 4947.02502439771 4962.93749969557 4973.31494140349 4990.40502905099 5029.35754396601 5011.80749534538 4989.50012223835 5022.1577145667 5039.81262210714 5060.13500962505 5101.21252407737 5142.39233415543 5098.35998536881
-9999 -9999 -9999 3876.22998033195 3964.00500481225 4153.34002673416 4270.47241217717 4236.53259295052 3905.00494424417 3675.19000235862 3848.60748283176 3979.45251464856 4176.49749732735 4337.95996074394 4417.03747561352 4342.34008819458 4171.33508330827 4000.09747315711 3963.97747779854 3959.53497361229 3821.33746352578 3785.23748788364 3777.26995843378 3833.22741659764 4032.94000212583 4272.40246510356 4396.93249496393 4263.28747540711 4279.91491579255 4436.63256788972 4500.84997530985 4477.04260251173 4491.40502911895 4574.54760695867 4611.57250987985 4615.60742164222 4669.86755356203 4735.18737784687 4771.10498038885 4803.28747549653 4827.72253411617 4816.89746110181 4813.0925293578 4821.73254393075 4845.30993639727 4874.47998052271 4902.94750969324 4930.89257807943 4938.09240718262 4902.89245631971 4908.60986285066 4974.9775386898 5016.4649656032 5026.1949462432 5023.5050049723 5055.30993653732 5050.60998565377 5103.40991177912 5109.90014632888 5122.46752893961
-9999 -9999 -9999 3543.55249025357 3631.67504867934 3795.57000708061 4011.32250989375 3926.55249027119 3809.24255387783 3561.03247063385 3961.75500462056 4075.95251455116 4087.04504406248 4234.22009274087 4281.72998046417 4224.90002414007 4110.65496850401 3927.69506896821 3728.32745371442 3697.2049560926 3677.90997317296 3694.43994116707 3910.06988472331 4297.58264103928 4430.83752389565 4454.01501500749 4381.62255860676 4287.46252484126 4179.69750978252 4299.61486806893 4306.97009250827 4352.6750487431 4348.61242689586 4375.9523926656 4393.97497573719 4447.85766606946 4474.54748499741 4530.76501421086 4587.48742652993 4640.26232856185 4702.687499513 4773.22753885924 4780.34741239695 4732.1474614026 4742.80993631581 4786.65002433256 4858.2724607986 4876.99499490142 4904.92504874247 4928.54492162341 4910.40258814774 4908.61242671619 4916.32507307908 4979.16503879485 5012.86999484039 5015.16003433418 4972.45239291964 4935.67492690788 4960.64501952272 4982.68249468944
-9999 -9999 -9999 -9999 -9999 -9999 3825.83001692882 3797.97753912449 3579.32501255462 3477.60003648904 3813.75500480412 3951.8800052888 3989.75500468925 4061.88006604838 4078.65258811012 4012.37493928136 3898.21002222563 3714.20251512929 3593.72247319829 3568.61492925858 3572.6450194742 3761.20995942365 4124.65747068928 4181.73999094235 4100.86492913543 4133.48754908556 4119.96752942463 4091.60742147798 4131.99499452625 4133.37493891677 4099.5050049015 4141.38250729692 4175.78503406078 4230.64746072699 4240.68493657497 4232.57751463203 4238.7275388071 4284.99255316907 4361.04260243799 4410.93505805891 4486.84997517244 4598.59741189898 4606.90502899954 4604.11254924816 4641.98498503549 4669.81750427951 4765.80493099087 4859.65502909465 4874.39501958682 4873.53002908671 4883.09497063981 4893.93505837334 4937.98498524482 4950.58007817466 4943.03247067614 4936.2849124092 4861.82006856708 4813.06237803188 4828.73242182817 4845.37500002285
-9999 -9999 -9999 -9999 -9999 -9999 -9999 3640.42504914627 3373.53247079255 3463.82250932869 3754.19494613594 3728.02246104486 3787.49249285664 3794.34246833311 3759.61999505173 3689.83746354795 3566.8724977141 3487.08758561871 3458.4199829429 3471.67004369694 3749.21746771569 3971.55249009511 3898.87249781836 3832.79248056155 3859.1824952099 3898.15002458225 3915.95996099201 3906.59753409929 3887.66998277606 3911.37744144155 3926.17999271295 3975.26507551891 4009.73248315523 4013.41003416114 4036.24243158526 4041.95245346113 4070.49743606765 4141.03247024381 4223.79992620265 4317.27990715533 4396.95251419068 4442.21008291014 4440.42004420927 4454.00244126764 4472.90747058834 4523.76245085716 4622.46240230248 4727.91992129128 4834.98254375283 4831.72241235646 4778.01257299345 4749.63256805291 4809.09497088624 4811.09985331549 4819.58496092176 4783.70764168531 4768.06494183161 4745.08496105145 4746.74243118725 4755.19494652684
-9999 -9999 -9999 -9999 -9999 -9999 -9999 -9999 -9999 -9999 3295.74249262849 3334.93255612703 3379.8799438003 3424.57995598077 3448.2049559975 3456.97497565086 3409.91247570832 3356.03497328454 3343.07244873753 3368.60253901303 3457.3249505601 3578.8199462402 3597.32745348895 3636.78002920949 3677.69000240263 3691.00256337869 3705.24499511185 3705.00500478589 3715.63500961048 3761.10003652148 3781.0424805087 3790.55249016929 3827.17498762484 3885.52746563461 3937.244933864 4041.18493609787 4197.71264620072 4128.12011673631 4139.57250983605 4143.95739718941 4221.10986287863 4275.12499978432 4321.60754369339 4355.25988761908 4383.85742179017 4420.92749014695 4458.3599852945 4564.34509151127 4743.19250430888 4692.63256934309 4608.90258853016 4605.75512663194 4627.26745587445 4635.72253408733 4652.73254390347 4644.72509765575 4612.20007341838 4596.04748561525 4586.08239738639 4620.00244135032
-9999 -9999 -9999 -9999 -9999 -9999 -9999 -9999 -9999 -9999 -9999 3216.81750488475 3235.66253658653 3273.58746334166 3292.44750978988 3276.1849976385 3245.51501470838 3246.53753657506 3272.13507078194 3274.26251222635 3311.08251931963 3396.53002914358 3447.20501697243 3522.36755333049 3687.94244368726 3700.26001035268 3545.65252681092 3575.08752407821 3697.55999721187 3803.11248729608 3889.71997032171 3884.77258308261 3953.04754613455 3950.21997051126 3961.70245355462 3932.04254136946 4001.01751663537 4198.99243093272 4196.1925052621 4131.73998998196 4161.14746088651 4203.36999479561 4261.54003877822 4354.04748460886 4383.29003850545 4492.20983864742 4529.44006363349 4567.52258270396 4694.48998981853 4544.47253586875 4454.33996571298 4483.90246582024 4483.8225097028 4517.03991671951 4508.72009272731 4528.70495604936 4520.38000502823 4502.05761732534 4510.02502438969 4519.78002915495
-9999 -9999 -9999 -9999 -9999 -9999 -9999 -9999 -9999 -9999 -9999 3132.77752683273 3149.18255615763 3147.93499755509 3144.40747070302 3147.9674682882 3151.92999263463 3177.29254147401 3185.14251707745 3188.55505369409 3207.77252188789 3269.71252425966 3424.57745315488 3474.70745888397 3404.54498313151 3399.61248800072 3409.99255363619 3520.27502401621 3571.96002189941 3549.84747334574 3576.72998043694 3598.98998998937 3652.15252675758 3718.83758463858 3877.27258212761 4048.64001391219 4119.61743098737 -9999 4141.03753645797 4193.87756334285 4255.95996029713 4351.76757797444 4420.58996611634 4418.34240696268 4498.33752389028 4569.57006766073 4631.22497521679 4622.73486350467 4452.37011751243 4381.33496135812 4380.1674804367 4391.65734866021 4391.16247556656 4388.72509772757 4405.14746078919 4415.78491197344 4421.87744154486 4421.67736807181 4428.08752437047 4425.52001939357
-9999 -9999 -9999 -9999 -9999 -9999 -9999 -9999 -9999 -9999 -9999 3072.01245121776 3064.66998289432 3065.35504147894 3077.40509032113 3084.33502196557 3090.89251708414 3098.80755613641 3106.71502686301 3107.24749755766 3114.11999510347 3232.37994395292 3193.44995144001 3209.85504139801 3254.9049681425 3294.16503904953 3317.70251465137 3358.55749516522 3443.77252098128 3637.63507074667 3654.7700196527 3620.45495453354 3761.83508194828 3910.55248997661 3943.27001932784 4052.14257771706 4187.54992644614 4257.60498060799 4247.27502404972 4348.75244115414 4392.54248022693 4474.30248950418 4529.52258321165 4556.26745569664 4554.02502455621 4586.58752441192 4562.06994685784 4416.83508358564 4279.76501468566 4281.82751451862 4303.04748555213 4321.33251948802 4315.98999007709 4304.18737799387 4295.86254874075 4298.75244136379 4317.0300294124 4325.66259773919 4325.53503415108 4333.48254375446
