socal_rasters/PETWarmestQuarter_SPHAsouth_aggfac2.asc
NCOLS 210 
NROWS 130 
XLLCORNER -119.45 
YLLCORNER 32.483333333 
CELLSIZE 0.0166666666666667 
NODATA_value -9999 
[rows 0 to 25 of 130, columns 0 to 59 of 210]
-9999.000000000000000 -9999 -9999 -9999 -9999 -9999 -9999 -9999 -9999 -9999 -9999 -9999 -9999 -9999 -9999 -9999 -9999 -9999 -9999 -9999 -9999 -9999 -9999 -9999 -9999 -9999 -9999 -9999 -9999 -9999 -9999 -9999 -9999 -9999 -9999 -9999 -9999 -9999 -9999 -9999 -9999 -9999 -9999 -9999 -9999 -9999 -9999 -9999 -9999 165.794998144086 -9999 -9999 -9999 -9999 -9999 -9999 -9999 -9999 -9999 -9999
-9999 -9999 -9999 -9999 -9999 -9999 -9999 -9999 -9999 -9999 -9999 -9999 -9999 -9999 -9999 -9999 -9999 -9999 -9999 -9999 -9999 -9999 -9999 -9999 -9999 -9999 -9999 -9999 -9999 -9999 -9999 -9999 -9999 -9999 -9999 -9999 -9999 -9999 -9999 -9999 -9999 -9999 -9999 -9999 -9999 -9999 164.285003622071 171.534996050943 168.715000103142 165.409999893911 162.695003514439 160.102500951468 -9999 -9999 -9999 -9999 -9999 -9999 -9999 -9999
-9999 -9999 -9999 -9999 -9999 -9999 -9999 -9999 -9999 -9999 -9999 -9999 -9999 -9999 -9999 -9999 -9999 -9999 -9999 -9999 -9999 -9999 -9999 -9999 -9999 -9999 -9999 -9999 -9999 -9999 -9999 -9999 -9999 -9999 -9999 -9999 -9999 -9999 -9999 -9999 -9999 -9999 -9999 167.64999769241 163.227500946587 161.227500908882 171.402500106023 173.969997437021 164.687500041532 161.9824981397 161.889995597902 161.472503616636 168.415000900594 173.822498331799 172.385002137374 -9999 -9999 -9999 -9999 -9999
-9999 -9999 -9999 -9999 -9999 -9999 -9999 -9999 -9999 -9999 -9999 -9999 -9999 -9999 -9999 -9999 -9999 -9999 -9999 -9999 -9999 -9999 -9999 -9999 -9999 -9999 -9999 -9999 -9999 -9999 -9999 -9999 -9999 -9999 -9999 -9999 -9999 -9999 -9999 164.147499035639 171.342498779567 163.262500811321 157.029998808597 158.732498116737 162.135002159428 163.982501987596 170.267501803932 176.227497104594 170.414997145926 163.892498035972 165.372501413933 159.645004285835 162.349998383908 172.207496693681 162.814998621924 163.065006242431 165.332500473997 -9999 -9999 -9999
-9999 -9999 -9999 -9999 -9999 -9999 -9999 -9999 -9999 -9999 -9999 -9999 -9999 -9999 -9999 -9999 -9999 -9999 -9999 -9999 -9999 -9999 -9999 -9999 -9999 -9999 -9999 -9999 -9999 -9999 -9999 -9999 -9999 -9999 -9999 162.779998769808 163.815002485795 156.002502422752 163.450000743092 168.227504720833 172.525001536859 163.790000949922 156.347503696399 157.802501664552 162.874999989207 166.139995572953 165.084999088912 170.297496750268 -9999 175.092502611713 171.247497577635 166.332500482097 166.132499665502 175.029998786651 167.707496664346 165.202503186381 169.01250074724 172.18500134606 174.179996462773 -9999
-9999 -9999 -9999 -9999 -9999 -9999 -9999 -9999 -9999 -9999 -9999 -9999 -9999 -9999 -9999 -9999 -9999 -9999 -9999 -9999 -9999 -9999 -9999 -9999 -9999 -9999 -9999 -9999 -9999 -9999 -9999 -9999 -9999 149.820003501718 152.215000147447 155.517501794283 167.312499985051 165.275001565042 166.827503180493 168.27000045686 172.56250000143 168.364997886672 162.112499251388 165.292503309795 167.97499847361 165.540000924127 167.694999716133 169.410003666645 173.317501048531 -9999 175.61500168512 174.645000444687 176.275001491698 174.294998167313 174.602497093704 175.377498606417 177.629997252771 177.39749911505 173.665000953058 168.277500179341
-9999 -9999 -9999 -9999 -9999 -9999 -9999 -9999 -9999 -9999 -9999 -9999 -9999 -9999 -9999 -9999 -9999 -9999 -9999 -9999 -9999 -9999 -9999 -9999 -9999 -9999 -9999 -9999 -9999 -9999 161.260002187121 152.112495417282 154.985000614446 152.327503235331 144.062503829681 150.899997669228 158.767498001761 163.22000119665 168.694999697031 168.384998289784 171.117504101431 172.752498625798 171.052497856505 172.570003502045 169.302497908934 165.734996785924 169.32999799798 173.032501217483 174.542503364572 -9999 176.214996341458 177.172504417625 -9999 174.715003958398 175.837497718205 176.150001536264 174.064998638253 170.459999114119 165.845001240701 163.405002626487
-9999 -9999 -9999 -9999 -9999 -9999 -9999 -9999 -9999 -9999 -9999 -9999 -9999 -9999 -9999 -9999 -9999 -9999 -9999 -9999 -9999 -9999 -9999 -9999 -9999 -9999 -9999 -9999 148.682498908461 161.252494762805 156.96000295786 150.122501349926 158.444999678444 156.524997733696 146.072502174533 144.87999725091 149.157501203176 153.600002276789 160.01000211719 162.012504530842 167.927501643941 172.005004881307 172.527500146948 170.724998503609 169.185001379834 167.905002600163 169.612499240657 172.989997839555 174.990005488257 175.547504424529 -9999 -9999 175.555000305577 176.060001362974 176.987499217758 176.045002010558 172.212501537369 167.837501537134 167.540000890172 167.962501468334
-9999 -9999 -9999 -9999 -9999 -9999 -9999 -9999 -9999 -9999 -9999 -9999 -9999 -9999 -9999 -9999 -9999 -9999 -9999 -9999 -9999 -9999 -9999 -9999 140.212497699369 144.287502272336 147.770004272059 150.864997855161 161.16250225826 165.487499247735 159.994998972058 154.102497113125 158.102497070023 159.387500777041 150.880004927667 149.335002870635 155.00749967207 156.019996649652 159.459999041471 166.332500441661 169.580001808553 171.39250183371 170.86499785955 171.032497397242 170.779994965449 171.922496798998 171.992500315163 172.735000591308 174.689998620876 175.227504728098 175.712497707662 175.717498774233 176.69249725006 176.604999546833 177.394996626937 176.502498641915 174.932498936685 174.312496180417 171.667499559159 174.415000881213
-9999 -9999 -9999 -9999 -9999 -9999 -9999 -9999 -9999 -9999 -9999 -9999 -9999 -9999 -9999 -9999 -9999 -9999 -9999 -9999 -9999 129.655002580243 136.275001519349 141.01000212129 138.717502603656 139.912498470248 141.472499838835 146.159999828192 153.375003800002 160.534999817779 166.83499909047 162.494995128073 163.192501070194 161.347499863945 156.544998197137 150.30750271171 160.152500111717 161.200004585227 163.497497536654 167.579997995844 169.85750199126 -9999 171.292499539436 171.079998019348 171.565002431804 172.107501988898 170.749996183794 171.747497545036 173.767501820545 174.627498627229 174.742496483681 175.817497251009 176.154998778495 175.757495875786 177.544998164471 176.76750184499 177.285003655097 176.957496658383 176.700000754674 178.252498622448
-9999 -9999 -9999 -9999 -9999 -9999 -9999 -9999 -9999 -9999 -9999 -9999 -9999 -9999 -9999 -9999 -9999 -9999 -9999 150.760002133696 145.417499563427 137.199996948938 143.137500743156 150.402500147179 146.154998796698 138.412498490165 140.647499072353 143.835002887722 150.957500434879 160.854999513561 165.792499545409 162.934997545603 163.127502446772 157.907501260136 151.330005679543 150.674995389219 161.150001482533 163.814994838215 164.410003656818 166.985004401671 169.584999083699 -9999 -9999 170.975002285164 171.490001676937 171.174999236018 172.107498161177 172.899997708098 173.275001522453 174.092498780478 173.797500604422 175.179996483301 175.567497256776 175.985004420963 176.772495260566 176.982498175145 177.377498629676 177.307498927109 177.70249938289 178.37250519134
-9999 -9999 -9999 -9999 -9999 -9999 -9999 -9999 -9999 -9999 -9999 -9999 -9999 -9999 -9999 164.932502747632 163.83249664576 162.122501374745 159.122501376842 156.972499861095 153.8400001603 153.812499986723 154.24499892669 158.540000918758 150.894996673806 145.592498790184 139.994998956681 142.085002873597 153.047500556171 164.389999373761 164.912494647574 165.485000607765 165.212501537388 156.919998167668 156.995002786434 157.317501040294 163.030002573577 167.080001835207 162.05500033774 161.009998296947 167.992504102667 167.877498640933 169.457504268038 169.905002593828 169.782497413016 170.332496630948 171.590000149925 172.432502743272 172.700000762106 172.775001528147 172.804996484886 174.317504878043 175.092502592139 175.054996490274 176.124996179683 176.624996184985 176.957504271328 177.267501830231 176.722503670654 176.485000613305
-9999 -9999 -9999 -9999 -9999 -9999 -9999 -9999 -9999 -9999 -9999 -9999 163.622501371369 164.597499849076 163.912502289332 163.582500459613 162.970001221805 162.610000608948 162.715000154107 161.905002597009 161.582500457039 162.680000301112 161.912502292019 157.867500322835 151.052497884899 146.74749758526 141.709999072935 149.157501200089 155.334999044256 163.069999688739 164.684997561739 161.092498772231 163.692501091289 163.480003343949 162.6650047322 164.174999236856 165.412494646427 166.92249679927 164.349998478605 166.56999967793 167.677494037434 166.537498474003 168.652496338337 169.392501824949 170.172500606656 170.299999233412 170.942501063899 171.235004424868 171.755001068301 171.284999852327 171.692501063246 172.662502288082 173.615001674257 173.917503353308 174.872501372823 175.565002440347 176.137500761591 176.292499541523 176.455001833289 175.652503976999
-9999 -9999 -9999 -9999 -9999 -9999 -9999 -9999 -9999 158.167499539306 159.807498935182 160.730003350959 162.685001372861 161.530002595438 161.195003511736 161.217498777861 160.157501220497 160.23250198289 159.43999862812 159.925003047028 161.505001064905 162.857501982267 162.842498780693 160.202503209349 153.605003366761 154.279998770633 155.862499257736 159.575000746556 159.755001036008 163.684997560453 162.055004127208 159.185001366014 164.579998016047 164.412498468077 164.924999237522 165.029998772722 164.912498484191 165.145000449458 165.690002439641 165.582492825012 164.692501068617 166.489997857034 168.017501824521 168.599998471878 169.082500453727 169.444999684226 169.602500917347 169.467502596215 169.485000612759 170.299999225342 171.867496489563 171.889995574165 172.334999078859 173.032501216362 173.47249603079 174.364997856034 175.192497258219 175.562499994675 175.999999996761 176.292499544793
-9999 -9999 -9999 -9999 -9999 -9999 -9999 -9999 152.352497101862 156.729995723711 156.329998013007 159.537502291158 157.090003966379 157.567501068233 157.505001074456 156.20249939268 156.829998011758 156.652500145922 158.422504422204 161.684997557775 161.784999845456 161.592502595985 160.792495724726 161.777500151534 160.680000307655 161.200000761721 162.159999846299 162.559997557754 160.662502294072 159.174999244273 156.544998171275 156.48250198247 158.875003801668 163.117500297853 163.774997712302 164.052501675316 162.764999402751 161.47750472389 160.927501676005 161.592502593731 162.587501517721 163.247501364456 164.362499236209 165.00249861587 166.617496489757 166.77249908304 167.27750396955 168.402500150003 169.69749831519 170.787502283479 171.654994961804 171.989997860033 172.220001220603 172.467502594352 172.790004729288 173.780002592405 174.387500757168 174.810001368241 175.255001065546 175.652500146851
-9999 -9999 -9999 153.145000456902 153.785003662521 -9999 -9999 152.917499538249 150.404998773436 153.920001978291 157.575000762518 158.107501983874 158.799999236416 159.330001831235 159.172500610642 159.76250457703 160.225002288251 160.249999999098 160.227500914909 160.137496950792 159.292499544995 159.23999786381 157.369998937598 159.374999990577 160.297504423621 160.107498174569 159.562500001745 156.779998779453 155.682502749167 154.709999088866 154.207504270335 154.847499845938 155.372497557694 155.997501370828 156.972499846852 157.784996033392 158.147499082486 158.744998930811 159.59500121519 161.565002435223 162.64250182282 164.404998779694 165.722499843964 165.235000616914 166.382503512794 166.895000452726 167.215000150723 168.235000608629 169.21999740471 170.080001827463 170.587501528337 171.180004115153 171.690002440203 172.02500534078 172.185005184762 172.967498774369 173.65499877455 173.609996789506 173.939998620453 174.162498465316
148.83499908427 151.22250366204 150.387500763284 152.384998321146 152.627498627349 150.725002290655 -9999 150.30750274075 145.702499388813 154.627498624813 156.357498167753 156.732498170165 156.760002136948 157.972499845285 158.240001678218 158.467498779933 158.395000458646 158.389999392422 157.939998621377 157.309997556101 156.365001676785 156.35499955451 154.777500148357 153.49000167268 152.680000315844 151.957500456279 152.167499543882 151.642501830714 151.542499541665 152.167499540406 152.755004880251 153.979999539169 154.990001670773 157.299999227593 157.599998472276 159.49249648143 162.182498928713 161.474998469323 163.329998017607 164.162494653127 162.892501842772 161.930000307793 163.38999938965 165.325000756959 166.705001829015 167.060001374334 166.799999244785 168.224998473214 167.442501079367 167.682498929287 168.852504731816 170.137500759351 171.020000457062 171.027503964783 171.640003201744 172.052497860644 172.684997556868 173.195003508094 172.967498785944 171.267498029595
-9999 144.685001373264 146.480003355049 150.027503966627 151.957500457484 152.142501831269 152.567497253833 148.935001378504 145.709995267096 150.117504128626 153.472496029074 151.907497408629 154.014999382128 156.457496642099 156.947498321104 157.314998626857 154.589996346205 154.099998478229 154.287498469194 153.827499396591 152.407501225926 153.502502459609 150.045001981579 148.427501678085 148.485000610912 148.659999846487 149.197502133169 149.752502437809 150.880001062292 152.829998009261 153.732498163443 155.932502749258 158.992496480086 160.740001681217 161.374996186422 161.067501058593 161.932498934219 162.522502900351 161.919998171739 160.737499245923 160.930000293964 162.154994964759 160.515007034139 161.034999834786 163.82749938867 163.627498638133 161.784999849365 161.547500596066 163.422500603728 161.575000766056 162.332500423968 166.529998767595 169.615001673856 170.555000302928 170.969997406526 171.319995876418 171.607501979704 171.877502446072 167.920002019164 162.56749726279
-9999 -9999 -9999 145.115001675523 147.219997404196 150.737499235324 151.615001678715 152.052497864822 146.877502450279 141.582496640844 146.042503354796 149.22999954195 153.432498927552 155.26499938872 155.190002441268 155.805000306241 153.822498326966 150.290000915662 149.559997554393 149.422500620126 146.440002445204 145.634998323381 145.507495878431 146.825000753652 151.057498926199 155.297496786328 156.897499080145 155.25250243912 155.645000438007 158.002498620991 158.987503049051 158.742500305206 159.157497403431 160.055000302362 160.689998626775 160.852500914545 161.459999083079 161.782505036367 161.340000157293 161.400001527765 161.220001213435 162.597499838973 163.807498930952 164.212505338043 164.452499394534 164.342498767526 164.532497409335 162.805000310435 162.11750030948 157.992500332061 156.982498141708 162.674995382444 165.555000311592 167.982501967249 169.097499842782 169.112499229803 170.08750151331 169.237499253036 166.327503183958 167.405002577972
-9999 -9999 -9999 137.382499695273 139.374999996561 143.642501825507 148.402500154839 147.097499847948 144.747501377016 138.772502897491 148.509998315558 150.937499997506 151.345001222493 153.602497100172 154.27250289874 153.837501522402 152.297496800237 148.419994367376 144.074996949972 143.317501068766 142.979999542314 143.427497857961 147.937499989973 154.957504266248 156.284999842032 156.582496642457 156.365001677403 155.37000275094 153.632503509767 155.700000762094 155.867500301012 156.624999999097 156.797500612988 157.384998321213 157.807498934288 158.542499542472 158.922500603625 160.054996484965 160.889999388766 161.187496184963 161.967502595425 162.102500917865 162.817501062069 163.507503506988 163.987499235828 164.687499995613 164.215000155251 164.257499703847 163.05250548969 163.747501375323 159.08999636219 158.507499704413 157.772499068383 162.007499667294 164.805000290087 167.727497075451 169.937503810436 170.222499846039 170.634998318182 171.09249877549
-9999 -9999 -9999 -9999 -9999 -9999 144.204998012254 144.145000458807 139.119995125484 136.812503811314 144.990005491057 148.082496651337 148.907505031616 150.479999544532 150.985000614063 149.887496953613 147.607498174317 143.444999705951 140.65999984872 140.200000764131 140.300003050115 144.624999965932 152.192501068395 152.927497873529 151.832496641688 152.290000920933 152.194999696647 151.782501213063 152.430004108498 152.652500152898 151.907497406676 152.799999235257 153.502502438336 154.635002131306 154.954998016226 154.882503509082 155.060005183529 156.087497700908 157.507495877812 158.512500752721 159.735000605249 161.367500302442 161.787502284558 162.152496341753 162.78749846949 163.434997553208 164.280002593551 162.249996201989 162.297500587527 164.727500911983 165.004997251007 165.172496805633 165.125000014233 165.332500434218 167.467498776019 167.494998916201 168.852497100345 168.615001677479 169.057498932165 169.485000607284
-9999 -9999 -9999 -9999 -9999 -9999 -9999 140.41999817636 134.000000002451 136.454998005343 143.470001217291 143.125000001998 144.640003207997 144.902500153914 144.147495268458 142.574996951465 139.939998631338 137.89250183528 137.27499771164 137.807498925426 144.115001665594 148.994995115011 147.504997258442 146.199996949856 146.817497255686 147.540000919324 147.992500305554 147.852500914134 147.520000456021 147.969997405667 148.312500000087 149.387500760623 150.11750031017 150.230003356101 150.712497709105 150.905002591147 151.562499990348 153.254997242677 154.792495717284 156.779998776958 158.145000449103 159.097499846342 159.360000613516 159.874999996096 160.382499692997 161.34499739949 162.767498016135 163.232501984776 161.560001374495 164.062496171741 165.177497860443 165.572498318337 166.137500759782 166.717494961177 167.189998623795 167.267501830895 167.412498476764 167.250000002196 167.710002893473 167.880001069251
-9999 -9999 -9999 -9999 -9999 -9999 -9999 -9999 -9999 -9999 132.257499693351 133.417507171203 134.664997099207 135.994998930132 136.584999083089 137.012493134862 135.924995425514 134.617500307966 134.345001220704 135.109996794985 137.337501510167 140.140003203116 140.747501370693 141.590000150301 142.72249984622 143.01000213443 143.302497864099 143.280002591316 143.479999538699 144.537498471277 144.852500916081 145.11999892984 146.114997859178 147.444999690731 148.507499689917 150.612503042777 153.724998470499 152.749999991051 153.005001067453 153.277500147271 154.9524993818 156.164997095917 157.142501824441 157.892501828189 158.662502285802 159.522499081563 160.372501371116 161.87249754558 162.722499849125 163.327499386766 163.449996953353 163.767498010114 164.36499785956 164.657497404525 165.112503050458 165.307498928865 164.919998170672 164.939998630223 164.840000151248 165.534999844913
-9999 -9999 -9999 -9999 -9999 -9999 -9999 -9999 -9999 -9999 -9999 130.437499999835 131.049995421169 132.162498472612 132.747497559631 132.397499086202 131.714996339465 131.787498472868 132.392498015457 132.654998779334 133.582500452304 135.789997097669 137.119998929479 138.887496939291 142.559997555227 142.740001690009 139.442501067431 140.127498619436 142.830001823274 145.16249846294 147.057498924694 147.110000612156 148.35499953715 148.434997553479 148.907497404392 148.377502439135 149.779998770168 153.64250181763 153.762500769591 152.810005182784 153.630001066723 154.469997398477 155.764999384454 157.457496630898 158.204998008199 160.010002133885 160.590000152411 161.042499536659 161.892494201521 161.76749803266 161.179996487586 161.667503355212 162.084999083871 162.757503504158 162.807498929543 163.287502288553 163.302501679383 162.992504122343 163.307498928812 163.542499538203
-9999 -9999 -9999 -9999 -9999 -9999 -9999 -9999 -9999 -9999 -9999 128.012498854526 128.634998321534 128.68999862671 128.822496413839 129.099994659631 129.237499236415 130.01499938878 130.174999236814 130.242500304934 130.83000182949 132.525001521775 136.232498158787 137.544998177832 135.897499089597 135.827495579262 136.172500608708 138.707496634587 139.867496488876 139.437500004367 140.139999388951 140.580001825764 141.88999938723 143.292499524489 146.765003188207 150.287502275567 151.840000142831 -9999 152.540000911778 153.577499386443 154.797500597167 156.404998775334 157.58749771179 157.979995721974 158.8149986228 159.372497550993 159.907497404719 160.362499235383 159.690002442426 159.297496798538 159.657501218341 160.037502287 160.2499999999 160.377506257483 160.772502896621 161.027500148826 161.240001680409 161.32250213409 161.535003658089 161.557502743117
-9999 -9999 -9999 -9999 -9999 -9999 -9999 -9999 -9999 -9999 -9999 126.634998322434 126.497501372968 126.659999846922 127.014999389233 127.340000151937 127.587501525359 127.887500762688 127.994998931884 128.049999236651 128.394998549984 131.442501070555 130.397502905333 130.935001370509 132.107498165694 133.090000150688 133.719997407473 134.647499085601 136.650001503512 141.107501982096 141.562503817292 140.845001186485 143.984996773008 147.112506861306 147.865001674712 150.107501975339 152.43500518297 153.712497711289 153.714996331422 155.104999539597 156.047500608612 156.799999234604 157.06249618372 157.665000918185 158.152500147617 158.652500148462 159.032497402144 158.619998936056 157.014999389648 157.422496792677 157.909999849629 158.577499388911 158.709999080062 158.562500002502 158.485000607542 158.607501983377 158.904998782641 159.222499850541 159.224998474344 159.557498927283
