socal_rasters/PETWarmestQuarter_SPHAsouth_aggfac2.asc
NCOLS 210 
NROWS 130 
XLLCORNER -119.45 
YLLCORNER 32.483333333 
CELLSIZE 0.0166666666666667 
NODATA_value -9999 
[rows 104 to 129 of 130, columns 120 to 179 of 210]
-9999 -9999 -9999 -9999 -9999 -9999 -9999 -9999 -9999 -9999 -9999 -9999 119.117498421481 118.362501092538 120.42000004522 125.177499724163 128.487499192366 130.674999192169 133.367504076373 136.177497836469 140.270000377822 144.095004998928 147.060005138742 149.969997395869 152.872501317973 154.659999838801 156.280002532456 158.379997226664 161.057498869081 163.349998474407 164.134998304581 166.685001287094 169.700004552306 171.067501040419 171.584999067068 173.402500134328 173.947498327358 169.717498856731 173.549999180467 179.060001229547 182.552497977923 178.537498436038 180.442501000629 184.095001192918 185.347499827153 183.977497207791 174.035003765107 176.659999778014 175.059997653819 172.810005242681 167.977501003587 164.265003163741 165.227497121086 160.582496720088 156.152500219724 156.94499968276 157.432498977548 154.070003501387 152.900001558257 152.605003351793
-9999 -9999 -9999 -9999 -9999 -9999 -9999 -9999 -9999 -9999 -9999 -9999 118.899999603098 119.007501604595 120.792501421978 124.044998125742 125.795000025214 129.689998603082 132.380001031887 135.44749828491 138.359996747367 143.124999935699 145.575000744165 148.712501471218 152.05000302196 153.697498310004 154.654998691185 156.427501662554 161.057502697955 163.029998755604 163.904998778435 164.154998747768 169.275001516271 170.962501490563 172.549999214641 174.784999826035 177.607501970644 178.875003769891 179.122501397352 181.610000534217 183.330001875796 181.755000998116 183.022495332914 181.692500907809 184.205001854612 182.979995778413 179.202499496621 177.930004111558 173.135002218589 166.492500266824 164.832496559565 166.405002591046 165.870002774578 157.719997478222 156.232498151787 161.489997917386 158.944999675952 154.365001676772 153.297496984981 151.350002265513
-9999 -9999 -9999 -9999 -9999 -9999 -9999 -9999 -9999 -9999 -9999 -9999 117.775001522084 119.182500807498 121.757499681342 123.640001269057 125.915000880345 128.882503482088 131.387496915848 134.352500879171 137.082496593841 140.430000266812 145.612499155572 147.747501366305 149.727500929737 151.830001795218 151.314998603493 156.192500996158 158.365001626296 161.390003198637 161.835002859805 163.529998759049 166.767497977197 170.027500109652 172.360000573182 174.642501778652 175.010002119796 176.729995673109 178.230003259487 181.107498246757 178.159996029037 176.270000548731 175.552497881612 173.96249760676 179.595001219763 178.902500226372 173.944999792421 172.639999468003 172.300003103554 170.187500001132 168.107498189616 169.770000423708 167.032497375539 162.792499593415 158.210002948812 165.32749920518 165.327499408687 162.264995653237 153.19499603486 152.014999407813
-9999 -9999 -9999 -9999 -9999 -9999 -9999 -9999 -9999 -9999 -9999 -9999 116.617500267859 117.867500287205 119.760000199863 122.722501731607 124.63500020308 128.165000881137 130.137500736363 132.990001636916 135.867500264266 139.277500102201 144.904994896851 146.667499579089 146.644996694383 149.934997505254 149.35749813412 153.840003926448 154.940002426661 157.075000744385 159.842498747833 162.534999802578 165.64249794808 170.002502392315 172.534999817323 174.509998299859 175.682498906934 176.764999393558 178.417499483072 179.617500304719 179.467498769643 178.177497931454 172.862495598753 165.857501885151 177.417503230513 179.962501559848 177.244998943331 169.897499249969 166.985000569171 170.082504160646 172.50749970573 170.602501053876 169.174999288769 166.315002504679 165.0174979992 168.892497926051 166.909999898634 159.370003020082 153.342498793101 150.685001412019
-9999 -9999 -9999 -9999 -9999 -9999 -9999 -9999 -9999 -9999 107.952501253019 114.909999738191 116.017500031857 116.124999924806 118.742500295545 120.799999193339 123.432502705275 126.472499820241 128.937501864642 131.327499373002 133.552501629241 137.18499750429 142.93749611633 147.027500050527 143.234996779927 145.377498589066 147.904998761116 150.540000879479 153.174999201902 157.267501730718 161.900005323335 164.097503618576 166.020000394873 169.492504077523 171.755001029176 172.885002142762 172.597499849952 175.145000377772 177.907501213592 177.992500311723 177.860000618013 178.079998022832 177.880001078043 176.280002501586 179.860000602813 179.859996774484 179.397499131363 174.189998746632 170.712497776646 171.044998205191 170.737499268152 165.582500661602 160.659999813487 165.510002086871 169.277500102776 170.780002732722 163.660000044558 157.042499624761 154.477500906496 151.270000561268
-9999 -9999 -9999 -9999 -9999 -9999 -9999 -9999 -9999 -9999 -9999 115.144998500449 116.340000193319 113.587499534796 117.452501267592 119.76250073073 122.442499122065 125.272500963075 128.004999127182 130.297504401476 132.082500396734 134.915000882565 140.579997968198 140.805000237498 148.797496714126 149.719997443234 150.877498618738 151.652500117245 152.874999960304 156.582496579839 161.067504833819 164.232498111239 166.590000117648 169.154998749988 170.450000744059 171.944999666618 174.062499975348 175.860000587798 176.077503221747 176.747505175654 177.729999535801 178.344997386579 179.354999544719 179.464996365675 179.06249615248 180.719997370301 179.414997157732 176.247497600646 173.590000202774 172.060001393356 168.375000098965 166.470001319594 164.737499224051 169.547500550557 168.77750006013 171.032501273145 166.550003192287 160.852497155564 151.692501104413 151.317501044638
-9999 -9999 -9999 -9999 -9999 -9999 -9999 -9999 -9999 -9999 -9999 107.67499922978 109.950000742955 110.132499720188 113.702501208013 117.697498295016 120.707498509629 124.242498336266 126.624999965623 128.572500217562 128.787500268667 129.262498837355 133.67499525449 140.437496086255 146.247501266931 150.264999408263 151.77250286882 154.34999842906 152.78250120043 155.489997821808 158.642494155829 162.044998122955 165.427497812962 168.282497390326 169.715000132529 171.665000876633 174.490001659642 175.922500587046 177.257499693764 176.735000575329 178.034999861508 178.232501967145 180.147499090833 180.935001364238 178.327499498167 175.824996934022 174.377498580773 174.584999135321 174.910003664682 172.669998220079 172.792495668126 169.084995309396 170.847499759306 168.737495484475 167.73999795806 165.22499855823 165.707500293476 167.037498668147 153.170002057941 154.180003941995
-9999 -9999 -9999 -9999 -9999 -9999 -9999 -9999 -9999 -9999 -9999 -9999 106.117500289111 -9999 109.874999959167 115.272499032602 118.842500621622 121.449996935115 125.215000133548 124.649999583903 125.277500186254 128.694999569464 134.767497949834 142.337497649122 144.875003802834 147.597495993126 149.942501029653 152.897499037018 152.772499074691 155.052505452487 157.854999505169 160.932502698711 164.417495679934 167.062499992233 169.579997996003 171.704997980432 173.38249964298 175.667499517426 175.95750045973 176.777500112541 -9999 179.767498034704 181.790000917389 182.242496490322 182.747501361828 180.197502166722 178.729999553681 177.062496199854 178.042499564596 180.795001998209 178.669998413425 171.459999107063 167.110004517598 167.855003346663 165.532501254521 163.090000126451 160.377498638 168.479995976302 157.342498899777 156.892497736861
-9999 -9999 -9999 -9999 -9999 -9999 -9999 -9999 -9999 -9999 -9999 -9999 -9999 -9999 107.387500741496 112.00250047184 115.702501294263 115.117500301108 117.204999890122 121.734998573289 125.862499177907 129.2325019084 134.10250083431 137.702503168315 142.202499350333 145.110000571736 148.719997370761 152.590003889555 154.740001666273 156.202499344118 159.117500267103 160.479999494509 164.54999537636 165.424999293918 167.134998257815 170.180000275485 172.344997352519 174.549999221122 176.267497975653 177.425003054194 177.045001956982 176.699996935599 175.674999195795 178.915000871198 180.507495844164 180.527503955121 178.057498981952 177.217506396699 183.149997623997 180.555000465052 168.755001189217 163.965000092991 165.88500215204 164.882503519957 166.557498952375 164.887496960137 165.027500132873 176.212501605013 164.532501238934 162.590000015836
-9999 -9999 -9999 -9999 -9999 -9999 -9999 -9999 -9999 -9999 -9999 -9999 102.852500892126 104.27499770175 105.649997685244 109.26499930376 112.809997532795 116.112497257388 122.234998662543 125.417499493627 127.757503477732 130.292499487796 134.322498262083 137.107501937474 140.337501489874 145.03499980074 146.760002110775 150.489997826312 153.930000255839 156.172496771533 157.094997384454 158.654998743718 161.674995417413 163.962501450703 167.677501592477 169.932498889575 171.892498012921 173.120002749589 172.584999099301 175.402500104927 176.409999835154 177.085002881902 177.175003055792 174.564998672599 175.314998551641 177.224998449473 178.882499683539 182.032497281445 183.444999772034 178.595001270219 173.412498553393 166.500000071715 164.555000255771 164.854999543562 167.784995960747 166.802497912526 169.402499938764 180.075000696174 174.247497839601 168.812500038558
-9999 -9999 -9999 -9999 -9999 -9999 -9999 -9999 -9999 -9999 -9999 -9999 103.487499223019 103.79249954007 104.227498986478 105.864999750164 111.395000381146 116.382499678155 119.594999292464 122.772500967983 125.104999480805 127.882501582856 131.825004479415 136.354999519496 139.337497674349 142.292499489313 143.540000895388 147.99749747171 151.665000859953 154.154994935769 153.957504245595 157.047500589091 159.557498885153 163.650001460815 167.65000148517 169.507499667064 170.709999070429 172.185001366675 172.987499240541 173.540004711343 174.677501661459 175.840000106951 176.600002260894 172.777500391876 172.249996036737 176.520000420475 180.124999931969 182.912498370344 180.377502593096 176.717498813117 170.805000529149 167.755001098571 163.184997344181 171.860000518587 174.152500230384 167.947498318014 171.659999656333 181.555000265862 179.352497222332 171.524997638864
-9999 -9999 -9999 -9999 -9999 -9999 -9999 -9999 -9999 -9999 -9999 -9999 104.512498906315 101.747503246865 -9999 -9999 106.475000359318 112.354999491306 115.704999858124 119.372499465275 121.089998198024 124.792499489958 130.154998695767 134.390003137218 137.697502094983 140.572502108588 141.904998700135 149.272499079825 150.362503025246 152.735000593795 154.332500350154 158.592498762087 161.710002857243 164.694999647345 167.17750165413 169.047500578732 170.837497686529 171.182498898655 172.992496482762 172.332500457612 172.985000583078 173.174995424831 170.80499651561 170.217502591028 177.087497565601 181.642497951739 184.057502745152 182.99499893956 178.947498269578 181.009994546319 178.415004778405 170.774997897178 166.282497380483 170.544994225051 179.122497499454 177.212497892301 175.960002785602 181.827503231628 178.197498348629 179.500000022964
-9999 -9999 -9999 -9999 -9999 -9999 -9999 -9999 -9999 -9999 -9999 -9999 103.46999758487 -9999 101.285001733702 -9999 -9999 108.23250004466 112.364999713735 115.102498983009 118.732501947026 122.23500054389 126.6149996982 132.045001931857 136.002498547939 139.087501558799 140.340000096084 143.597499814603 -9999 149.914997039459 158.292503313975 160.842502571576 162.422504394041 164.377498595496 166.322502115729 168.417499500225 170.209999059671 171.514999349652 173.352497070718 174.434997558594 172.737499338344 171.905002535716 174.507499675433 176.11000055603 179.674999203452 180.415000891829 184.552501636664 182.625003935904 181.102500943677 179.602500969735 176.802497922855 174.487499242464 171.527500214344 168.927497778467 177.76250445386 -9999 181.657501178408 181.185001267891 179.965000009442 178.292499657223
-9999 -9999 -9999 -9999 -9999 -9999 -9999 -9999 -9999 -9999 -9999 -9999 -9999 -9999 -9999 -9999 104.612499212172 -9999 -9999 113.330001800424 116.645000414305 120.54750246245 125.462497642752 130.959999012687 136.242500225854 137.877498615178 138.570003446024 -9999 148.282504871373 154.852500891693 159.549999229014 160.849998461104 160.947502083093 163.930000273523 165.587497704544 167.14750284736 169.452503180291 171.517497985533 173.077499376181 173.652503960128 171.385002135312 172.907497357749 173.647499157543 173.66999816114 176.610000503558 180.037498434148 183.674999187787 184.659999848052 184.864997849615 183.170002028305 182.327499408369 178.342498890469 174.032501196825 175.11000071901 -9999 -9999 181.742500343763 179.169998159794 179.189998661131 177.997501312114
-9999 -9999 -9999 -9999 -9999 -9999 -9999 -9999 -9999 -9999 -9999 -9999 -9999 -9999 -9999 -9999 -9999 -9999 -9999 -9999 115.297500564882 119.415000873651 123.642499853645 129.162502214979 131.792499497127 133.222499850052 136.577499336361 141.18250264956 148.984996681954 153.659999838564 155.829998006876 156.470001192357 160.45750420098 163.704997990273 164.540000908448 166.302501638534 168.622501354914 170.470001176497 172.579997995779 173.897499065439 175.377498598669 174.497505182284 174.629997274516 174.285003688957 175.412498443811 178.567501018031 181.914997054418 181.2849998682 180.415000941267 183.472499828806 185.157497414309 185.567497269957 187.959999058452 188.045002071429 176.014999276698 177.034999868524 179.585002889398 181.502502362269 179.132495898019 183.18500134313
-9999 -9999 -9999 -9999 -9999 -9999 -9999 -9999 -9999 -9999 -9999 -9999 -9999 -9999 -9999 -9999 -9999 -9999 -9999 -9999 114.49999995681 117.879999122402 121.277502007561 125.574998800244 128.357500015734 134.349998426339 139.289997047124 143.137500693236 147.36000434821 150.884998275575 153.365001664387 155.962501443008 161.067501026042 163.400001498329 163.297500614629 165.152496301817 167.189998574118 170.060001340813 171.822502111868 173.844997378597 175.157501190211 174.149997749419 173.269996652685 172.552497885778 176.005001005611 179.994998863 183.479999581656 182.125000019828 181.727500881587 183.077499358742 181.835002996507 180.472499793547 185.690002440419 180.79750067677 184.284996022384 184.769996592131 181.827499386448 184.112499147081 184.667499511393 185.697498419383
-9999 -9999 -9999 -9999 -9999 -9999 -9999 -9999 -9999 -9999 -9999 -9999 -9999 -9999 -9999 -9999 -9999 -9999 -9999 -9999 113.552501643995 117.289998949552 121.309999407989 125.645000375566 131.139999299429 136.062499943466 140.137500714408 143.395000424813 146.607498129675 150.037498442008 151.534999808333 153.790000873296 157.107505755103 160.177501633773 162.290004701315 165.482501935099 167.70250316804 169.709999052296 171.442497221491 172.982494336433 174.77499769494 175.412502301923 174.085002906306 172.892501838701 176.395000400913 181.067500944091 183.577499410789 180.817504896724 180.1650009403 178.800003043343 180.907501180823 184.032501134091 185.512500773314 180.685001520044 174.012500846402 175.090000040668 182.099998337973 187.375003766911 188.505001021422 188.767501827456
-9999 -9999 -9999 -9999 -9999 -9999 -9999 -9999 -9999 -9999 -9999 -9999 -9999 -9999 -9999 -9999 -9999 -9999 -9999 -9999 -9999 116.677497818516 120.995000767132 126.067500997836 131.229999464156 135.672496737175 139.105003335115 142.155002547243 146.064998565748 148.850002279969 150.197498249553 -9999 155.634994464035 158.845001183482 162.802497800494 165.244998891803 165.885002094993 169.072502108413 170.659999824412 172.472499825028 173.729999507913 175.422500595396 175.257499723524 176.862499216302 178.454997985892 181.985000532936 182.312500012874 180.222499824546 178.145000565537 181.147498970392 183.864997845865 184.092498781752 182.847499902579 176.354999810234 170.540000922525 174.782497259403 183.880000868948 188.662498441416 190.522502865258 190.955001843735
-9999 -9999 -9999 -9999 -9999 -9999 -9999 -9999 -9999 -9999 -9999 -9999 -9999 -9999 -9999 -9999 -9999 -9999 -9999 -9999 -9999 115.845001165858 120.360000537434 125.190000438709 130.052497804865 134.365001637906 138.720004961834 141.312499955644 144.720001173636 146.584999080477 148.237499189506 152.169998102996 157.922500570607 160.715003920685 163.16249844418 164.549999238545 161.784996034509 166.292499518631 168.770000438396 170.957500412235 173.105003322304 175.072498281292 176.387504558865 178.447498267058 180.589996325955 181.979999544133 182.33000185744 181.152500157865 181.489997853152 182.290000903877 182.967498772623 182.632503522784 181.605003346723 180.165000828401 178.017501953165 182.025001409601 186.802501515525 189.840000121747 189.957500441916 187.187500100592
-9999 -9999 -9999 -9999 -9999 -9999 -9999 -9999 -9999 -9999 -9999 -9999 -9999 -9999 -9999 -9999 -9999 -9999 -9999 108.577497452868 -9999 115.467500642473 119.270000389743 123.962501498343 127.769996603888 131.942501030472 135.262500700981 138.904998716211 142.279998791771 144.777500130466 147.872497510465 152.52499763829 157.279998721937 160.302497786542 162.79750059339 162.315002489504 162.337497640514 163.479999552161 166.812499990468 169.667503256892 172.927501651039 174.725002257057 176.269996641515 177.365001672535 176.340000141593 176.492500254142 179.622501309552 181.62000273315 182.157501190301 182.924999241268 183.697498330486 183.187500015882 183.659999769684 186.784999868945 185.567501022637 188.547500597785 188.319999715717 186.86249928671 185.287498442253 185.812503843315
-9999 -9999 -9999 -9999 -9999 -9999 -9999 -9999 -9999 -9999 -9999 -9999 -9999 -9999 -9999 -9999 -9999 -9999 -9999 108.190000500764 111.450000715457 115.537498428597 119.69250289588 125.529998699292 130.597499783265 136.07749934117 138.537498436219 141.332496606595 143.597503629077 145.845001189018 148.727500874294 151.51750178463 155.602497006348 159.712501481184 162.34249875378 163.212497694703 164.392501782199 166.422500610502 168.549999205587 170.227500867867 172.110000585529 174.034996007121 175.902500131024 175.630001089343 173.610000694843 168.732498082839 178.444995818773 180.902500112772 182.419998157363 183.857498156162 184.699996936197 185.327499388829 186.382495858883 185.872497595863 187.252494769865 187.424995462574 184.572498349674 187.93249893646 187.659999877744 185.532501186944
-9999 -9999 -9999 -9999 -9999 -9999 -9999 -9999 -9999 -9999 -9999 -9999 -9999 -9999 -9999 -9999 -9999 -9999 -9999 108.872503256002 111.882501548655 115.879999115378 119.557498876516 123.992500246952 129.415002730172 135.512500699737 138.020004253999 140.372501339072 142.68249890509 144.930000269209 147.767501786085 150.239997833108 152.592502551338 155.905002521895 160.260002058352 162.902500151548 163.312499946362 165.117500225334 167.627498622926 169.539997061848 171.854999496575 173.459999060421 175.37999722146 176.69500349922 176.530002624462 176.259998271925 179.732498152892 181.13250347866 182.287498472673 182.82249830972 183.465000104733 184.924999227891 185.4275016839 186.157497333622 187.795001969648 188.450000731106 188.399997737468 187.209999110908 186.922496801958 187.419998161405
-9999 -9999 -9999 -9999 -9999 -9999 -9999 -9999 -9999 -9999 -9999 -9999 -9999 -9999 -9999 -9999 -9999 -9999 -9999 -9999 114.924999099709 120.327499353307 123.627498578956 123.917499497712 127.442497212171 131.359996714534 136.360000526715 139.834999048987 141.877502406389 144.244998897345 146.532501187802 148.90250012265 151.135002106532 153.022499047106 155.937499993659 159.040000881384 163.545001933143 165.940002413139 167.390003188609 168.715000123048 171.155002559365 173.207500423998 174.947502103187 176.327503185771 177.182498910684 177.700000740504 179.002498637995 179.539997095714 180.617496467798 181.342498774927 180.062496208904 180.044998076932 182.014999374828 181.16749956791 181.087497728342 183.792503222395 -9999 -9999 -9999 -9999
-9999 -9999 -9999 -9999 -9999 -9999 -9999 -9999 -9999 -9999 -9999 -9999 -9999 -9999 -9999 -9999 -9999 -9999 -9999 -9999 119.087501330451 124.624999979198 127.840001995454 129.792499560183 129.867498361271 131.199996921295 134.139999321396 137.832500412279 140.857498103872 143.077499364386 144.914997073532 147.032501168492 149.68000024869 152.887500706522 155.880001033896 158.662498420827 162.807502712965 165.342502576702 166.12749858994 168.799999202038 170.562503787576 172.502498598185 174.25500485706 -9999 -9999 -9999 -9999 -9999 -9999 -9999 -9999 -9999 -9999 -9999 -9999 -9999 -9999 -9999 -9999 -9999
-9999 -9999 -9999 -9999 -9999 -9999 -9999 -9999 -9999 -9999 -9999 -9999 -9999 -9999 -9999 -9999 -9999 -9999 -9999 -9999 122.135000064436 127.55250162889 129.407501201521 131.840000087378 134.374996182819 134.229999578629 135.075000749792 136.662498444972 138.782497376092 141.087501493766 143.752498579441 147.392501800538 150.169998127309 153.292503306084 156.292503329352 158.670001959297 162.112502994236 164.225002287916 -9999 -9999 -9999 -9999 -9999 -9999 -9999 -9999 -9999 -9999 -9999 -9999 -9999 -9999 -9999 -9999 -9999 -9999 -9999 -9999 -9999 -9999
-9999 -9999 -9999 -9999 -9999 -9999 -9999 -9999 -9999 -9999 -9999 -9999 -9999 -9999 -9999 -9999 -9999 -9999 -9999 -9999 124.180000175337 127.780000682052 130.17750164296 -9999 135.677501627563 -9999 -9999 -9999 -9999 -9999 -9999 -9999 -9999 -9999 -9999 -9999 -9999 -9999 -9999 -9999 -9999 -9999 -9999 -9999 -9999 -9999 -9999 -9999 -9999 -9999 -9999 -9999 -9999 -9999 -9999 -9999 -9999 -9999 -9999 -9999
