socal_rasters/PETWettestQuarter_SPHAsouth_aggfac2.asc
NCOLS 210 
NROWS 130 
XLLCORNER -119.45 
YLLCORNER 32.483333333 
CELLSIZE 0.0166666666666667 
NODATA_value -9999 
[rows 104 to 129 of 130, columns 120 to 179 of 210]
-9999 -9999 -9999 -9999 -9999 -9999 -9999 -9999 -9999 -9999 -9999 -9999 70.1175022037964 70.7474994650502 71.225000374279 71.3249988480886 71.81249808783 72.247501364234 72.6825008327547 73.2224979375332 73.6375007571717 73.9550018245706 74.4775009121263 74.6599979318437 75.0000000035866 75.6049995244563 76.4074993174104 76.9499988471418 77.2399978768123 77.5374984362993 78.8950004502924 78.9874992756758 76.9049987958938 75.9574985452858 74.7900009102168 75.5274982406359 74.6175022305993 68.9850006825232 71.4349994356778 76.602498857887 79.6274987920399 73.5975017262366 74.810001313096 77.4150008946098 77.5900001412801 75.515001409172 67.5099983844765 68.6350002042565 67.5724983705938 66.0450020250671 63.3299999692824 61.3499994130596 61.7399997856101 59.555000343935 57.4124994582815 57.7550010634237 57.8450002862377 56.3424997328014 55.840000167925 55.5774993860499
-9999 -9999 -9999 -9999 -9999 -9999 -9999 -9999 -9999 -9999 -9999 -9999 69.7674999213027 70.3224983142683 70.6225013680263 71.1349983137719 71.5149993862603 71.985000604051 72.6174983929349 73.1024989995223 73.6125011389099 73.9300003008531 74.5024986224919 74.8350009885333 75.0950012146332 75.74750135565 76.7025013094447 77.3225021146859 76.7649994032584 77.4700012067162 78.7950000550304 79.980001441775 76.9274997904813 77.5950012297896 78.5924987086477 81.2275008776727 81.7575016082988 80.3175010312785 78.9349995128532 79.937501852989 81.0074997967187 77.745000786502 77.6474991662276 75.0675009177986 76.7900009538464 74.6499996791995 71.0700016845084 69.5599994675411 66.5874996675917 62.9075012014464 61.95999999485 62.6625003803234 62.1675005085916 58.3249998437171 57.6149997717845 59.7024994105926 58.6100006036115 56.6624994283038 56.0000000790709 55.2049999171945
-9999 -9999 -9999 -9999 -9999 -9999 -9999 -9999 -9999 -9999 -9999 -9999 69.5275001466426 69.8750019030153 70.2450008358949 70.8099994592163 71.3025016715607 71.8124999927806 72.3900012853617 72.82999991758 73.5099983137536 74.0249996079937 74.2800006841967 74.9324989166781 75.499999982894 76.1375007555774 77.1600017472084 77.2224998537489 77.8099994721799 78.1574992952284 79.1850013649577 79.7974986941807 80.167499535976 79.9974994608128 80.7549991613571 80.2450008597204 77.6350021532623 77.7150001116898 78.1774996753363 80.1825009599855 75.05500031253 72.0575009278875 70.8425007187601 69.1149997093086 72.722499868929 71.5124989224227 67.9325009058344 66.6825008886444 66.0750026973124 64.98000145541 63.6549997459924 64.4000015101606 62.742499340138 60.7524996093683 58.4600010198077 61.6024998785827 61.5074997020689 60.0874996563177 56.1025009767047 55.5450000872614
-9999 -9999 -9999 -9999 -9999 -9999 -9999 -9999 -9999 -9999 -9999 -9999 69.1399993873714 69.6250019045448 70.1274986199034 70.517501824199 71.0049991547724 71.6849994554415 72.1550025884409 72.7300014445243 73.3349990734739 73.9299983905325 74.2099990773985 74.9025001319015 75.7600002115002 76.3299999239839 77.1924991469204 77.4699993082852 78.2650012882072 78.8075008333817 79.3299980120472 79.9199981631604 80.2649993905219 80.174999238526 79.9225006202338 79.712501533747 79.2499980953409 78.5450001063658 78.9050006448825 78.8099994878688 77.1324997060098 74.3524990946736 69.059999607116 64.2175006393507 71.1050013688638 72.3024998101426 70.0125007831275 65.402500242931 63.5949992940508 65.0050000629835 65.9850006240243 64.7725020196638 63.8275003668718 62.4425001474026 61.6424999155435 63.4349994217105 62.2599993018298 58.8925000472385 56.2224998547401 55.0799999411853
-9999 -9999 -9999 -9999 -9999 -9999 -9999 -9999 -9999 -9999 68.3650016779686 68.5624999951041 69.0300006843686 69.3974990784825 69.7825012162089 70.2024993833102 70.8325004529424 71.4025020524546 72.0624999927279 72.5725002204916 73.1099986933456 73.9200000668379 74.3950004534103 74.4500026757679 75.7999992249208 76.5200004466512 77.1350002165742 77.7375011369459 78.2374992286962 78.6125011485484 78.7799987623437 79.4324989210379 80.0049991552346 80.1025028250741 80.2400016814168 77.7574978413634 74.6399994219205 76.7849997665181 78.8750000069605 77.3375015537441 75.8150005616376 74.5074997159463 73.0949993319696 71.027500090618 73.2674999395678 72.5400009161598 71.557498974642 67.9224997345475 65.6750021370087 65.447500243606 65.1300010847189 62.4574996028156 60.0450000644364 62.1574992956313 63.7650012766724 64.2100001028194 60.9125004668995 57.9324999213139 56.7899999587859 55.2900000060653
-9999 -9999 -9999 -9999 -9999 -9999 -9999 -9999 -9999 -9999 -9999 68.2875003805908 68.6874999965844 68.9700012110169 69.5100002234889 69.9349994553355 70.5324993069694 71.0725002166744 71.8175010611075 72.3749999920093 72.9724998357428 73.6800002997722 74.4275016671754 75.0749988520289 74.9250011526861 75.8800010417229 76.7474994574108 77.5950012136622 78.1849994574362 78.7625007573732 78.5874977113256 79.0700016122969 79.3750019050193 78.4024982565218 77.0424995624428 76.9724998309336 77.8049983801973 78.6624984637471 76.8400001861794 76.1249999987811 76.0250015424271 75.23500060881 75.0175018603757 74.107500122653 72.8874988391016 73.4250011166036 71.8050003550844 69.0799999563249 67.1849995048691 66.2725010036339 64.102499057824 62.9674988174452 61.9974994628136 64.2300004670901 63.5524978276194 64.5574989635509 62.3599997220554 59.6174993730222 55.6625003969774 55.4499998000116
-9999 -9999 -9999 -9999 -9999 -9999 -9999 -9999 -9999 -9999 -9999 67.9775009116357 68.2174987743637 68.7949981625729 69.1525020497926 69.6725006055657 70.2874984690392 70.8649997600922 71.5374984647336 72.0749988518618 72.7900009023826 73.3374996086693 74.1700000632341 75.0524997627616 75.2549991684919 75.500001876789 76.4049987723039 76.9449996965139 78.1224994598463 78.635000218891 79.0624999955462 79.4399986203453 79.5900001534612 77.5824986027299 76.1475009949187 76.944999657711 80.4074993311339 79.6124992290909 79.1350002530915 76.5550021902923 76.6975002777601 75.5824985514941 76.5175018513775 75.7874984873898 72.6775017829024 69.8500003776772 68.4449996719354 68.2799988115969 68.1400013053609 66.6224995029983 66.4724979119029 64.3399992231444 65.1224994229596 63.8524999881884 63.2625008117506 61.8774996244485 62.0174989017894 62.5649996708724 56.3924990025799 56.7600001599927
-9999 -9999 -9999 -9999 -9999 -9999 -9999 -9999 -9999 -9999 -9999 -9999 68.0474987071771 -9999 68.6699981668907 69.2325000668511 69.9200000609177 70.5374984721522 71.2899990047409 71.9200000664388 72.4374980879567 73.1749992167975 74.0850009817543 74.8099994612844 75.5200004450723 76.135000221381 76.7099990746825 77.0375003754148 78.0175018212725 78.595001209285 79.0050010600696 79.4025001426086 79.5100002306288 79.4799995390127 77.9424991942492 78.1924991291469 80.8874988644061 80.55749895068 77.9050007259876 77.2350005890342 -9999 77.8425007216439 78.8024978822305 77.8575001017362 77.2099990882427 73.5600014112084 71.524999641101 69.9699974197578 70.2825012507839 71.6475010010467 69.9200002195314 65.7274999803522 63.3524990561002 63.6250019027104 62.2799997546281 61.0500001813524 59.7774992021156 63.3075000023148 58.2674999722731 57.9875000743782
-9999 -9999 -9999 -9999 -9999 -9999 -9999 -9999 -9999 -9999 -9999 -9999 -9999 -9999 68.307500835253 68.6924991505478 69.502498621106 69.9250011375837 70.6525001432003 71.5200004404507 72.2725009812248 73.0949993017372 74.0275001434731 74.8124999858895 75.6700000600158 76.3649997605612 76.8724994602082 76.7300014600055 77.1525020459019 78.0249996173889 78.3274993820339 79.1774997680811 78.7750015305376 79.6200007952713 80.3424987971442 80.1224994447145 80.7699985572877 79.3249988748362 79.2150001447188 78.7500000453764 76.3674983881743 74.337499624235 72.0924987453231 74.2075023393577 75.0200004433162 73.842498785143 71.3225002703665 70.152498247318 73.8400000982178 71.6175004231408 64.6900005991662 62.1374997855245 62.9749994432752 62.3599996682721 62.9325008500617 61.9850006130322 61.7650012878978 66.9849987423158 61.4225015815768 60.4974994102476
-9999 -9999 -9999 -9999 -9999 -9999 -9999 -9999 -9999 -9999 -9999 -9999 67.1924991525443 67.557500834008 67.9249992319243 68.3524989933032 69.0900001463332 69.8699989255843 70.8675003008125 71.642499914517 72.2925014422078 73.1199989218883 73.895000445792 74.7299995296327 75.4875011304761 76.2874984664811 76.8350009873457 77.097499850651 77.2250003789182 77.7850017424866 78.6174983879139 79.2124996175179 79.5299987673591 79.8499984796896 78.3949986135428 76.4074992573872 79.465002057545 77.1575012897177 73.9924984563847 76.09999844123 75.9174995629218 75.0600013772998 73.8899994166422 70.6749992838877 70.5174998805178 71.3275012936782 71.9750022856395 74.1199988512961 74.5625000773715 70.3424988170002 67.3175011083211 63.5324984007771 62.3399982287708 62.4400005327329 63.7175006611567 62.9825000965673 64.0924996384439 68.9849986802961 66.0725022669358 63.4425010809681
-9999 -9999 -9999 -9999 -9999 -9999 -9999 -9999 -9999 -9999 -9999 -9999 66.8875007587651 67.0124988518948 67.4549999139473 67.8924999199549 68.7000007499091 69.7674999167492 70.5149993780131 71.2875003698835 72.0424995319083 72.8025016713073 73.6774997595547 74.5349998367266 75.3474998367902 76.0349998393556 76.5150031993108 77.0349979406269 77.4599990739817 78.0249996111087 78.6749973210917 79.1025009081515 79.5700015940203 79.6425018285635 78.4575004968499 76.5374984760503 75.5850009992919 76.0575008739669 74.9424991827073 74.0824985514815 73.7549991678156 74.022500943563 73.6049995378929 69.8400003420829 68.8050002002691 71.279998760968 73.4925002710009 74.947500140136 72.3624993456401 69.4475002584943 66.0450001954424 64.2299986078832 61.8225001308975 65.8574990750811 66.8424988204439 63.649999624897 65.292500407111 69.8349990729497 68.6749992929548 64.7624988211455
-9999 -9999 -9999 -9999 -9999 -9999 -9999 -9999 -9999 -9999 -9999 -9999 66.7349987062917 66.7524986237777 -9999 -9999 68.1850013662545 69.1499996033038 70.034999831281 70.8649997601977 71.6025009054675 72.4400005229806 73.4524993769965 74.3850002220322 75.0599994504918 75.7824993046035 76.3224983096449 76.612499220867 77.4800014419293 77.8750018956451 78.392499927585 78.4325008257826 78.5550003048842 78.4849987141401 77.9275016567851 77.9650020563737 77.4324989643057 74.7400016580173 75.5375004043191 73.0025005704508 72.2124996174581 71.662500402593 69.024999642731 68.0949993149153 72.619998818184 76.0424994943651 77.5225010101002 75.3924999334596 71.3024997481163 72.0950012501539 70.2075004917831 65.9675007837368 63.44000051792 65.4300002462092 69.440000513067 68.260000321033 67.4200019263532 69.9925003294082 68.0849991045811 68.5499992514558
-9999 -9999 -9999 -9999 -9999 -9999 -9999 -9999 -9999 -9999 -9999 -9999 66.7000007798897 -9999 66.7750015197156 -9999 -9999 68.6975002206124 69.6025008997932 70.4500007546825 71.3300018146907 72.2949981540858 73.159999830543 74.0649986138313 74.8800010545961 75.6100006025729 76.129999151256 76.7724990764464 -9999 77.9549999199952 75.8849983473954 76.2849998274545 77.2574977783037 77.8174991535859 78.1299991477869 78.4549999533958 77.6025009383863 76.1324996360323 77.4025001315546 76.5749988915265 72.7999993691422 70.8125018754352 72.0850009887189 72.8974990534092 75.555000280362 75.0799999230742 78.5749988393782 75.4275018113458 73.1774998011983 71.5750008098656 69.3600006464865 67.9200019859348 66.2074985831869 64.6699981291927 68.8624991789203 -9999 70.4449996772997 69.9299983598698 69.024999553433 68.2324982321796
-9999 -9999 -9999 -9999 -9999 -9999 -9999 -9999 -9999 -9999 -9999 -9999 -9999 -9999 -9999 -9999 67.8649997593906 -9999 -9999 70.4799995302507 71.3500003699346 72.1749992262536 73.0900020504136 74.1149997582407 74.7375011315797 75.4799995386248 76.0174999160137 -9999 76.917499552869 76.3625011302787 73.1275005422478 75.139999345972 77.8274993935793 77.067499169119 77.972499796526 79.1450004622172 78.8474998472632 78.8374996228908 78.4124985251143 76.0950031600284 71.4899978778671 71.8224982964028 71.7150002217788 71.0500011325458 72.7975005269587 75.104999522012 78.1999988149004 77.7999992604067 76.8524990064109 74.4349995196667 73.0424995684442 70.1574993750805 67.5900001519298 67.980001507558 -9999 -9999 70.5499992613247 69.0550002997533 68.7999992551237 68.1200008155855
-9999 -9999 -9999 -9999 -9999 -9999 -9999 -9999 -9999 -9999 -9999 -9999 -9999 -9999 -9999 -9999 -9999 -9999 -9999 -9999 71.2849998353403 72.1600017447644 73.1050014387018 73.9200019756969 74.57500075549 75.177499760978 75.8850002160146 76.6150016719892 76.7975006221185 76.4249992159369 76.9275016587835 77.9575004495199 77.5999984939204 75.7999992499554 78.1874999629783 78.9649982428644 79.2174987606211 79.527500161459 78.8750000202759 77.3474998384276 77.2849998339278 73.9675006960505 72.9574985859412 71.7875004203363 71.9175014387486 73.7875003411815 76.4824981182411 74.7124996449149 73.1999988761824 75.2950000860052 75.8700008447699 75.4524994183023 76.4825000563666 75.7574997804573 68.2224997906036 68.6199989412677 69.4925022160632 70.2975005810353 68.9824981803622 70.7625026629188
-9999 -9999 -9999 -9999 -9999 -9999 -9999 -9999 -9999 -9999 -9999 -9999 -9999 -9999 -9999 -9999 -9999 -9999 -9999 -9999 71.2824992981978 72.0524997593656 72.8849983101058 73.7049999078146 74.369998920021 75.2100009787642 75.8549995310474 76.3474998402306 76.7050018299204 76.9925002984677 77.4174995328978 77.6474990985013 75.7974987287708 75.465000164018 78.6049995142119 78.9799995422367 79.3350010094508 78.752500529396 79.5375003861604 78.9299984066592 78.1100025048293 74.3324986199515 71.8225021556227 70.5775032272911 72.6900004894566 75.8649997161374 78.6875000735931 75.7649994363403 74.4350013629969 74.7150001318757 73.0574990163632 71.7150001270473 74.5450000865045 71.1949997312635 72.8799991727596 72.7749995977543 70.897499081946 71.8325004159084 71.8849983106273 72.2299996011862
-9999 -9999 -9999 -9999 -9999 -9999 -9999 -9999 -9999 -9999 -9999 -9999 -9999 -9999 -9999 -9999 -9999 -9999 -9999 -9999 71.350000366447 72.2399997619323 72.9924983843592 73.7975005987068 74.527500143897 75.2075004454011 75.6450004423789 76.2600002178982 76.5225009888442 76.8500022816822 77.5750007612155 77.91749953891 78.0849990809786 77.7600002470521 78.3999996067307 77.9699993394825 77.4699993094709 77.8800010786404 78.6550006687907 78.3274994028962 78.6099987177127 76.6549988465195 73.297500630984 71.244998943122 73.3800010417313 77.7400015394329 79.6324978617043 74.6400013347342 73.3075008702791 71.6499996253261 72.6575011902643 74.3400001090361 74.7775001771255 71.4200001677247 67.5974998922255 67.9374980398745 71.0975016919102 73.617498376645 73.954999909732 73.8850002281962
-9999 -9999 -9999 -9999 -9999 -9999 -9999 -9999 -9999 -9999 -9999 -9999 -9999 -9999 -9999 -9999 -9999 -9999 -9999 -9999 -9999 72.212499607048 72.9549999155437 73.9300003002439 74.4999999917229 75.0899982330156 75.6025009050378 76.1300010622011 76.3975028995951 76.8274974693119 77.4724998420961 -9999 78.2325019829145 78.1625003807368 77.4249992612493 76.0974980061242 72.0875014773206 76.5475005873461 77.0525016761967 77.3799991963975 77.132499671074 77.6099987091701 75.4074993873545 76.0399990119266 76.2575015828576 79.8599986243238 78.2274990588817 74.507499687629 72.1599999355615 73.7099989945028 75.0349998343906 74.5649986493032 73.1075001255332 69.2700005998788 66.100000387467 67.9575003935937 72.2624987597141 74.4500007487052 75.2699985326924 75.1000023032129
-9999 -9999 -9999 -9999 -9999 -9999 -9999 -9999 -9999 -9999 -9999 -9999 -9999 -9999 -9999 -9999 -9999 -9999 -9999 -9999 -9999 72.2925014416149 73.0450000689477 73.9075012123464 74.517499912808 75.1224994571913 75.5324993092986 76.0600013690665 76.4174995406768 76.9525031905013 77.5575027470129 77.6625003824821 76.5075016046486 76.2674999273704 74.397499166923 73.060001439204 67.7150020763723 71.9500007370793 73.6075000655519 74.9025001021866 76.5600013423388 77.6175002670935 77.9549999221548 79.412500311073 80.7000007711061 80.5274982747838 79.0000019658411 76.0674991954653 75.3700008418064 75.1799984104492 74.9449996984052 73.9824981848272 72.6975002313518 71.5100020974708 69.8975010649543 71.8700007889687 74.2049979273878 75.7525005271097 75.219999306879 73.4275017338179
-9999 -9999 -9999 -9999 -9999 -9999 -9999 -9999 -9999 -9999 -9999 -9999 -9999 -9999 -9999 -9999 -9999 -9999 -9999 70.6599998356928 -9999 72.2800006758387 73.0949993021992 73.8250007528017 74.6024989992119 75.1774978580743 75.8099994589494 76.2849998403714 76.6649989920169 76.9200000654466 77.4524974772711 77.3125019207989 76.2624988758275 75.5950012854748 72.8299999620552 69.7649994709991 68.8699988637575 68.9025001764964 71.4250011634768 73.7275007841178 77.8924999192625 79.0550002610798 79.2299995720235 77.9425010785719 74.9600010006144 73.9574985123371 76.0950011828721 77.1400013065903 76.5524997577669 76.2450008541211 76.0349998744331 74.5200004702077 74.3024997222087 76.4724998787175 74.7575015676896 76.5524997689401 75.632501632334 74.2124996505566 72.9224986926072 72.9599991050361
-9999 -9999 -9999 -9999 -9999 -9999 -9999 -9999 -9999 -9999 -9999 -9999 -9999 -9999 -9999 -9999 -9999 -9999 -9999 70.5100021303707 71.3050002896166 72.270000448578 73.0850009798498 73.9399986108174 74.6549987735029 74.7625007580777 75.3600006036384 75.7075004550882 76.3349990844727 76.6700000657323 76.9249992356237 77.2625026681187 76.9799976581805 75.8249988758135 73.9824982012476 71.8975009848431 71.8599986426427 73.3750000496178 75.7049998952574 76.8374994971695 80.1175002961353 80.165000883149 79.9300022705449 75.9224987709019 72.6175003957916 68.3150004838151 75.225000328381 76.7699985315464 77.4624996122564 77.8850002350307 77.78249932133 77.4399986493028 77.4724998488937 76.1725006532522 76.6175002750233 76.0125008120294 73.4375019327927 75.014999393715 74.5649986478395 73.0875015140543
-9999 -9999 -9999 -9999 -9999 -9999 -9999 -9999 -9999 -9999 -9999 -9999 -9999 -9999 -9999 -9999 -9999 -9999 -9999 70.6174983910352 71.442499146683 72.2999992292256 73.0850009831146 73.9575004455711 74.7199993056292 74.6749992373385 75.2600021281185 75.7624988540419 76.2450008363979 76.5949993013655 76.8700008398081 77.2575015936399 77.6100006120986 77.5849990903345 76.4050007247002 76.4849986605463 77.3524990035487 78.847499878236 78.7999991977184 79.5550003161392 79.6049995318167 79.9074993116579 80.1699981621191 78.992502247958 76.0874977653636 74.6125011154977 77.3600006097159 77.6725005868461 77.9524994026777 77.1749992474164 76.8600005790991 77.3174991606023 76.9125003954666 76.8249988019237 77.6350002195524 77.4899997469914 76.6200008803478 75.0025005538839 74.412500399362 74.3775005366279
-9999 -9999 -9999 -9999 -9999 -9999 -9999 -9999 -9999 -9999 -9999 -9999 -9999 -9999 -9999 -9999 -9999 -9999 -9999 -9999 71.6874999899402 72.5275020522365 73.1199989297081 73.9675006780148 74.6299991519379 75.2474994638588 75.5324993174105 75.5175018204935 76.1249980881148 76.5674991494913 76.8649997636472 77.2574977800996 77.6900005227021 78.2800006801977 78.4850005997316 78.6249999985153 77.1175003408845 76.5174999301717 77.3950004202384 79.4874992216815 79.5100002236723 79.5500011496514 79.5224990858688 79.2650013122945 77.9424991584118 77.0375003715158 77.2199993515025 76.6075020013924 76.4324989375151 76.2075004802559 74.1750011753353 73.4200000225923 74.3675022159834 73.1949997209947 72.6750011544054 74.0349978666789 -9999 -9999 -9999 -9999
-9999 -9999 -9999 -9999 -9999 -9999 -9999 -9999 -9999 -9999 -9999 -9999 -9999 -9999 -9999 -9999 -9999 -9999 -9999 -9999 71.9175014397934 72.6024990023699 73.0574989271232 73.8899974633943 74.7524986144313 75.3349990744715 75.7499999918881 75.8725013728688 76.1125011488043 76.5650005249234 77.204998009174 77.5824985522953 77.982501983788 78.0349998491704 78.1550006851705 78.4225006119844 77.4300003030846 75.3850021801361 73.3400001008396 77.2549991086898 79.2600002120271 79.5200004556051 79.0474987220848 -9999 -9999 -9999 -9999 -9999 -9999 -9999 -9999 -9999 -9999 -9999 -9999 -9999 -9999 -9999 -9999 -9999
-9999 -9999 -9999 -9999 -9999 -9999 -9999 -9999 -9999 -9999 -9999 -9999 -9999 -9999 -9999 -9999 -9999 -9999 -9999 -9999 71.8225002367957 72.1450004542516 72.6924991516521 73.1075019878895 73.5874996103913 74.7074985277737 75.5249996011877 76.0775012898155 76.4749984718527 76.9274997598428 77.2625007622212 77.1250018998282 77.3625011413519 77.4600009927007 77.5475006043043 77.9600028872939 77.3150005585605 74.2224999738656 -9999 -9999 -9999 -9999 -9999 -9999 -9999 -9999 -9999 -9999 -9999 -9999 -9999 -9999 -9999 -9999 -9999 -9999 -9999 -9999 -9999 -9999
-9999 -9999 -9999 -9999 -9999 -9999 -9999 -9999 -9999 -9999 -9999 -9999 -9999 -9999 -9999 -9999 -9999 -9999 -9999 -9999 71.7275028286436 71.982500066703 72.4150028155297 -9999 73.1149997664279 -9999 -9999 -9999 -9999 -9999 -9999 -9999 -9999 -9999 -9999 -9999 -9999 -9999 -9999 -9999 -9999 -9999 -9999 -9999 -9999 -9999 -9999 -9999 -9999 -9999 -9999 -9999 -9999 -9999 -9999 -9999 -9999 -9999 -9999 -9999
