socal_rasters/PETWettestQuarter_SPHAsouth_aggfac2.asc
NCOLS 210 
NROWS 130 
XLLCORNER -119.45 
YLLCORNER 32.483333333 
CELLSIZE 0.0166666666666667 
NODATA_value -9999 
[rows 0 to 25 of 130, columns 0 to 59 of 210]
-9999.000000000000000 -9999 -9999 -9999 -9999 -9999 -9999 -9999 -9999 -9999 -9999 -9999 -9999 -9999 -9999 -9999 -9999 -9999 -9999 -9999 -9999 -9999 -9999 -9999 -9999 -9999 -9999 -9999 -9999 -9999 -9999 -9999 -9999 -9999 -9999 -9999 -9999 -9999 -9999 -9999 -9999 -9999 -9999 -9999 -9999 -9999 -9999 -9999 -9999 60.0650005192173 -9999 -9999 -9999 -9999 -9999 -9999 -9999 -9999 -9999 -9999
-9999 -9999 -9999 -9999 -9999 -9999 -9999 -9999 -9999 -9999 -9999 -9999 -9999 -9999 -9999 -9999 -9999 -9999 -9999 -9999 -9999 -9999 -9999 -9999 -9999 -9999 -9999 -9999 -9999 -9999 -9999 -9999 -9999 -9999 -9999 -9999 -9999 -9999 -9999 -9999 -9999 -9999 -9999 -9999 -9999 -9999 59.5375003563017 64.3724994812236 62.3124999686568 60.0899992275505 58.2799997359606 56.5924997546536 -9999 -9999 -9999 -9999 -9999 -9999 -9999 -9999
-9999 -9999 -9999 -9999 -9999 -9999 -9999 -9999 -9999 -9999 -9999 -9999 -9999 -9999 -9999 -9999 -9999 -9999 -9999 -9999 -9999 -9999 -9999 -9999 -9999 -9999 -9999 -9999 -9999 -9999 -9999 -9999 -9999 -9999 -9999 -9999 -9999 -9999 -9999 -9999 -9999 -9999 -9999 62.2575006359981 59.2349996764769 57.8525009109665 64.7950009926809 66.6075001064472 59.8149996064047 58.1250009348702 57.9899997849083 57.6625003542843 61.9450006401798 65.2899990159416 64.2799987815851 -9999 -9999 -9999 -9999 -9999
-9999 -9999 -9999 -9999 -9999 -9999 -9999 -9999 -9999 -9999 -9999 -9999 -9999 -9999 -9999 -9999 -9999 -9999 -9999 -9999 -9999 -9999 -9999 -9999 -9999 -9999 -9999 -9999 -9999 -9999 -9999 -9999 -9999 -9999 -9999 -9999 -9999 -9999 -9999 60.5950002336183 66.1149978648522 59.8599996904371 55.7300005148216 56.6624993949418 58.752500548036 59.9600000434464 64.2574987199758 69.5825004628882 64.1399994232619 59.6649990233972 60.3050012877764 56.6774997799196 58.3299998687761 64.5725002625401 58.4625005705929 58.4474992674171 59.7725000489877 -9999 -9999 -9999
-9999 -9999 -9999 -9999 -9999 -9999 -9999 -9999 -9999 -9999 -9999 -9999 -9999 -9999 -9999 -9999 -9999 -9999 -9999 -9999 -9999 -9999 -9999 -9999 -9999 -9999 -9999 -9999 -9999 -9999 -9999 -9999 -9999 -9999 -9999 60.5699996885887 61.2150001869426 55.5775003308989 60.4600000242538 64.2075004502578 68.5400009370232 60.5650005598927 55.5349998670529 56.3124999893251 59.5874996123688 61.6024999609405 60.827501299705 64.7199992769908 -9999 68.252500555179 64.6899995963876 61.0649995938524 61.034999829668 67.0950012309172 61.6124992495996 59.9450006383235 62.314999570672 64.0200004401952 65.470001199254 -9999
-9999 -9999 -9999 -9999 -9999 -9999 -9999 -9999 -9999 -9999 -9999 -9999 -9999 -9999 -9999 -9999 -9999 -9999 -9999 -9999 -9999 -9999 -9999 -9999 -9999 -9999 -9999 -9999 -9999 -9999 -9999 -9999 -9999 52.4075002632229 53.7325000747443 55.8200006261984 64.1449994928693 62.4150009453117 63.4925012402162 64.5299997337263 69.2849998562263 64.3075008589264 59.6350002393537 61.630001033893 63.4600000397609 61.4825010362658 62.8750009704545 64.0600004241522 66.9749984575461 -9999 68.5349979506696 67.5349998369907 68.7324981396254 66.8349990815123 66.7299995366184 67.1399993772508 68.8474998484377 68.5300026218815 65.1974993027414 61.5949993293724
-9999 -9999 -9999 -9999 -9999 -9999 -9999 -9999 -9999 -9999 -9999 -9999 -9999 -9999 -9999 -9999 -9999 -9999 -9999 -9999 -9999 -9999 -9999 -9999 -9999 -9999 -9999 -9999 -9999 -9999 60.6875009916673 54.1899995770757 55.9499998122426 54.2100000579087 41.8025007660558 53.1374997846963 58.0950002574138 61.3175000957209 65.8600006149842 65.3300008466111 68.377498597132 71.8050003226091 67.2700004486728 68.5099983157174 65.1575003089638 61.8774986203236 64.4700002543334 67.4999999972788 68.8199997038056 -9999 69.9025001606388 70.6874999926744 -9999 67.4624977051038 68.0950012297559 68.3800010779702 66.1949997034553 63.4799986076674 60.2900009283749 58.8549995628002
-9999 -9999 -9999 -9999 -9999 -9999 -9999 -9999 -9999 -9999 -9999 -9999 -9999 -9999 -9999 -9999 -9999 -9999 -9999 -9999 -9999 -9999 -9999 -9999 -9999 -9999 -9999 -9999 50.5624999634592 61.640000301637 58.1124992782541 53.2800016261864 58.7075004471227 57.1150007417419 50.6250000224613 49.9425001140005 52.157499303842 54.7899999550507 58.9500007509562 60.5575008041277 64.9599990538516 71.3449992898195 70.1950015944635 67.4700012593279 65.0600013812791 63.9499998129147 65.0775013001495 68.0300006593482 70.5299968721341 70.6549968745006 -9999 -9999 68.7299995453437 68.9975013645576 69.8775005158997 68.547500634353 65.1400013089725 61.8999996281929 61.6600007861192 61.8649997349894
-9999 -9999 -9999 -9999 -9999 -9999 -9999 -9999 -9999 -9999 -9999 -9999 -9999 -9999 -9999 -9999 -9999 -9999 -9999 -9999 -9999 -9999 -9999 -9999 48.6549987724198 50.7749996098628 52.6600008012903 54.4774999558949 61.9425000891067 65.937500963954 61.13499930688 56.1500005821253 58.8599996339673 59.5174999343544 53.7299995711512 52.6500005552599 56.0649995642146 56.6250000043667 59.192500083972 64.217501624594 67.7525005036303 72.6600017420024 68.6275005370215 67.9674987669609 67.3125000014018 68.1425018354408 67.9324989449792 68.1424979977214 70.7999992256712 72.1949996847113 73.2124996261958 70.5100002243582 71.1324996948736 70.2100029086699 71.3300018028544 69.3600006286838 67.8524990148128 66.7725009906682 64.6774988303449 66.4474992496989
-9999 -9999 -9999 -9999 -9999 -9999 -9999 -9999 -9999 -9999 -9999 -9999 -9999 -9999 -9999 -9999 -9999 -9999 -9999 -9999 -9999 44.1599988885658 46.9925003021041 49.3400001446468 48.0324993194137 48.6575002657376 49.1449995001929 51.7750005628569 56.2674989605344 61.7649993638461 68.2650013079441 62.8224992862433 63.2774992006826 61.5724992892462 57.8775005527976 53.3299999027627 60.1949996649288 60.7600002357562 62.6399993720084 66.0624999789968 69.200000777014 -9999 71.469999322201 69.2299995546958 70.1874999756553 69.5625000144634 67.0850009900463 67.7825012061482 69.925001129964 72.8399982364496 73.3125000065085 72.2574996968397 70.9224987086665 70.1100006063682 72.6599998532391 70.2600002448833 70.4825000706306 69.7774982649479 69.3775005266298 70.7875003816403
-9999 -9999 -9999 -9999 -9999 -9999 -9999 -9999 -9999 -9999 -9999 -9999 -9999 -9999 -9999 -9999 -9999 -9999 -9999 56.2325000748961 52.4350004329613 47.8549995433434 50.9499997979663 55.2350006062669 52.5050001250127 48.0850000462299 49.0624999931936 50.5999994225967 54.974999412557 62.4825000502947 68.2000007769704 64.4024991813816 63.974999433874 59.5250006033538 54.5074997174504 54.032500246661 61.4674996983707 63.6650009407279 63.7375001852598 66.7175006607417 71.182498926125 -9999 -9999 72.2800006893037 70.9449997011975 68.9425010702438 69.6975002196932 70.7925014451862 70.5824985513869 71.9575004427836 73.7275009215535 72.2049999299991 70.9099998542278 72.2524986085773 72.7574997078833 71.3199997116729 71.4050006883716 70.9049987724892 71.087503426022 71.4724979450058
-9999 -9999 -9999 -9999 -9999 -9999 -9999 -9999 -9999 -9999 -9999 -9999 -9999 -9999 -9999 72.550001149025 70.1824989367837 67.3899993916882 63.6549997362218 61.3775005458041 58.6849994718144 58.4974985027675 58.8149995791832 61.8075008428458 55.9624996405441 52.2650003504344 49.1024999742765 49.9650001389353 56.9425000746284 67.1800002809516 70.1425018179802 73.0450000813461 68.262498881742 58.8875017158795 59.0249996489627 58.8424987599474 63.5324992969446 67.6350021410279 62.1800012852397 61.1049995257952 68.0650005086167 73.3799991407974 71.1625003997714 69.4275016844881 68.352499019097 68.6150016644812 70.4424991554849 71.799999232889 72.4150009124719 73.1324996847597 74.0500011482658 72.8500003848127 72.4899997722212 73.5700015997213 72.9375019100022 72.0050010763809 72.67250061019 72.3400001643359 70.7575016149619 69.7774982521125
-9999 -9999 -9999 -9999 -9999 -9999 -9999 -9999 -9999 -9999 -9999 -9999 74.85999870243 74.162500384242 72.4074993137853 71.430000308046 70.2424984006141 69.2549991606991 68.7475013769107 67.5325012257838 66.7175006862335 68.8200015904316 66.6350002350678 62.6400003602414 56.6875000126127 53.5199995219638 50.0850000319732 54.6649989956265 59.0450000453832 66.3624992280736 72.072500216682 75.4925003081526 67.3750009939417 65.6000013182581 64.3350000390679 66.0624980921414 67.3425006631249 70.0799999456871 64.9774990163749 67.447500202598 69.6549987552471 74.380001065817 72.8500022833808 72.2250003949263 70.7325000807555 70.0049991575517 71.8050003058856 72.7099990815706 72.7124996130206 74.1424999196894 74.4250011444092 73.8599987011343 73.8450012243114 73.899999619041 73.302499767008 73.0200004547963 72.502500540909 71.7100009944569 71.137498863913 69.6000003983981
-9999 -9999 -9999 -9999 -9999 -9999 -9999 -9999 -9999 74.0550022128146 74.0100021351477 74.4250011454852 73.7700004594105 70.7924995455244 69.7099990878782 69.2200012190152 67.2400016781822 66.9599990849392 65.6250000027175 66.2475004126341 68.2425003020625 71.454999911843 70.3049984088674 65.2125015334394 58.7925005044513 59.2000007553947 60.3524999761514 63.7250013192865 64.7024984083569 70.9575004437653 74.0399990045694 75.7549991632926 70.6674995575931 69.6224994392407 68.8100013829744 68.2800006732249 72.569999675799 72.0925007121707 71.8474998378211 72.7399997712706 74.5550003017738 73.5299968760682 71.7649993985762 71.3350009941482 69.4475002244205 69.7250022696207 73.0850009828545 73.8299999194444 74.4599990809542 74.2124996261378 73.3074989302936 73.9575004573209 74.2224998483644 74.1625003818273 74.0674991611308 73.4599990904071 73.3775005288254 73.0824985523367 73.2024993929438 71.899999622621
-9999 -9999 -9999 -9999 -9999 -9999 -9999 -9999 74.0599994655202 73.8000011448627 73.8624992389763 70.290000921085 65.6749992351286 66.1124992376942 65.8725004250576 63.6575012259825 64.2599992715838 63.6925001056701 66.224999424508 71.1474990806562 72.200000761021 72.7325019757821 73.0474987118722 70.5375022927437 67.1174983970071 67.8724994626534 69.6675014393367 70.4825000725903 73.6350021282288 74.8749999941406 76.1474990844435 76.1549987792969 75.2150001571791 72.729999549271 71.4049987761996 71.2750015320448 73.1174983782088 74.914999010684 75.3999996186773 75.3849983217595 75.1499996219325 74.9825000802164 74.8399982467809 74.7974987086926 73.9474983231894 74.5000000012157 74.4774990045828 74.1450004587618 73.4274978683532 72.6849994705738 72.2199974049456 72.5325012147547 73.3550014456759 73.6400012942393 73.8974990823395 73.1249999981986 72.4074974103759 71.7874984719806 72.6749992347151 72.6124992417757
-9999 -9999 -9999 69.9724998483174 70.2250003803196 -9999 -9999 73.2249984746078 73.952499389689 73.6224994674206 70.840000157521 70.1524982462403 70.3000011436464 71.2799987798131 70.1899986277346 70.6374969458609 71.5949993116539 71.5574989264568 73.0874996171355 72.6175022046883 74.1375007602584 74.0925006860095 75.1424999207635 73.4550018402085 72.4974994676979 73.0950012133993 73.5725002264789 75.3649997719588 75.7674999227538 76.0974979380072 76.2225017553722 76.1100006101712 76.0775012972142 76.0050010683071 75.7749996175423 75.6825008373696 75.622501373953 75.5550003054621 75.4724998481839 74.7924995434801 74.4475002327864 73.4200000767682 72.325000769755 73.8800010602235 72.9924984025421 73.3525009120084 73.8424987779208 73.4125003786127 72.9524993846014 72.51250076809 70.3399982592199 70.7024993822247 72.3850002228676 73.2299995385591 73.5275020601966 73.2224998535054 72.3799991655141 70.7699985498666 70.3850021318739 70.5750007519181
69.3724975587467 66.9774990086312 70.1900005338293 69.3649997711116 69.9825000744607 72.1549987785413 -9999 73.0049991618257 74.0249996183517 73.1199989321026 72.7350006104115 73.0925006850312 73.5550003040056 72.5949993177634 70.815000532479 72.6350002292069 73.6399993877583 73.325000759298 73.8125000045735 74.1875000016561 74.6975002291753 74.6075000707732 75.3950004592671 75.7724971797036 76.0599994621991 76.3824996955789 76.2199993131518 76.3149986267089 76.3649997715536 76.2950019836426 76.1949996956977 75.9650020606583 75.7324981706519 74.7875022914733 74.9874992366988 74.2050018366807 71.6925010756778 73.4624996212877 70.1175003079346 69.0349998383636 66.5799989920726 64.4225015706453 65.6475000382707 69.085000967319 71.4274997803386 70.3274993820484 68.3499984935647 70.5374984781571 68.2175007084538 67.7375011447413 68.9000015308932 70.5900001478688 71.5799999160883 73.0100002298013 72.9899997704941 73.0275001486144 72.69750023077 71.7774982499059 70.5550003236082 67.7924995580878
-9999 71.2450008392652 70.7100009926847 70.114997864518 68.0025005345848 66.9125003832062 68.8274993866385 72.2224979372638 73.6424999240065 73.2949981664599 73.1900005346794 73.9074993127287 73.5550003072527 71.6299991634213 70.7125015299633 71.4275016723865 74.3999977083471 74.635000227245 74.6224994673373 74.7749996159614 75.3824996939049 74.9799995362438 76.1824989324222 76.6574993130629 76.7075004571789 76.7025012971674 76.5074996954567 76.3824996947454 76.1974983233019 75.5925006890956 75.4850006119233 74.7100009903777 72.4799995550789 70.1450004646054 69.2100009929397 69.4774990232578 67.4525012989836 68.1324997037379 66.1900005408208 64.3099994784628 64.2275009066748 65.2775001552437 63.2250003988379 63.3150005224282 66.3825016000891 65.3800001248659 63.1250009537633 62.8225011659133 64.4549989718813 62.1400012989803 62.7250013044823 66.2850017422728 69.9349994561187 71.6474990782923 71.2250003887535 71.3199996892075 71.1399993895403 70.4425010794784 65.404999765253 60.9399995910622
-9999 -9999 -9999 71.5450019842101 71.3249988555304 70.0850009932488 67.9050006850561 69.4274997672448 73.0450000747352 73.980001449585 73.8425006865756 73.6599979393389 72.9225006123926 70.5600013772362 68.5200004567658 71.1375007556759 73.7600002258585 74.8125000000167 75.0475006115697 75.2000007604449 76.0150012955097 76.442501067438 76.6424999232551 76.5200004595137 75.2375011462578 73.2274990183328 71.5149993887393 73.5324993155349 73.5074997057365 71.8425006938849 71.1675014538062 71.7425003055668 71.7224998493673 70.4549999331078 70.1574993091053 70.3024997758968 69.4774990119775 68.0200004602705 66.6049995489261 65.8824996968235 65.1249999937369 66.9474983084185 68.3649997684399 68.5099983166319 68.394998558487 67.4825000624376 66.9699974101783 64.4624996234715 63.514999396314 59.902500173425 58.7650003249076 63.3850001948614 65.4400005452853 67.912500365893 69.1450004520415 68.3549995345014 69.5575008194359 67.5724983438764 64.4750003654948 65.3000011354315
-9999 -9999 -9999 72.2699985503217 72.1375007635453 72.0699996954855 71.3474979388541 72.1950016014144 73.004997252785 73.7824993131095 72.9524993907612 72.5300006869752 72.7100009904131 71.2450008393882 70.7300014491145 71.8649997749057 73.3800029733848 74.4999999967596 75.3649997699173 75.6700000750282 75.9274997708637 76.1125011444296 74.8924999278501 71.755001076773 69.4774990167161 69.4750003704174 71.1450004566008 72.6025009094097 73.9400005338393 72.8274993914232 72.8849983231639 72.4449996950652 72.7974987016692 72.6949996929059 72.674999234097 72.1699981679295 71.8574981720476 71.5549984038419 70.9124984771723 69.8575000908886 69.1099987169227 67.3374977200976 68.0125007496704 70.062499984758 70.3974990873198 69.8575000740792 67.5574989389426 67.2274971175624 65.1700010272815 65.4399986325691 60.9499998258506 60.4600000476867 59.4674987671171 62.6375007420493 64.7924995312579 67.712501496897 71.0675010547908 72.4475002241061 72.1599998438382 72.2950019876197
-9999 -9999 -9999 -9999 -9999 -9999 71.6149978637814 72.2524986261726 69.9524993990753 73.587501525634 73.0150032044864 72.5049972513093 72.5424995431318 72.3774986254067 72.4125003792125 73.0974998444975 73.9200000747188 74.6749992355237 75.1350002281756 75.4475021364353 75.5200004567853 75.0725002346899 73.0599994668012 72.3874988464598 73.4575004580206 73.2600002269823 73.4775009140342 73.809999468358 73.5674991654201 73.7425003058234 74.0424995419159 73.8724994665135 73.7974987025375 73.550001144857 73.5299987783748 73.8225002278312 73.8500003821665 73.7724990875155 73.3524990101265 73.0650005378285 72.342498784052 71.1075000785518 71.4749984779353 71.8350009827672 71.6525020642273 71.4724998578791 69.7649994056286 65.2800007106771 65.0674991375714 67.7224998489708 67.8150005350204 67.7574997099156 66.6774997880076 66.6174983721361 69.115001673992 69.3200015789643 72.5549983911381 73.5424995409736 73.7000007626042 73.7875003794813
-9999 -9999 -9999 -9999 -9999 -9999 -9999 72.4899997700016 66.7600011820312 70.0675010571261 72.6725006106025 73.0725002281461 73.0725002282016 73.2399997704995 73.4025001526573 73.8549995412897 74.3924980159952 74.6674995416516 74.87499809251 75.0774993894435 74.2749996198602 73.5224990855195 74.0025005321465 74.4175014490243 74.3950004567813 74.3075008382841 74.2549991595522 74.4250011439893 74.6525001534316 74.5900001524753 74.6100006093035 74.4600009921821 74.3924999227445 74.4549980161018 74.3399982449102 74.5575008397417 74.5499992396389 74.2549972557094 73.9400005373656 73.3850021345715 72.8074989361766 72.6499996187684 72.9999999955367 73.2700004577638 73.297500610819 73.0825004597186 71.9125003808932 69.742500322544 65.1499996260317 67.872497537849 70.5725002320158 71.8724994705149 70.844999306739 71.4450016038078 71.7450008352796 72.597501751211 73.2775001450901 73.7525005305992 74.0649986322943 74.1149997654375
-9999 -9999 -9999 -9999 -9999 -9999 -9999 -9999 -9999 -9999 66.8950004575285 67.0749998093584 73.532501220548 73.6274986269024 73.789999007708 73.8725013729804 74.1550006862991 74.3899993889804 74.5500011440914 74.6450004577638 74.6575012211532 74.5375003810387 74.6699981696756 74.6474990842258 74.5949993138691 74.6899986270499 74.694999694217 74.7749996185303 74.9174976354592 74.7950000773079 74.6975021352696 74.8000011445295 74.7800025939942 74.6550025939943 74.4850006110762 74.004997255587 72.9974994701578 73.9125003842262 73.934999463664 74.1475009940461 73.9175014517887 73.652500152469 73.5924987799054 73.5874996179903 73.6599979398935 73.6524982430242 73.5749988557683 72.3824978066557 68.5450000902748 70.5874995896575 72.8824996825305 73.3424987827869 73.5074996951746 73.5824985516915 73.5799999239137 74.0074996936054 74.5299987760603 74.6999988522969 74.9224987029471 74.7275009149023
-9999 -9999 -9999 -9999 -9999 -9999 -9999 -9999 -9999 -9999 -9999 60.6449995041112 70.2250003662113 70.2975005940145 73.5275001524633 73.7549991602635 73.8775005335694 74.0600013726562 74.1174983977388 74.2824993127401 74.3574981695518 74.452501296648 74.4775009161501 74.4274997721724 73.8750000000462 73.9649982419762 74.6474990843967 74.6499996199481 74.3799991624533 73.9650001538268 73.6725006114866 73.8299999231646 73.5375022899655 73.7025012981797 73.7575016025351 74.157499313795 73.934999467545 72.7075004625247 73.0049991566505 73.6850013738188 73.7450008392333 73.6750011453601 73.527500153521 72.9900016850286 72.9400005389865 71.99250030713 71.6199989282437 71.0825023664254 68.8025016872166 72.6200008118263 74.4224987036298 74.3525009155766 74.6450004584655 74.4299983996661 74.6700000751494 74.635002134641 74.749999997195 74.9275016759964 74.9874992368929 74.9900016768762
-9999 -9999 -9999 -9999 -9999 -9999 -9999 -9999 -9999 -9999 -9999 60.474999427422 63.6474981457343 60.5699996948242 66.9974994309232 70.2449999039893 73.6049976347303 73.6999988551901 73.8374996181594 73.897499084119 73.8900012973102 74.0549983979914 73.9974994672096 73.9400024401498 74.2824993122082 74.4399986261733 74.5024986271392 74.322500229223 74.2425003044952 74.5724983208289 74.5650005332424 74.5049991603456 74.3950004578256 74.2974987062327 73.6999988615192 72.8449993175572 72.4925003106467 -9999 72.7575016025776 72.6075019838316 72.3100013772351 71.5825004578039 70.9699993053207 71.4725017572948 70.2724990936085 69.1200008492248 68.0700016114951 68.7124996097773 72.6674995341328 74.0424995349115 74.4999999983609 74.739999767775 74.9649982424325 75.0900001511578 74.9999980932756 75.0550003051757 74.9999999973028 75.0025005345517 75.0000019070135 74.9924984001562
-9999 -9999 -9999 -9999 -9999 -9999 -9999 -9999 -9999 -9999 -9999 60.2774991988367 63.4200000612558 63.6175012748464 63.6450004750144 60.6100015639963 70.0500011242168 73.2399997711849 73.4299983972973 73.504997253418 73.5674991605513 73.5925006862145 73.670000076208 73.7899971008301 73.9099979397826 74.1049995410189 74.1900005344624 74.1849994653648 74.0799999263182 73.4650001528126 73.4974994643986 73.914999012749 73.4099998520653 72.8474979411829 72.8374996198805 72.302499774541 71.1499996209694 70.6800003010947 71.0050010715695 70.0074996993105 69.7349987053995 68.4575004734933 67.3099994594491 67.3374977229351 67.8425006793803 67.6674995393265 68.6625003645578 72.2024993785394 74.2499999987036 74.5899982441051 74.6200008362445 74.8599967956544 75.0725002275287 75.2299995422363 75.27999877784 75.2900009155274 75.0799980163574 74.9799995444321 75.0725002301664 74.9599990844726
