socal_rasters/PETWarmestQuarter_SPHAsouth_aggfac2.asc
NCOLS 210 
NROWS 130 
XLLCORNER -119.45 
YLLCORNER 32.483333333 
CELLSIZE 0.0166666666666667 
NODATA_value -9999 
[rows 26 to 51 of 130, columns 120 to 179 of 210]
186.462497746497 187.237499190779 189.977500905119 190.834999076691 191.305000304938 190.882499701653 190.364997856281 187.904998854519 181.8500023899 182.395000340561 182.722499978598 180.507503370046 178.817501130728 180.6699981901 180.139999352409 178.682498976252 174.172500765543 172.740001837293 159.982502084793 155.327499401765 -9999 -9999 -9999 -9999 -9999 -9999 -9999 -9999 -9999 -9999 -9999 -9999 -9999 -9999 -9999 -9999 -9999 -9999 -9999 -9999 -9999 -9999 -9999 -9999 -9999 -9999 -9999 -9999 -9999 -9999 -9999 -9999 -9999 -9999 -9999 -9999 -9999 -9999 -9999 -9999
188.527500144881 189.180000287777 189.744998938434 190.430000284425 191.502502442713 191.742504118316 192.360000600691 192.627502444937 191.8725013874 190.292499612583 190.917503339617 190.132503467216 189.85749817489 186.374996258459 185.105003268593 187.17499917937 187.040001010131 175.309997728449 170.07999809543 167.889999349434 163.614998102523 -9999 -9999 -9999 -9999 -9999 -9999 -9999 -9999 -9999 -9999 -9999 -9999 -9999 -9999 -9999 -9999 -9999 -9999 -9999 -9999 -9999 -9999 -9999 -9999 -9999 -9999 -9999 -9999 -9999 -9999 -9999 -9999 -9999 -9999 -9999 -9999 -9999 -9999 -9999
188.992500301839 189.605003342087 190.365001667942 190.907497395513 191.452503202325 191.845001218307 192.289997088753 192.597499839744 193.132495876079 193.51249694441 193.409999855386 192.595001232253 191.180000347677 189.9925003234 189.627498763718 187.800002892397 189.007499839074 181.819999696664 183.545005788817 182.294998232602 174.959999198213 168.917499490494 -9999 -9999 -9999 -9999 -9999 -9999 -9999 -9999 -9999 -9999 -9999 -9999 -9999 -9999 -9999 -9999 -9999 -9999 -9999 -9999 -9999 -9999 -9999 -9999 -9999 -9999 -9999 -9999 -9999 -9999 -9999 -9999 -9999 -9999 -9999 -9999 -9999 -9999
189.314998623948 189.669998161986 190.262496937834 190.847499839513 191.317497246643 191.564998623115 191.999999995411 192.152503958156 192.485000597838 193.04750060281 193.437496179945 193.572498317139 193.430000304923 193.362499242796 189.974998532932 191.027500077695 187.899997890483 177.805000256349 186.737499087784 186.659999938238 180.257495965032 175.474998451427 182.702499325575 184.597499856319 -9999 -9999 -9999 -9999 -9999 -9999 -9999 -9999 -9999 -9999 -9999 -9999 -9999 -9999 -9999 -9999 -9999 -9999 -9999 -9999 -9999 -9999 -9999 -9999 -9999 -9999 -9999 -9999 -9999 -9999 -9999 -9999 -9999 -9999 -9999 -9999
189.525001520127 189.672504420525 190.225002281334 190.669998164701 190.81999968698 191.689998622396 191.827499384697 192.147502892962 192.557502747931 192.584999083236 193.03750228695 193.100002287563 193.472499846021 193.594997407026 193.48249435566 193.884998321274 192.989997886182 190.402500150354 191.475002276917 191.617500380419 185.19749839973 185.592502627088 188.759998191749 188.167503431326 186.147499062266 176.167496061887 -9999 -9999 -9999 -9999 -9999 -9999 -9999 -9999 -9999 -9999 -9999 -9999 -9999 -9999 -9999 -9999 -9999 -9999 -9999 -9999 -9999 -9999 -9999 -9999 -9999 -9999 -9999 -9999 -9999 -9999 -9999 -9999 -9999 -9999
189.360000609201 189.330001831519 190.107501975807 190.270000457999 190.534996026534 191.077503197996 191.580001824775 191.864997866447 192.164997091261 192.247497557481 192.437496180444 192.65500260228 192.832500450301 193.412498469151 193.562499998074 194.01250075479 194.057498928106 194.037498485541 193.700000751833 192.952503202615 189.622501370474 192.834999058808 192.410003674353 186.657501255365 179.907501336169 172.455001951346 163.832504273162 -9999 -9999 -9999 -9999 -9999 -9999 -9999 -9999 -9999 -9999 -9999 -9999 -9999 -9999 -9999 -9999 -9999 -9999 -9999 -9999 -9999 -9999 -9999 -9999 -9999 -9999 -9999 -9999 -9999 -9999 -9999 -9999 -9999
189.200000760179 189.502498624273 189.655002589316 190.160003662109 190.292503350634 190.912502289417 191.135002124879 191.620002740496 191.707500461076 192.212505335013 192.090003967285 192.130004882812 192.495002741775 192.829998011005 193.080001822066 193.487499234086 193.8100013686 194.132499687867 194.7275009109 194.505001079834 193.764995580584 191.087501654886 184.51749802112 183.827495644132 178.965000189561 180.497497532061 177.917499658737 174.385002156786 -9999 -9999 -9999 -9999 -9999 -9999 -9999 -9999 -9999 -9999 -9999 -9999 -9999 -9999 -9999 -9999 -9999 -9999 -9999 -9999 -9999 -9999 -9999 -9999 -9999 -9999 -9999 -9999 -9999 -9999 -9999 -9999
188.777500147181 189.497501368535 189.490005493164 189.702503198568 190.022502896199 190.292499532292 190.702499389769 191.057498926894 191.22749709531 191.650001522417 191.775001525879 191.764999389146 191.912498467164 192.237503044748 192.762500766406 192.957500446251 193.377498619021 193.774997704881 194.094997397279 194.517498010364 194.354999550016 193.770004296506 191.482498213704 187.967502620437 185.270000417486 179.567501301612 171.767501821402 170.75499728242 170.54249959256 163.635002388281 -9999 -9999 -9999 -9999 -9999 -9999 -9999 -9999 -9999 -9999 -9999 -9999 -9999 -9999 -9999 -9999 -9999 -9999 -9999 -9999 -9999 -9999 -9999 -9999 -9999 -9999 -9999 -9999 -9999 -9999
188.562503811591 188.837501520427 189.345001220703 189.569995879184 189.819999691972 190.165000908579 190.400001522498 190.732494354857 190.912502287714 191.090000149374 191.225002282091 191.450000762437 191.51750564006 191.790000908645 192.012496943748 192.394996636082 192.812499998046 193.097499843868 193.54000472044 193.955001824662 194.172500607266 193.680000318414 193.195003529384 191.83250048667 190.844997423664 186.647499147951 180.524997842088 168.687504031408 164.757499911022 156.712497720744 156.884998398542 -9999 -9999 -9999 -9999 -9999 -9999 -9999 -9999 -9999 -9999 -9999 -9999 -9999 -9999 -9999 -9999 -9999 -9999 -9999 -9999 -9999 -9999 -9999 -9999 -9999 -9999 -9999 -9999 -9999
188.230003356933 188.440002434215 188.847496027218 189.227500909278 189.65500259233 189.760002141742 190.06499862212 190.522502897831 190.659999844468 190.815002441406 190.95500182931 190.852500907618 191.052497859848 191.367496487037 191.527496335964 191.950000757507 192.277500149591 192.612499233779 193.157497397411 193.630001060924 193.557502753154 191.495002796564 187.67750174744 188.357501861581 191.077499391166 189.759998354593 186.967498807969 184.235000635135 178.129997298501 168.652500256067 161.614997879576 158.647502972501 147.069999987452 -9999 -9999 -9999 -9999 -9999 -9999 -9999 -9999 -9999 -9999 -9999 -9999 -9999 -9999 -9999 -9999 -9999 -9999 -9999 -9999 -9999 -9999 -9999 -9999 -9999 -9999 -9999
187.142498015093 187.155002590979 188.230003353893 188.682502744106 189.257499686148 189.567497257612 189.620002739578 190.032497408805 189.947498321901 189.832500457393 189.907501216343 190.072498319399 190.162498463369 190.899997705319 190.979999544548 191.112499230722 191.714996325642 192.152500143269 192.375003810467 192.447505961183 192.42000198096 192.322502130691 191.837501544515 192.452499394717 191.770004288463 190.064998662824 184.827499468112 181.289997194614 172.264999508169 166.145000436928 167.56499865142 166.235000528784 162.780002610009 165.097499868369 160.145000538298 -9999 -9999 -9999 -9999 -9999 -9999 -9999 -9999 -9999 -9999 -9999 -9999 -9999 -9999 -9999 -9999 -9999 -9999 -9999 -9999 -9999 -9999 -9999 -9999 -9999
186.499996166438 187.622501365984 187.342498782922 188.264999384932 188.799999230642 189.194999691469 189.047500607333 189.274997713859 189.0874977221 187.879997241549 188.947498328634 188.799999232541 188.989997862504 189.524997701495 190.334995257192 190.684997552644 191.099998479073 191.354999542761 191.46750259201 191.782501210981 192.422500600292 192.962501526284 192.864997868939 192.602497097953 192.007503520419 190.24499898078 186.007499714266 184.840000221588 177.799999375713 175.307498954294 173.034999896549 171.957500469768 169.020000453981 171.075000779939 168.022499162793 168.689998265973 165.375000106679 -9999 -9999 -9999 -9999 -9999 -9999 -9999 -9999 -9999 -9999 -9999 -9999 -9999 -9999 -9999 -9999 -9999 -9999 -9999 -9999 -9999 -9999 -9999
186.887500751091 187.427497865974 187.825000761536 188.120002744696 188.494998925467 188.739997864009 188.674995419706 188.597499850212 188.487499247243 188.362499244849 187.969997415475 188.282501218318 188.637496942297 188.709999086002 189.334999076512 190.04250334568 190.694999675018 191.072498321927 191.382499696807 191.709999084207 192.294998161702 192.515003205967 192.455001834592 192.465003967285 192.067497262109 191.54999926512 189.277500201679 185.442501047698 183.007503586503 180.872497598983 179.052501753894 175.700000852029 177.384998248742 174.019996613757 175.452499324896 173.767498074101 172.895000484651 170.017497948842 167.159996062068 -9999 -9999 -9999 -9999 -9999 -9999 -9999 -9999 -9999 -9999 -9999 -9999 -9999 -9999 -9999 -9999 -9999 -9999 -9999 -9999 -9999
185.869998933265 186.937499993852 187.249999996959 187.697498322594 187.93749617829 188.114997863769 188.022502893977 187.654998801937 186.635002153896 186.262496941195 186.71499634711 185.115001722156 185.760002061851 188.025001532251 187.415000910904 188.460002878732 189.727500905494 190.562496185434 191.037502280224 191.407497406139 191.520000456423 191.814998621035 192.205001817722 192.502502441817 192.059993748863 191.110000635633 188.675003106863 184.86999897385 186.810001391723 186.367500307032 183.482498199549 181.042495714958 181.287498477471 182.879997311743 182.37750228462 185.075000759081 185.402500147659 181.782501295134 175.474998484414 180.860000472092 178.440002494425 -9999 -9999 -9999 -9999 -9999 -9999 -9999 -9999 -9999 -9999 -9999 -9999 -9999 -9999 -9999 -9999 -9999 -9999 -9999
185.930000300575 186.154998777441 186.634998308202 187.01249694671 187.307498928676 187.467498775583 187.577499389045 187.412502292348 186.547500637708 183.534999880793 185.772499043983 186.835002894901 186.887500746368 186.72750095389 186.434997543699 187.165000917597 188.434997534617 189.502498620015 190.049999215377 190.909999834894 191.402496336147 192.007499690637 192.297496797967 192.547500609118 192.700004577361 192.389999400761 191.232498176637 191.437503813148 190.922500620133 189.792499578345 188.172500680032 184.884998359714 185.472503597616 188.090000124158 188.350002285277 190.224998512124 189.167499507724 192.507503545457 188.265003206462 188.627502528352 183.967502632451 182.242504136982 183.139999280118 -9999 -9999 -9999 -9999 -9999 -9999 -9999 -9999 -9999 -9999 -9999 -9999 -9999 -9999 -9999 -9999 -9999
185.329998010375 185.757499693084 186.095005027214 186.692493437424 186.722499846817 186.552501681702 186.820003510971 186.817501070915 186.180000312536 184.857502008987 184.350002239234 186.510002129953 186.777496334981 187.090000152843 187.200000774496 187.852500894184 188.704998010624 189.282501214534 189.290000917907 189.737503037242 190.282501210107 190.829998006091 191.360000590761 191.899997727073 192.334999075092 192.442501066865 192.345001220144 192.430000310245 192.50249862997 192.030002595136 191.112499240366 189.702499416406 188.285003672592 190.754997203008 191.444999758838 194.082500439506 195.525001544407 195.935001390734 193.587501497888 191.884998467715 192.454998064472 194.945003470362 194.474998382905 197.639999327839 194.819999735031 201.10999662692 -9999 -9999 -9999 -9999 -9999 -9999 -9999 -9999 -9999 -9999 -9999 -9999 -9999 -9999
184.502498624293 185.07249831237 185.532501212166 185.917495724356 185.967502592687 185.420001980767 185.504997254626 185.494998937241 184.942501068238 185.350002282884 185.67250061546 185.909999842893 186.390003191443 186.987503043474 187.40499877339 187.94500349995 188.532497394409 189.119998917184 189.817501065074 190.295001978049 190.51750182475 191.142501820383 190.985000605454 191.72249602929 192.255004875915 192.507503505494 192.652500142378 192.86000061176 192.88000106131 192.982498169944 193.382499682899 193.590000163868 192.284999862261 193.384998274053 195.479999522177 197.095005007195 198.444999685262 198.750000003307 198.807498965628 198.610000593906 199.854999579623 201.064998647985 202.327499357224 203.3699988913 204.770000464359 205.985000613195 203.150001574515 -9999 -9999 -9999 -9999 -9999 -9999 -9999 -9999 -9999 -9999 -9999 -9999 -9999
183.702499387923 184.279994957872 184.632495871824 184.894996636464 184.950004581677 184.34749984202 184.30249787331 184.100002287114 184.462501522076 184.730003348032 185.262500761569 185.314998625202 185.825000753832 186.399997703025 186.982501975039 187.534999841979 188.139999385218 188.822502130324 189.569999682395 190.329998010231 190.787498467817 191.147499077043 191.679996483133 192.102500907719 191.899997720838 191.947502126646 192.062500002657 192.574996940356 192.692501063721 193.182498921466 193.762500768543 194.337501509826 194.83750151234 195.854995719333 196.787498466009 197.780002586869 198.735004407419 200.035003647073 200.324996940071 200.959999058282 202.124999983145 203.365005477746 204.775001507573 205.577503200756 206.587497681186 207.44749831948 208.067501066049 208.194995889402 208.55500408352 209.459999041754 -9999 -9999 -9999 -9999 -9999 -9999 -9999 -9999 -9999 -9999
183.042503349687 183.692501063824 183.732498171401 184.117500304587 184.03000259447 183.352497109097 183.267501826828 183.459999075709 183.59750365389 184.087501524272 184.442497242579 184.947502133343 185.207500439169 185.79999541905 186.475002277776 187.224998467395 187.930000297879 188.17749787939 188.552505475844 189.957500447243 190.650001515685 191.215000147454 191.662502282696 191.972499846453 192.100002302337 192.332504272878 191.837501548397 191.674999210024 192.252502434459 192.655002576011 193.547496790913 194.282501208988 195.279998766195 196.104999533444 196.032501248286 196.322498274476 196.404998768541 199.032501204916 200.707500416455 201.957500444211 202.770000441522 203.772499071984 204.539997092142 204.704998057878 205.692497301632 206.569999610141 208.462501511415 209.257499692426 218.74000108973 219.540000311953 225.09999876092 -9999 -9999 -9999 -9999 -9999 -9999 -9999 -9999 -9999
182.147499080906 182.465000146324 182.707500453203 182.64249802237 182.562500008201 182.65750121627 182.800003055139 182.707500458372 183.00499725121 183.615001667835 183.920001976168 184.277500150956 184.695003495354 185.542499524521 186.209999077282 186.55250167187 187.222499837378 187.332500462358 188.470001211712 189.552497855912 190.144996625093 -9999 191.604999529993 192.222496027646 191.784999837756 192.607498160472 192.639999395523 192.549999217346 192.352500901492 193.132495877701 193.827495573946 193.159999818777 193.754997250214 191.897502950603 186.977500997386 184.650001489358 186.147503004793 189.582500375213 194.152500049541 197.142501825721 192.547500620305 200.937496168803 198.287498718146 193.180000516206 191.310001111336 204.06750475942 207.612499206701 207.530002562972 207.174999281455 219.850005501236 225.442496936506 231.277503951404 -9999 -9999 -9999 -9999 -9999 -9999 -9999 -9999
180.797500608626 180.98750305605 181.414997090072 182.037498475182 181.889999389648 181.659996037987 181.822498318031 182.134998313987 182.537498470563 182.950000759478 183.39500045278 184.110000610352 184.672504421633 185.167499523501 185.479995724201 185.642501809194 186.885002123982 -9999 188.075000749982 189.127494795898 189.852497086746 190.527500143267 -9999 -9999 192.405002603927 192.457500434844 192.540000912451 192.647499086585 192.292499542378 193.677501664622 194.320003496591 193.589996367395 190.120002817045 184.462497858747 179.652496372254 175.750000020784 178.025001489424 181.642497881786 185.08000176236 187.114997899098 184.412502351181 181.139999252431 182.837498024093 168.652500124027 179.704997858375 192.177501390131 202.755004918419 191.202499348239 196.545001545473 207.564998583667 209.389999751008 229.720001110025 -9999 -9999 -9999 -9999 -9999 -9999 -9999 -9999
179.810001354425 179.892498017401 180.039997101298 180.564998614683 181.275001532297 181.407501215551 181.457496648018 181.749999990749 182.16500090375 182.459999074829 182.882503497935 183.747497546919 184.299999230989 184.882503498943 185.452499379761 -9999 -9999 -9999 187.4349975459 188.867496480757 189.612499232902 190.147499078124 190.807498923042 191.582500452421 192.044998165358 192.805000295175 192.572502169098 192.742496479354 193.395000458614 193.670002004766 194.182502730059 193.565002471199 188.602497161538 186.512500841338 180.584995332608 179.094997438667 177.392498042804 176.342498729526 179.017501783086 181.332500436596 179.194999782162 167.375000309594 165.300003010492 165.782501085371 173.622501236504 183.557495056987 187.827503141557 174.802498252168 175.470000962363 187.077499252259 190.907497177639 200.620002449912 225.429996143327 -9999 -9999 -9999 -9999 -9999 -9999 -9999
-9999 -9999 179.797500606726 180.097499843993 180.422496790306 180.69499969147 180.72750090961 181.299999228053 181.742500298674 182.132499689014 182.569999689592 183.155002587717 183.8150024409 184.51000212476 185.184997549349 185.624996177024 -9999 186.384998323896 187.662498462089 188.242500300781 188.909996022521 189.805000292208 190.387500747023 191.072498306601 191.77250289241 192.354999538069 193.182498919437 192.970001242106 190.500000016729 188.369998885073 184.995002734803 188.915000875612 185.377502542878 181.764999420422 180.202499364721 181.780002657235 177.097499914197 170.634998446333 170.512500738882 172.175003044452 168.982498301796 162.445003500583 151.690002807532 152.700000718926 159.832496256268 165.345001387546 168.777500130497 167.02000439591 167.585002751503 180.920001533792 198.349994472889 202.042499564998 216.4774968968 -9999 -9999 -9999 -9999 -9999 -9999 -9999
177.847499837634 178.372501366215 178.792499539078 178.997505185748 179.027500139157 179.479995722986 179.777500144496 180.317501065072 180.969997396682 181.584999078785 182.020000454524 182.719997394456 183.49499893062 184.132495870823 184.645000442098 185.255001064493 185.540000904321 186.409996030615 187.302501663526 187.857498162686 188.390003201126 188.860000604408 188.184997590427 189.035003596077 191.272502890755 192.055000292119 192.717498773842 193.382499691022 193.229999571725 188.902496456499 182.452499468813 181.462497708723 181.33250059796 184.647499101034 184.654998719414 179.372501473198 179.364997847635 178.357498213905 171.849998551596 163.402500330897 157.965003951966 156.547500754203 154.487499398249 155.35250089945 140.247501190326 134.397499426198 131.030002433766 148.892502056349 160.422500076141 172.132499626696 175.817500904198 181.772498920252 201.084998816369 230.477496951259 -9999 -9999 -9999 -9999 -9999 -9999
176.870006553227 176.694999695985 176.804996495391 176.980003353633 177.242500296975 178.139995570638 178.415000914803 178.57500076367 179.499999979636 180.519996630456 181.222499835577 181.665000899961 182.927501664426 183.879997244242 184.290000906282 184.719997399021 185.217502579009 186.282501218997 186.662498464205 187.037502288952 187.627498618795 187.977500914312 187.945003507073 187.660003671425 190.377502413402 191.612499227476 192.312503803369 192.892501821057 193.542499535857 194.30249785592 193.3299942416 190.422496793482 190.037498483292 192.892501833545 190.779998857468 181.9899980811 182.604999434065 183.642501907888 177.442501182057 167.852501091705 159.630004978119 155.935001404741 156.00749976479 160.23500070713 136.827499736566 116.947500477088 115.140001034735 126.347499530969 131.895000596742 163.859996384965 174.682498825917 182.220001017351 193.689998321716 224.102496669015 -9999 -9999 -9999 -9999 -9999 -9999
176.052497871247 175.800003060341 175.405002588381 176.02750014681 176.362503049499 177.22999953361 177.479999539338 177.535003658945 179.010002114394 180.10750197437 181.01499938317 181.49999998845 182.385002124593 183.13750456196 183.747501359552 184.514995568225 184.952499385609 185.592498766827 185.694999701699 185.584999078879 185.432502751544 186.817501050418 187.729999543324 187.342498760254 189.922496763236 190.784996035771 191.755001058325 192.389999378665 193.097496022649 193.642498007651 194.375003806939 194.775001532243 194.235000613846 194.95000075825 194.369998961678 192.877494846899 190.612495444328 186.837497818088 177.404998882192 170.852497226147 166.457500421757 164.224998619666 162.714996237672 154.517498100491 135.854996224118 119.617500383385 123.537500190894 140.104997314448 145.572496011888 162.652499656945 174.759998219639 179.99750111182 195.617503764 222.572501627236 233.342498760472 -9999 -9999 -9999 -9999 -9999
