socal_rasters/PETWettestQuarter_SPHAsouth_aggfac2.asc
NCOLS 210 
NROWS 130 
XLLCORNER -119.45 
YLLCORNER 32.483333333 
CELLSIZE 0.0166666666666667 
NODATA_value -9999 
[rows 26 to 51 of 130, columns 120 to 179 of 210]
71.2900009380738 71.8050021798142 74.3024997635167 74.8299999126235 75.1749992453801 74.5625000089848 73.5574989339366 71.2075005185013 67.2349987628666 67.2900008517335 67.4349995474196 66.0500010663229 65.1199999192059 66.0300006993894 65.6499996000391 64.8625011678215 62.8049994270777 62.0599985831494 56.367499392887 54.3050003102355 -9999 -9999 -9999 -9999 -9999 -9999 -9999 -9999 -9999 -9999 -9999 -9999 -9999 -9999 -9999 -9999 -9999 -9999 -9999 -9999 -9999 -9999 -9999 -9999 -9999 -9999 -9999 -9999 -9999 -9999 -9999 -9999 -9999 -9999 -9999 -9999 -9999 -9999 -9999 -9999
73.5950012082795 74.2824992930566 74.5575008515133 74.9824981381735 76.0299987802479 76.347497937308 76.6199989275375 76.524999630216 75.2224998548967 73.3900013773586 73.4825000604733 72.5700015835947 71.879999165573 69.2325001197539 68.4749984281532 69.5300006501689 69.3499985244203 63.30000026608 60.9474993052235 59.9149999418788 58.0275002538571 -9999 -9999 -9999 -9999 -9999 -9999 -9999 -9999 -9999 -9999 -9999 -9999 -9999 -9999 -9999 -9999 -9999 -9999 -9999 -9999 -9999 -9999 -9999 -9999 -9999 -9999 -9999 -9999 -9999 -9999 -9999 -9999 -9999 -9999 -9999 -9999 -9999 -9999 -9999
74.6499996159992 75.1474971688885 75.7824993062206 76.4725017513415 76.6300010681151 77.0024986251513 77.3500003809865 77.637500757462 78.0699996948241 78.2149982489479 77.5375003982882 75.8899994145046 73.5149994415102 72.1524982642278 71.7425004103398 70.2324980679221 70.8575001673786 66.5925006909781 67.3675003058353 66.5999985063488 63.0774994428973 60.4350013549174 -9999 -9999 -9999 -9999 -9999 -9999 -9999 -9999 -9999 -9999 -9999 -9999 -9999 -9999 -9999 -9999 -9999 -9999 -9999 -9999 -9999 -9999 -9999 -9999 -9999 -9999 -9999 -9999 -9999 -9999 -9999 -9999 -9999 -9999 -9999 -9999 -9999 -9999
75.8350009915914 76.0025024382747 76.402500150366 76.8899993846967 77.4549999130091 77.53750038135 77.8374977088873 77.5525016834578 77.9999999712942 78.5825004551675 78.6075000771661 78.6149978700467 77.4825000908416 76.4599991061394 72.340000199329 72.770000400333 70.3799992775212 64.6824998625895 69.1974982301691 69.0249996720669 65.7024994361919 63.4575014015767 66.6875018772842 67.5550022207451 -9999 -9999 -9999 -9999 -9999 -9999 -9999 -9999 -9999 -9999 -9999 -9999 -9999 -9999 -9999 -9999 -9999 -9999 -9999 -9999 -9999 -9999 -9999 -9999 -9999 -9999 -9999 -9999 -9999 -9999 -9999 -9999 -9999 -9999 -9999 -9999
76.6374988580064 76.6200008429448 77.1400012916174 77.3300018275175 77.5174999202592 78.26749992119 78.4425010638883 78.7249984721734 78.965000151361 78.9425010677443 79.0150012955019 78.9875011410196 78.8374996229575 78.5599994646678 77.8099994893116 76.9775009146212 74.9350014149878 72.090000156524 72.6399993838297 68.6699993761823 64.6074999184245 64.7149994128912 58.8849994063526 62.1725006447328 61.0924997262071 63.7275010681857 -9999 -9999 -9999 -9999 -9999 -9999 -9999 -9999 -9999 -9999 -9999 -9999 -9999 -9999 -9999 -9999 -9999 -9999 -9999 -9999 -9999 -9999 -9999 -9999 -9999 -9999 -9999 -9999 -9999 -9999 -9999 -9999 -9999 -9999
77.4150009180583 77.449998854431 77.525001525879 77.7775020567533 77.8475017534535 78.3049983911177 78.8650016741193 79.020000452895 79.2124996164448 79.2799987792969 79.3750000019935 79.3950004590193 79.304998401622 79.2900009211353 78.9274997768964 78.8649997706009 77.8474979500976 76.5099983433234 75.3825016134122 73.6600017619525 56.0149993877707 65.8674993397568 64.7874994371821 65.0175006983253 65.5900002074929 62.1349993296579 58.3600006125903 -9999 -9999 -9999 -9999 -9999 -9999 -9999 -9999 -9999 -9999 -9999 -9999 -9999 -9999 -9999 -9999 -9999 -9999 -9999 -9999 -9999 -9999 -9999 -9999 -9999 -9999 -9999 -9999 -9999 -9999 -9999 -9999 -9999
78.0125007648949 77.9950008380734 78.0850009862078 78.3525009158811 78.3474998508588 78.7125015212063 78.9174995365603 79.2800006851847 79.3675022133831 79.5699996916098 79.6450004600063 79.4300003049247 79.3799991612726 79.2850017578195 79.2600002270843 79.0849990865423 78.9400005400517 78.6475009995658 78.0675010759162 76.6575012677135 74.7775001647925 68.4274991153047 67.8675003058566 67.4799995751145 65.0324983780286 65.7049999112036 64.6299982593985 63.1599998620557 -9999 -9999 -9999 -9999 -9999 -9999 -9999 -9999 -9999 -9999 -9999 -9999 -9999 -9999 -9999 -9999 -9999 -9999 -9999 -9999 -9999 -9999 -9999 -9999 -9999 -9999 -9999 -9999 -9999 -9999 -9999 -9999
78.6024990089841 78.5649986294929 78.624999998129 78.7200012221181 78.9799995424741 78.9949989330827 79.1749992360945 79.4975013717086 79.5324993100423 79.7975006037992 79.7474975614592 79.5074996926901 79.3374996168858 79.2624988575025 79.1900005358551 79.0600013753606 78.9650001578003 78.5575008443524 78.0200004638457 77.3575000841513 76.4050007083747 74.3325004892389 68.37500023617 62.3400011226971 68.339998234757 65.5274983484444 62.0500001890556 61.6725015748662 61.4025011268171 58.5174990703667 -9999 -9999 -9999 -9999 -9999 -9999 -9999 -9999 -9999 -9999 -9999 -9999 -9999 -9999 -9999 -9999 -9999 -9999 -9999 -9999 -9999 -9999 -9999 -9999 -9999 -9999 -9999 -9999 -9999 -9999
79.0124969518081 79.0699996948241 79.0275001541082 79.2350006091724 79.1874999986925 79.3600006120288 79.6100006098685 79.8299999224888 79.9274997690326 80.0850009960247 79.7749996220187 79.6000003799633 79.295000076041 79.2250003822343 79.0625000050078 78.8299999286214 78.5349979450151 78.1625003892143 77.7100009960523 76.9674987871542 76.1824970380834 74.7649994066691 73.4624996423379 72.0375004062665 63.8524990171455 68.9850025490919 65.992501325003 60.8575001735955 59.0775004333459 54.0324994068383 49.6549997642919 -9999 -9999 -9999 -9999 -9999 -9999 -9999 -9999 -9999 -9999 -9999 -9999 -9999 -9999 -9999 -9999 -9999 -9999 -9999 -9999 -9999 -9999 -9999 -9999 -9999 -9999 -9999 -9999 -9999
79.5224990852781 79.4124984728453 79.4825000780482 79.5649986241152 79.700000755095 79.9699993174283 80.0875015216522 80.2150020543375 80.2174987818732 79.9400005399918 79.6850013810151 79.3349990852258 79.1499977109285 79.0974998452455 78.9874992366753 78.6525001483193 78.3600006215578 77.9000015361173 77.5100002304684 76.8249988638476 75.4500007929844 72.6199989767332 69.9400005691561 70.1900004737802 71.4524993930975 70.6474991048918 69.0499992532846 67.7425022287183 64.8600006347361 60.8725004608657 56.2775002403737 50.3975000738722 46.6675015015601 -9999 -9999 -9999 -9999 -9999 -9999 -9999 -9999 -9999 -9999 -9999 -9999 -9999 -9999 -9999 -9999 -9999 -9999 -9999 -9999 -9999 -9999 -9999 -9999 -9999 -9999 -9999
78.137500764666 77.9724998421932 79.2875003895392 80.0125007581055 80.2049999241814 80.6274986241929 79.8374996082656 80.082500462511 79.7500000080971 79.0625000025965 78.2425003162641 78.049999242585 78.4174995355324 78.7449989313752 78.5724983309069 78.1599998505169 77.4350013876251 76.9800014537855 76.3150005456932 75.2299995704699 74.3850002414904 73.6424999292436 72.990001695879 72.8775005407702 72.1075000918824 70.7450008650697 68.0849991227955 66.3349991281258 62.3924999729008 59.8300008691032 60.4849996698948 58.3400002072563 55.2650003491441 56.392499935281 54.1775007591569 -9999 -9999 -9999 -9999 -9999 -9999 -9999 -9999 -9999 -9999 -9999 -9999 -9999 -9999 -9999 -9999 -9999 -9999 -9999 -9999 -9999 -9999 -9999 -9999 -9999
77.8724994375298 79.8324985512271 78.5699997118979 80.0049991454399 80.4675006801084 80.7824974082823 79.8549995376475 79.8325004676229 78.6525001747918 75.6925010286764 77.8150005495062 76.6749992531297 75.6400013068633 76.4250011359971 77.7849998317466 77.7549991605084 76.5475006300277 75.637498858347 75.059999479693 74.4900016784665 74.8200015933203 74.9350013797751 74.0174999412553 73.1400013063128 72.3924999332246 71.0524998084841 68.6574993196492 67.9975014103259 64.9174996039072 63.6849994696538 62.7899999862779 62.3375005761097 61.0725002287374 61.9774999696202 60.7449989599089 57.915000942842 53.3425007343074 -9999 -9999 -9999 -9999 -9999 -9999 -9999 -9999 -9999 -9999 -9999 -9999 -9999 -9999 -9999 -9999 -9999 -9999 -9999 -9999 -9999 -9999 -9999
80.1100006174837 80.5049991589106 80.5649986201598 80.8749980881711 80.9999980924137 80.8499984808305 80.2400016825728 79.5074997056574 78.5725002501049 77.9225006188823 76.1050014857156 75.9999999954812 75.6450004663651 74.6200008606449 75.5550002802657 76.5475006192776 77.1249999890547 76.2975006220335 75.7224998686991 75.2799987880861 75.2675018325304 74.4650001693388 73.8599987149746 73.2449989395565 72.6424999401223 71.897501006962 70.3575001024477 68.3875007532236 67.2175007259159 66.2649994056329 65.5149994244168 63.9499988923259 64.6550006543259 63.2399997593942 63.8800010427452 63.1649990369765 62.8424987872131 61.62250038819 60.4775009274804 -9999 -9999 -9999 -9999 -9999 -9999 -9999 -9999 -9999 -9999 -9999 -9999 -9999 -9999 -9999 -9999 -9999 -9999 -9999 -9999 -9999
78.9399986283198 80.8649997590552 81.282499316512 80.782499321961 80.7900009107731 80.4800014541376 79.9974994694445 78.5174999652129 75.9125004279644 74.1249999906036 74.2399997828293 71.6899986839562 72.0574988573784 74.1549988060612 72.5925006695669 73.5925006681474 74.8524970920989 76.2799987745709 76.0850009963173 75.1574993331983 74.5450000776356 74.0824985564939 73.8275012857058 73.5275001593007 72.8175010723917 71.8624973487421 70.2474994870616 68.1849994887554 69.0874996305816 68.7549972565584 67.4724998584755 66.4149989995016 66.4174995371416 67.1800003330192 66.8374995573202 68.034999843256 68.0499992340733 66.5424995778729 63.9325008436228 66.0099992188685 65.1324997240914 -9999 -9999 -9999 -9999 -9999 -9999 -9999 -9999 -9999 -9999 -9999 -9999 -9999 -9999 -9999 -9999 -9999 -9999 -9999
81.0199985534057 81.2924995365526 81.2450008462502 80.9049987809476 80.589998247141 80.0349998541215 79.6724987108527 79.0075016115454 76.5650006128151 71.0475006374267 73.5425013856731 75.017501833942 73.9849986949065 72.7549992206684 71.8449993143815 72.0025005515195 73.270000431181 74.2374992369296 74.4850006026833 75.1125011456086 75.1924991574136 75.1225013739665 74.8325004682386 74.1024990135215 73.5925007025097 72.7075004770711 71.5524997799289 71.597499850369 71.260000237955 70.6024990231643 69.6950016349297 68.2450008565884 68.3599986794185 69.5125007548794 69.5124988533779 70.37750054816 70.0300006773823 71.5749988718296 69.445001606409 69.5599995113188 67.6574993315872 66.7724981435929 67.1149978181576 -9999 -9999 -9999 -9999 -9999 -9999 -9999 -9999 -9999 -9999 -9999 -9999 -9999 -9999 -9999 -9999 -9999
80.8575019952611 81.1075000745541 80.9599990884487 80.7875003839457 80.1300010757218 79.5550022130034 79.3949985523472 78.5874996288765 76.8774986449877 74.0874996589589 72.1375007172174 75.2749977041513 75.3074989347943 74.3924999455004 73.7049980394709 73.8249988263579 74.5424995408032 74.4774990130358 73.854999546468 73.4524993892492 73.4200000660999 73.6725006075144 73.6949996741455 73.9725017855847 73.3700008384056 73.1499996215864 72.6674995479707 72.3675003070066 72.0824985502734 71.8150005340576 71.3225002318992 70.4675007055923 69.7324981717119 70.8474998246984 71.0799999537954 72.6649989873965 73.6024990280507 73.674999251496 72.3350009836515 71.3675022921631 71.5924988082574 72.9425010500771 72.8999995589601 74.5699977500149 72.7625007816296 77.0549982666949 -9999 -9999 -9999 -9999 -9999 -9999 -9999 -9999 -9999 -9999 -9999 -9999 -9999 -9999
80.9450016074645 80.8924999208062 80.7849998523238 80.3600006164825 79.6499977206903 78.2199993102398 77.8950004599379 77.4025001741325 75.9224987014082 76.1075000825991 75.5825004658615 75.5925006804939 75.7100009877734 75.545000083431 75.4700012214733 75.3425006849638 75.4850006103514 75.6574993098104 75.8100013761995 75.547500618741 75.0424995445161 74.6824989331002 73.7099990882813 73.8499984672714 73.7700004605227 73.5200023773361 72.8624973337679 72.7174987825356 72.2475013759847 72.3274993832257 72.5799999179591 72.5999984862694 71.7900009265912 72.3799991370263 73.7424983802748 74.9025001364067 75.7924995310307 76.1899986252048 75.8974991139789 75.7024993742685 76.5074997268482 77.362499256949 78.460000967309 79.2024993563998 80.3324985515139 81.4299984016184 78.5225010342589 -9999 -9999 -9999 -9999 -9999 -9999 -9999 -9999 -9999 -9999 -9999 -9999 -9999
80.687499997124 80.6175003113231 80.2749996248452 79.7849998551934 78.7324981835642 77.5974998580747 76.399999643649 75.5650005338141 76.0024986285488 75.9725017558734 75.8924999268208 75.8074989330146 75.8625011430179 76.0524978595637 76.0925006878013 76.1475009901398 76.0000018997913 76.3675003029445 76.6475009803182 76.9975013662329 76.6300010716029 76.1500015266896 75.6925010745096 75.4099979406117 73.9424991970476 73.2124996156133 72.7425003055952 72.5349998488204 72.4174995429452 72.6925010651182 72.977499001426 73.4475021369537 73.6900005215379 74.3699970166231 74.9875011351172 75.6599998361301 76.7625007454592 77.582500446186 77.7800006884617 78.020000437055 79.0225009784909 80.0924987665002 81.1975002113518 81.8549995366175 82.5799999029763 83.2124996174246 83.9200000705724 79.2425000379842 70.0874998786329 66.4025001132668 -9999 -9999 -9999 -9999 -9999 -9999 -9999 -9999 -9999 -9999
80.4274997760648 79.9549999288099 79.7000026773049 79.2750015317739 78.312500013193 76.5774994130114 75.9175014540534 75.3924999274795 75.0275020593233 75.7674999176483 75.9274997694986 75.9399986309773 75.9349994618945 76.207500458401 76.3649997700908 76.649999616978 76.7924995415848 75.7000008143947 74.8224982912559 77.5050010681151 77.6575012135941 77.8275012995634 77.049999253113 76.512500772392 74.9525013374162 74.3474998561627 72.9849987340518 72.2375011293418 72.3249988538894 72.6475009825441 73.187499998707 73.6549987720655 74.2824993021446 74.9974994567103 74.6550007093608 74.8050002734084 74.6450004562708 77.0224990674825 78.5925006474549 79.604999537668 80.2625007480764 81.0824985416266 81.5974998382592 81.2900009692235 81.9850006643761 82.6874999037835 84.5799999144868 80.5324995943059 85.1975002267905 67.5299987682932 68.2299995331211 -9999 -9999 -9999 -9999 -9999 -9999 -9999 -9999 -9999
79.7824993166903 79.1449985550543 78.8299980238418 77.5550003179085 76.7575016091848 76.0750007684507 75.5749988577645 75.0374984839803 74.7299976319436 75.3275012904446 75.7875003748665 76.052501680099 76.1775016773284 76.2999992327274 76.5674991593543 76.0049991667162 75.5575008513516 74.5424995675703 75.8524989987913 77.8024997635271 78.2175006792684 -9999 78.0850009953586 77.4825000967067 74.8199996956519 75.6249999969442 74.4700012489554 73.6000003654171 72.9325008271831 73.3575000801477 73.8549995436733 73.0499992278049 73.365001672643 72.0599994967146 69.2674999710516 68.372499447682 69.0849991280963 70.6249999578975 73.1425017600868 75.9874992384276 72.7750015277138 78.3325004415722 76.2050001083152 72.5100003550005 71.3899992530174 80.0225008687447 83.8900012658428 78.6775000287223 78.2600005660393 77.2799987715222 77.8674989904768 69.1574993072966 -9999 -9999 -9999 -9999 -9999 -9999 -9999 -9999
77.8074989336106 77.557500857212 77.1775016736725 77.4225006243819 76.4924984053147 75.4475002462544 74.94749832262 74.9750003853648 74.8700008357985 75.0275001492499 75.7150001391327 76.1275005281573 76.3150005335516 76.5550002972737 75.945001641465 73.7524985846689 75.995000833239 -9999 76.3350009989613 77.5749988321518 78.1824989274585 78.3850002286117 -9999 -9999 77.5699997395196 76.3674983657395 75.5874977367763 74.4475002459203 73.4724998492551 74.5950012078577 74.9574985517079 73.7275009422836 71.1550007265356 68.2699986169442 66.1599998598006 64.5174999303868 65.4349994513006 67.0049991021264 68.4325008103333 69.3149986486367 68.0074997201063 66.6000003256579 67.4124986157615 61.7299995319358 66.1700019198842 71.9274996196039 78.9775009296757 71.3325004265853 70.6100015778586 65.1025008917414 71.2600012489623 68.1775015869446 -9999 -9999 -9999 -9999 -9999 -9999 -9999 -9999
77.0150012894047 76.5674991713216 75.7250003901237 75.9999980787391 76.5075016139395 75.92250061143 75.4700012289151 75.0750007702427 74.992498394515 74.9475021393213 75.2874984540628 76.1675014434335 76.4800014462961 76.7550010627624 76.7625007669201 -9999 -9999 -9999 75.9524993495855 77.9050006941035 78.0774993833443 78.2825012184067 78.4475002268412 78.5199985490451 78.5424995454091 78.3125000065288 76.4600010564376 75.6775016698774 75.5924987870948 75.484998726695 75.1374988537228 74.1849995104872 70.4625015600909 69.3475017906631 66.6399994105928 66.0524997861124 65.3075008564157 64.7099990652261 65.9849986848444 66.8624992219848 65.9275017138615 61.2775002751612 55.7324992022029 54.2775000946776 62.1824997437457 67.6999997735567 69.6575011963821 63.9924995045262 64.3524989047461 69.4549979357697 71.0150011726404 72.5124998926062 67.8399982090092 -9999 -9999 -9999 -9999 -9999 -9999 -9999
-9999 -9999 76.3050003100872 76.3124999951659 76.3099994685572 75.712499621765 75.2550010671489 75.1500015261222 75.2075004542061 75.132499699893 75.1199989261537 76.0375003770759 76.4549999178873 76.8024997646182 76.9049987792968 76.7399997796552 -9999 75.2100009944455 77.4249992296561 77.8474979383324 77.9975013694014 78.255001067575 78.3274993892403 78.4300003027098 78.6025009140099 78.7450008328437 78.8349990895075 77.217500733254 72.7100010034466 70.9424991383599 68.9474983165057 71.0049991393629 69.105001497045 67.3924980291063 66.5800018201396 67.202501323867 65.1774997993565 62.6800003478782 62.5625009441423 63.2874994255126 62.0250006197061 56.0325004599107 49.5550003867784 48.5974998332098 54.6899993966422 55.6675006749186 58.5599994653104 59.4825002293209 56.6050003263688 65.1175011748657 75.4175013218101 73.5599997491873 68.8974992091343 -9999 -9999 -9999 -9999 -9999 -9999 -9999
76.0574989402822 76.2075004571835 76.0775013071709 75.3474998446998 74.4574985500576 74.6924991582499 74.1950015983073 74.300001155607 74.5174999265274 74.8025016761176 74.9925022081638 75.6824989166942 76.5475006044063 76.8400001477448 76.9500007629395 76.7425003159119 76.2150001664006 77.4650001491752 77.6075000753684 77.5000000013315 77.4025001537948 76.9099998617306 73.819999754954 75.0524996674114 78.4850006092479 78.7374992296985 78.9700012207031 78.9549980163574 77.5324993940229 72.6499997304302 67.8999996613452 67.2350006132441 67.2924996026533 68.7275009230016 68.7550029486201 66.3125000381516 66.2800025835362 65.6850013895308 63.2325001015643 59.814999657737 55.6625004714133 50.4800005591252 50.8899993663803 51.217501729761 45.6750010646291 43.0124999620404 42.9450006624827 48.1549997499186 51.8224990363328 61.5200003360754 64.582499427747 66.8975009228912 72.9724999460575 68.7699993944369 -9999 -9999 -9999 -9999 -9999 -9999
75.6800003125381 74.1924991713225 73.3249988743027 72.5524997794895 72.4925003057703 73.0225029004881 72.6150016876448 72.2350006213065 72.5774993681805 73.8474998270136 74.3575000761694 74.327501288335 76.2124995941168 76.914999004865 77.0500011408137 77.0299987792969 76.9575004443419 77.6525001508814 77.3000011515492 76.7600002352746 76.424999242158 75.7174988161749 74.1175003123856 72.9949989518861 77.2450026872635 78.4975013728743 78.6425018264394 78.7675018326038 78.8800010681152 78.8800010681152 76.7349987682281 72.8824996932311 71.9524994046427 74.0524997847454 72.1425018813499 67.4900017838664 67.6525001055246 68.0700016379582 65.4425011178982 61.7175007522742 58.2525005835492 56.3474998620577 56.4150000009469 53.5625001468807 45.5100002995531 37.894999613736 37.0549992396028 40.7525004766531 43.1824998641653 53.4024990149286 62.7049997934887 67.1574992270691 72.7650011293499 67.3099993556303 -9999 -9999 -9999 -9999 -9999 -9999
75.5650005614366 73.7100010140918 72.352499014611 72.2725009895813 72.0650005340574 72.2725009936182 72.0625000047097 71.6450004614153 72.8099994421438 74.060001363648 75.0824985435631 74.9949989366555 76.1574992947597 76.8924999166964 77.1299991530623 77.2625007648797 77.4575023639395 77.2575016070295 75.8450012524352 73.672500616344 73.042501466887 74.3675002718089 74.5524978834951 73.0125026624793 77.4400004932239 78.2800006827563 78.4200000757344 78.4874992349483 78.5099983223837 78.5050010721114 78.565000530322 78.2974987196352 76.5524997858224 76.9174995371079 75.4349995160906 73.7824993277552 72.1049995571781 69.7250004404114 65.4499988991699 62.89499955312 61.240000707019 60.3525009788951 58.0225000863924 51.1050006204702 44.025000640049 39.1750011775892 40.8524998723664 44.2624997496225 46.6849993748993 53.0125005443256 62.749998913829 66.2599982138014 74.0374982690947 70.3225003499586 71.8900012900001 -9999 -9999 -9999 -9999 -9999
