socal_rasters/siltcontent5cm_SPHAsouth_aggfac2.asc
NCOLS 210 
NROWS 130 
XLLCORNER -119.45 
YLLCORNER 32.483333333 
CELLSIZE 0.0166666666666667 
NODATA_value -9999 
[rows 0 to 26 of 130, columns 0 to 59 of 210]
-9999.000000000000000 -9999 -9999 -9999 -9999 -9999 -9999 -9999 -9999 -9999 -9999 -9999 -9999 -9999 -9999 -9999 -9999 -9999 -9999 -9999 -9999 -9999 -9999 -9999 -9999 -9999 -9999 -9999 -9999 -9999 -9999 -9999 -9999 -9999 -9999 -9999 -9999 -9999 -9999 -9999 -9999 -9999 -9999 -9999 -9999 -9999 -9999 -9999 -9999 31.7499999952748 -9999 -9999 -9999 -9999 -9999 -9999 -9999 -9999 -9999 -9999
-9999 -9999 -9999 -9999 -9999 -9999 -9999 -9999 -9999 -9999 -9999 -9999 -9999 -9999 -9999 -9999 -9999 -9999 -9999 -9999 -9999 -9999 -9999 -9999 -9999 -9999 -9999 -9999 -9999 -9999 -9999 -9999 -9999 -9999 -9999 -9999 -9999 -9999 -9999 -9999 -9999 -9999 -9999 -9999 -9999 -9999 37.7500000221943 35.9999999909308 36.0000000092594 34.5000000094508 32.0000000096431 28.4999999803319 -9999 -9999 -9999 -9999 -9999 -9999 -9999 -9999
-9999 -9999 -9999 -9999 -9999 -9999 -9999 -9999 -9999 -9999 -9999 -9999 -9999 -9999 -9999 -9999 -9999 -9999 -9999 -9999 -9999 -9999 -9999 -9999 -9999 -9999 -9999 -9999 -9999 -9999 -9999 -9999 -9999 -9999 -9999 -9999 -9999 -9999 -9999 -9999 -9999 -9999 -9999 38.5000000166122 36.7500000127461 35.9999999913132 35.7499999955609 34.5000000090688 36 37.4999999999996 32.5000000385646 32.749999945917 34.4999999899754 34.9999999999996 33.9999999999996 -9999 -9999 -9999 -9999 -9999
-9999 -9999 -9999 -9999 -9999 -9999 -9999 -9999 -9999 -9999 -9999 -9999 -9999 -9999 -9999 -9999 -9999 -9999 -9999 -9999 -9999 -9999 -9999 -9999 -9999 -9999 -9999 -9999 -9999 -9999 -9999 -9999 -9999 -9999 -9999 -9999 -9999 -9999 -9999 32.499999992457 29.7499999961334 31.7499999643381 38.4999999999949 39.74999996262 40.5000000000004 38.2500000304036 36.7500000133173 35.7499999954662 35.5000000092594 35.7499999858232 34.0000000192827 35.5 34.5000000000004 35.5 35.2500000052022 35.0000000000004 32.0000000107933 -9999 -9999 -9999
-9999 -9999 -9999 -9999 -9999 -9999 -9999 -9999 -9999 -9999 -9999 -9999 -9999 -9999 -9999 -9999 -9999 -9999 -9999 -9999 -9999 -9999 -9999 -9999 -9999 -9999 -9999 -9999 -9999 -9999 -9999 -9999 -9999 -9999 -9999 35.4999999932223 34.7500000034841 35.7499999821009 35.7500000036751 35.7500000037719 34.7499999961347 31.7500000118866 32.000000008116 34.4999999501621 47.7500000382429 38.5000000173736 38.2499999866831 36.7499999954658 -9999 37.4999999905479 34.2500000144629 34.4999999901676 37.2499999849646 37.750000005108 35.5000000104058 33.4999999894028 33.7499999946051 35.2499999945113 34.5000000111719 -9999
-9999 -9999 -9999 -9999 -9999 -9999 -9999 -9999 -9999 -9999 -9999 -9999 -9999 -9999 -9999 -9999 -9999 -9999 -9999 -9999 -9999 -9999 -9999 -9999 -9999 -9999 -9999 -9999 -9999 -9999 -9999 -9999 -9999 36.9999999872081 36.2500000230533 36.7499999898332 38.7499999965154 37.500000007161 36.5000000000013 36.2499999962289 35 35.9999999999991 31.2500000365201 29.7499999958452 34.4999999405169 40.7500000217168 38.7500000133165 35.7500000045342 34 -9999 36.500000019284 35.4999999999996 35.4999999899767 36.2500000051067 35.5000000104049 35.2500000052986 33.9999999892114 35.2499999945108 35.2499999944136 34.250000005681
-9999 -9999 -9999 -9999 -9999 -9999 -9999 -9999 -9999 -9999 -9999 -9999 -9999 -9999 -9999 -9999 -9999 -9999 -9999 -9999 -9999 -9999 -9999 -9999 -9999 -9999 -9999 -9999 -9999 -9999 39.2499999854438 37.5000000120275 34.5000000062043 34.0000000063957 32.5000000000004 35.4999999864441 37.7499999895476 39.9999999856814 42.2500000110271 38.7500000188545 38.2500000115975 34.4999999841505 35.7500000040576 35.7499999958461 35.2499999617609 38.2499999869696 37.0000000177556 35.0000000090679 34.750000013889 -9999 35.7500000048207 34.4999999901677 -9999 37.0000000102152 34.2500000156097 34.2499999735096 35.7499999946059 34.5 34.2500000055851 36.249999994319
-9999 -9999 -9999 -9999 -9999 -9999 -9999 -9999 -9999 -9999 -9999 -9999 -9999 -9999 -9999 -9999 -9999 -9999 -9999 -9999 -9999 -9999 -9999 -9999 -9999 -9999 -9999 -9999 33.2499999863953 35.7499999971826 38.9999999883541 39.2499999849654 37.7500000155138 35.0000000063953 31.2500000164675 31.9999999932223 34.4999999999987 36.4999999928399 39.249999981623 39.2500000037702 36.2500000193307 35.7500000118849 35.749999995942 36.0000000249196 37.2499999787568 36.5000000173732 34.4999999911213 34.0000000090688 34.4999999907394 33.7499999858223 -9999 -9999 35.2500000050121 34.4999999999996 32.0000000104075 35.4999999999996 34.4999999784224 35.2500000164687 35.9999999776593 35.2500000284042
-9999 -9999 -9999 -9999 -9999 -9999 -9999 -9999 -9999 -9999 -9999 -9999 -9999 -9999 -9999 -9999 -9999 -9999 -9999 -9999 -9999 -9999 -9999 -9999 30.5000000046789 31.7499999975655 33.9999999949399 34.4999999894966 34.7500000027197 34.5 35.7500000029116 35.5 37.4999999875918 36.2500000031985 34.9999999999983 34.2500000033882 35.2499999965154 36.2499999892611 37.2499999963244 36.7500000037719 35.5000000231989 34 36.2499999715958 36.0000000166126 36.2500000127461 35.2499999869696 35.7500000044391 35.9999999999991 34.7500000046293 33.0000000094508 32.7499999662536 34.749999995083 33.0000000100238 32.7499999948924 33.2500000052031 33.7499999947014 34.9999999892114 34.5 33.5000000223433 30.9999999886414
-9999 -9999 -9999 -9999 -9999 -9999 -9999 -9999 -9999 -9999 -9999 -9999 -9999 -9999 -9999 -9999 -9999 -9999 -9999 -9999 -9999 28.9999999917907 31 30.5000000089733 29.9999999953215 30.7499999926951 31.9999999999996 32.4999999947489 34.4999999945575 34.0000000112661 36.7499999912665 37.7500000030084 38.0000000062056 38.2499999904062 37.5000000000004 34.7499999898332 35.7499999895476 37.2499999892611 36.5 34.5000000150825 33.5000000077327 -9999 35.2499999959429 35.5000000000004 34.7499999957523 35.5000000173728 34.4999999911218 35.7500000045333 33.5000000092598 33.2499999952744 32.500000019284 33.7500000049157 33.749999994987 32.5000000102143 32.5000000104062 33.2500000158958 33.7499999946051 32.25000000549 31.000000022342 34.2500000056814
-9999 -9999 -9999 -9999 -9999 -9999 -9999 -9999 -9999 -9999 -9999 -9999 -9999 -9999 -9999 -9999 -9999 -9999 -9999 32.5000000000009 31.9999999999991 31.2499999979475 32.9999999957031 33.4999999999991 33.2499999976593 30.7500000024341 32.2499999822877 33.0000000052511 34.9999999945571 33.9999999887331 35.9999999941777 35.5000000000004 34.5000000000017 35.2500000095947 35.7500000098816 36.4999999932223 37.0000000069687 37.5000000071597 38.2499999963249 38.2500000037698 36.7500000038649 -9999 -9999 35.4999999999996 35.5000000084967 35 33.2500000133165 31.7500000045342 32.4999999907398 32.750000004726 33.0000000000009 33.2500000049162 32.7499999949883 33.2500000153228 32 33.0000000105963 31.7499999838165 32.7499999945104 32.9999999888303 32.7499999829574
-9999 -9999 -9999 -9999 -9999 -9999 -9999 -9999 -9999 -9999 -9999 -9999 -9999 -9999 -9999 33 33.7500000015751 33.750000001671 31.7500000017652 31.4999999999996 31.4999999960863 31.4999999999991 32.2499999935559 32.5000000044862 33.750000002339 33.2499999975663 32.5000000050618 34.499999984246 34.5000000108837 35.24999999155 34.9999999941772 34.4999999999991 33.7499999968983 32.9999999936043 33.2500000032927 34.7499999966109 35.2499999895463 34.2499999964191 35.7499999889737 36.4999999773736 34.7500000193307 32.9999999999996 34.7499999959412 35.7499999958452 34.2499999957502 34.75000001303 32.0000000088778 32 31.2499999953699 32.0000000000009 32.7500000048211 32.749999995083 31.2500000050108 31.7499999846781 31.7499999947965 32.749999994701 32.5 32.2500000054896 32.5000000000004 32.7500000056814
-9999 -9999 -9999 -9999 -9999 -9999 -9999 -9999 -9999 -9999 -9999 -9999 33.2499999988065 34.250000001289 34.4999999972302 34.5000000029596 34.7500000015742 35.2500000016701 33.2500000017652 32.0000000000009 31.0000000039124 30.2500000020525 30.2500000021472 29.7499999932702 33.9999999953211 34.2499999975659 33.7500000075905 34.749999992123 34.5000000054442 33.2500000140852 31.2500000087339 31.0000000060137 32.7500000031026 33.7500000031977 33.7500000032927 32.4999999932218 33.2500000034846 32.9999999928399 34.2500000036751 33.5 32.7499999961339 33.0000000158487 32.2499999878256 33.0000000000004 33.000000016995 32.9999999913119 32.7500000133169 31.5000000000004 31.4999999814808 32.9999999905501 33.5000000192831 33.0000000294966 33.249999994987 31.4999999897848 31.2499999843916 32.749999994701 32.5000000107886 31.5000000109783 31.7500000055859 31.9999999999996
-9999 -9999 -9999 -9999 -9999 -9999 -9999 -9999 -9999 32.7500000009074 34.0000000000004 34.000000002196 34.7499999988074 35.499999997422 35.7500000069242 36.0000000029596 34.4999999999996 32.7500000050108 33.5000000070638 32.2499999981389 32.2500000019566 30.7500000020525 30.250000002148 30.4999999955138 30.749999997661 31.0000000048695 30.9999999949387 31.9999999947468 31.4999999999987 29.5000000056335 30.7499999970893 32.7500000090217 32.7499999968978 31.9999999999991 32.9999999934137 32.7499999966126 31.7500000034846 32.0000000071593 32.5000000073507 32.499999992457 33.4999999922673 32.7500000039625 34.0000000081151 33.7500000041531 33.4999999915012 34.4999999913128 32.0000000266334 32.9999999818628 32.7500000138908 32.2499999952748 32.2500000048198 32.2499999754183 33.7500000050112 32.0000000102156 31.4999999791885 32.0000000105972 30.7499999946063 31.99999998902 31.5 32.0000000113616
-9999 -9999 -9999 -9999 -9999 -9999 -9999 -9999 33.7499999991893 33.7499999972786 35.7500000010038 35.9999999978044 35.2500000011944 36.0000000000009 34.5000000027703 34.2499999985204 34.2500000078757 31.9999999999996 31.5000000035325 31.4999999999991 31.2499999980425 30.2499999938428 30.9999999957039 31.0000000044871 30.7499999883035 31.250000002435 31.5000000050596 31.7499999973745 31.9999999945575 33.500000005633 33.5 33.000000006015 32.0000000062064 32.0000000127923 32.0000000065867 31.4999999999996 32.7499999895467 32.9999999928394 33.249999981623 32.7500000037706 31.9999999845346 33.5000000079233 33.2500000040563 33.2499999875387 32.749999995751 32.7500000043423 32.4999999999991 33.0000000090701 31.7499999953703 31.7500000141755 33.4999999807152 33.5000000098323 32.0000000100238 32.0000000204291 33.5000000000004 32.9999999788069 33.2500000161831 33.2500000054892 31.7500000167557 31.749999994319
-9999 -9999 -9999 33.9999999993328 34.9999999991418 -9999 -9999 31.2499999964195 32.249999997565 34.4999999963715 34.0000000020054 34.5000000021969 33.5 32.5 31.2499999986147 32.5000000000004 32.7499999984258 32.9999999966602 32.5000000035325 30.5000000037227 32.0000000039132 31.7500000020521 31.5000000042957 31.7499999977569 31.9999999953219 32.9999999951309 32.0000000101214 32.2500000026255 32.7500000027214 33.4999999887331 34.9999999999996 32.5000000120284 30.7499999968978 33.5000000063962 34.0000000065867 33.2499999898332 32.7499999965167 32.7499999964204 33.7499999889742 33.4999999924592 34.5000000077335 35.2499999881134 34.7500000121744 34.2499999875409 33.7500000042485 33.2499999869696 33.7500000133161 33.9999999999996 32.7500000046301 34.0000000094525 34.4999999903591 34.2500000147494 32.2499999949875 32.2499999846772 32.5000000104053 31.750000005299 32.7500000053941 33.75000000549 33.4999999888294 36.0000000000013
32.4999999998107 33.249999999857 34 34.2499999989983 33.7500000012881 33.750000000525 -9999 31.5000000028619 32.4999999983766 33.5000000000004 33.2499999989971 33.999999997804 34.4999999976122 34.7500000038678 33.7500000013845 34.7500000044383 33.2500000015742 32.7499999983303 32.2500000088294 32.0000000000009 32.249999998043 32.2500000061564 31.0000000042948 31.5000000044871 32.0000000000004 33.2499999975646 33.4999999949382 33.749999997374 34.250000002721 34.500000005633 34.4999999999996 32.7499999969938 34.2500000031017 34.0000000063957 33.2499999967068 33.4999999932218 33.0000000139374 33.7499999964204 36 36.2499999962289 35.5 35.7500000039629 36.5 36.2500000207661 35.7499999787556 36.9999999999991 35.9999999911213 36.249999995465 37.4999999907406 37.249999995274 37.7499999951785 36.2500000049162 34.5000000100229 32.4999999999991 32.9999999999991 32.0000000105963 32.7500000161827 33.9999999890196 33.2500000279275 37.0000000113616
-9999 30.7500000001426 32.7499999997606 33.9999999986643 33.2500000021472 32.9999999989512 33.4999999999996 34.9999999999996 34.7500000008115 33.0000000018144 32.9999999999996 33.750000001098 34.5 33.9999999999991 34.500000002769 34.9999999940826 33.5000000031493 33.2500000016706 32.0000000000004 32.5000000037235 31.9999999999991 33.0000000041034 32.7500000064433 32.7499999932707 34.5 33.4999999951305 32.5000000050609 33.4999999999996 33.2500000081635 34.0000000056339 33.250000002912 34.2500000030079 32.4999999937948 33.7500000031977 32.250000003294 32.7500000033886 31.9999999999987 32.4999999928394 33.2499999963232 32.7499999886872 33.9999999922673 34.9999999841505 34.249999995942 34.2500000124592 35.2499999957497 34.500000008686 34.999999982244 36.9999999909299 37.5000000000013 38.7500000141768 38.9999999903574 39.7499999950825 38.2499999949892 36.7500000051089 37.2499999947973 37.5000000105976 36.250000016184 38.50000001098 32.2500000279254 30.4999999659174
-9999 -9999 -9999 30.7499999996668 33.2499999995701 32.7499999984254 34.0000000012406 34.0000000000004 33.999999998377 32.5 32.7499999969912 33.0000000021964 33.7499999964187 33.7500000038674 35.2499999958461 34.5000000029596 34 33.0000000100221 31.7499999947027 33 32.2500000019566 33.7499999938424 33.4999999914083 35.0000000044867 34.7499999929816 35.9999999999987 37.2499999924086 35.0000000105034 34.2500000027214 32.7499999971839 32.2499999970888 32.2499999969933 32.0000000062056 32.5000000063953 31.2500000032936 30.4999999999996 31.7500000104529 32.7499999964204 33.7499999963253 32.2500000037719 32.7499999884007 32.7500000118866 32.7499999959433 33.0000000000009 31.5000000084984 33.75000001303 34.2499999955609 33.9999999909321 36.5000000000009 37.0000000000013 39.2499999951797 38.5000000098332 38.9999999999996 38.7500000153228 38.2499999947978 38.7499999841051 36.000000021578 36.50000001098 32.999999977658 32.5000000227236
-9999 -9999 -9999 28.9999999999991 30.7500000004282 32.2499999994754 32.2499999993795 32.2499999992853 32.4999999983766 33.5000000018136 32.5000000020046 32.000000004392 32.5000000000009 34.0000000000004 34.7499999958469 34.5 34.2499999952752 32.5000000066818 30.9999999964687 32.4999999925551 33.7500000019566 34.9999999958958 34.249999997852 34.2500000022427 33.2500000023378 32.749999997565 32.9999999999991 33 32.7499999972781 32.5000000000009 32.9999999941777 32.7499999969929 32.9999999937957 33.7500000095942 31.7500000098803 31.7499999966109 31.2500000034841 31.0000000071597 30.4999999926493 31.7500000037711 32.7499999961326 33.0000000237736 32.249999995942 32.9999999833874 32.7500000127465 31.2500000043436 32.2499999778044 33.9999999909316 34.2500000138895 33.9999999999991 34.499999980716 34.9999999999987 36.25000000501 37.4999999999983 37.4999999999996 35.2500000158958 34.0000000107882 33.24999999451 32.7499999944149 31.5000000113603
-9999 -9999 -9999 -9999 -9999 -9999 30.7499999993808 31.9999999985684 32 32.7500000009066 31.4999999999996 31.749999996706 31.7499999988069 32.5000000000004 33.5000000055384 32.4999999970426 32.5 31.7500000016697 32.750000008829 33.249999998138 34.7500000019566 34.7500000102614 32.249999997852 32.0000000000004 32.2500000023399 33.7500000024345 31.7499999974683 32.5000000052515 32.7500000027219 31.4999999887326 32.2500000145575 32.7500000030071 31.2499999968978 31.7499999968023 31.5000000065872 31.5000000067773 32.0000000000004 31.7500000107394 31.9999999926497 31.7500000037706 31.0000000000004 31.5000000079254 32.4999999837685 33.2499999958469 32.750000004249 32.5000000086864 30.5000000177565 32.4999999727945 33.2500000046293 33.2500000047243 30.9999999903586 32 32.2499999749412 32.7500000051076 32.9999999791889 34.0000000211944 32.2499999946055 32.5000000219592 33.5000000111702 32.7500000170422
-9999 -9999 -9999 -9999 -9999 -9999 -9999 31.0000000028632 30.9999999983761 31.5 30.7499999989966 29.9999999956067 30.7499999988056 30.749999998711 30.4999999999996 31.7500000014791 29.7500000047235 34.0000000000009 34.7499999982348 35.2500000018611 33.7499999980421 32.749999997947 32.4999999999991 31.7500000067289 31.4999999999996 31.4999999999996 31.0000000000009 31.249999997374 31.4999999945571 31.0000000000004 30.9999999941772 32 31.7500000031026 31.7500000031981 31.4999999934133 31.2499999966109 31.7500000034846 32.2500000035813 31.5000000073507 30.7499999962294 31.5000000077327 32.2499999881134 31.7500000121731 31.2499999958457 30.7500000042481 32.4999999913123 31.5 31.7499999954667 32.0000000092594 32.5000000000004 31.7499999951785 33.0000000098315 33.4999999899767 33.7500000051067 32.4999999999991 32.2499999947018 32.2500000053941 31.0000000000004 31.9999999888298 33.0000000227232
-9999 -9999 -9999 -9999 -9999 -9999 -9999 -9999 -9999 -9999 28.4999999979958 28.7499999989024 28.2500000011931 27.7499999987102 29.2499999958457 30.000000005917 29.4999999905526 30.2499999983316 31.5000000000004 32.9999999999991 32.2500000019575 32.4999999958962 30.7500000064446 30.0000000000004 30.7499999929812 32.0000000048691 31.7500000075905 33.2499999973749 31.2500000027219 31.2500000028169 32.2499999970884 31.5000000060125 32.4999999937948 31.9999999936043 31.0000000000004 31.9999999999996 31.750000010452 32.7499999964204 32.2499999889746 31.5 31.2500000038661 31.0000000000004 31.250000004058 29.9999999916926 30.9999999999987 29.9999999999991 30.9999999999991 31.9999999818624 33.7500000046297 32.2499999952748 33.4999999903578 31.9999999901672 32.7499999849637 32.00000002043 30.7500000156088 29.7499999947018 30.7499999946055 31 32.9999999888298 33.2500000284046
-9999 -9999 -9999 -9999 -9999 -9999 -9999 -9999 -9999 -9999 -9999 31.2499999989011 30.7500000035818 28.9999999974224 27.9999999972314 29.7499999896456 31.5000000000013 31.2499999916481 32.4999999999996 33 32.5000000078282 30.9999999999996 32.0000000000009 33.0000000000004 31.7499999976614 33.0000000000004 33.2499999974691 32.5000000052511 33.0000000000004 33.9999999887326 33.0000000058223 32.5000000060142 31.7499999968978 31.4999999936038 30.7500000032919 31.7499999966114 33.0000000069691 30.7500000178986 31.5000000000013 30.2499999962289 30.5 30.2499999960379 31.2499999959424 32.000000008307 30.9999999915033 32.2499999869704 33.7499999955617 33.750000004535 32.4999999999996 32.9999999905496 32.5 32.2500000049175 30.7500000050117 30.4999999999996 30.0000000104062 29.7500000052982 30.4999999999987 30.7500000054892 31.2500000055847 31.2500000056806
-9999 -9999 -9999 -9999 -9999 -9999 -9999 -9999 -9999 -9999 -9999 31.2499999945091 31.2499999988061 32.4999999999996 32.0000000027686 31.9999999999991 31.0000000031497 30.7499999916485 31.2500000052986 33.0000000037222 34.0000000039132 30.750000002053 28.7499999935567 30.5000000000004 30.2500000070188 29.9999999951314 31.2500000075922 30.7499999973753 31.7499999972803 33.2500000028161 33.2500000145567 31.7500000030075 30.5000000062052 31.4999999936043 31.5000000065872 31.0000000067782 31.9999999999996 -9999 33.2500000036756 30.5000000000004 32.9999999922656 32.9999999920738 33.9999999999987 33.4999999999987 34.0000000084962 34.2500000043428 34.9999999822448 32.5000000181376 33.5000000092594 32.500000018902 32.2499999855371 32.2499999950838 31.0000000100233 29.7500000051063 29.2500000052027 29.7499999947027 28.7499999946059 29.0000000109792 30.7500000167557 31.4999999999996
-9999 -9999 -9999 -9999 -9999 -9999 -9999 -9999 -9999 -9999 -9999 27.4999999890174 32 32.9999999974216 34.2499999958457 33.0000000059161 32.0000000094495 30.7500000016697 31.7499999947018 34.0000000037222 33.249999998043 32.7500000143674 30.5000000000013 29.7499999932702 28.2500000070171 28.7500000024354 29.5000000050601 30.9999999947489 32.9999999945571 33.4999999943674 34.0000000174687 33.5000000060137 31.5000000000004 32.2499999968028 31.7499999967073 31.9999999932223 33.2499999895467 34.0000000071601 33.4999999999991 33.7499999886881 35 34.9999999999996 34.2500000040567 33.2500000041522 32.5 33.4999999999987 32.9999999999996 33.0000000090692 32.7500000046293 32.4999999905484 31.5 31.0000000098319 30.7499999949879 30.5 30.2500000052035 30.2499999841051 29.7499999946059 30.2499999945125 30.7500000167557 30.5000000227236
-9999 -9999 -9999 -9999 -9999 -9999 -9999 -9999 -9999 -9999 -9999 -9999 30.999999995226 31.4999999999991 31.9999999889224 33.5000000029583 30.2499999952752 31.4999999966593 31.49999999647 31.5000000000013 33.4999999960859 33.2499999979475 33.2499999935571 31.9999999999996 31.4999999999983 33.7499999878261 33.7499999924082 34.0000000157532 33.9999999945584 34.9999999999996 33.2500000087335 33.4999999939867 33.5000000062052 32.250000009593 31.2500000032927 31.0000000000004 33.2499999895463 34.7499999964208 36.000000014701 33.2499999962294 34.5000000077327 33.500000007925 32.0000000000004 32.5000000083074 31.5000000000004 31.7499999956564 33.9999999911222 34.2500000136034 32.7500000046301 30.5000000189016 30.2500000048211 30.0000000196655 28.7499999849641 29.5000000000004 29.9999999791889 30.7499999947018 29.5000000107886 32.9999999780408 30.7500000167565 30.500000011362
