socal_rasters/siltcontent5cm_SPHAsouth_aggfac2.asc
NCOLS 210 
NROWS 130 
XLLCORNER -119.45 
YLLCORNER 32.483333333 
CELLSIZE 0.0166666666666667 
NODATA_value -9999 
[rows 27 to 53 of 130, columns 120 to 179 of 210]
30.7499999884954 29.4999999768023 27.2500000350851 25.4999999292598 27.4999999999991 27.2500000359429 25.2500000603828 25.999999975656 25 25.7499999876346 26.24999998754 25.2499999874458 25.500000025299 24.7499999872552 24.7499999871589 24.2499999870646 23.4999999999996 22.7499999868736 21.7499999867781 21.2499999866827 21.7500000402394 -9999 -9999 -9999 -9999 -9999 -9999 -9999 -9999 -9999 -9999 -9999 -9999 -9999 -9999 -9999 -9999 -9999 -9999 -9999 -9999 -9999 -9999 -9999 -9999 -9999 -9999 -9999 -9999 -9999 -9999 -9999 -9999 -9999 -9999 -9999 -9999 -9999 -9999 -9999
28.7499999884975 28.2499999884012 28 27.5 27.2500000356564 29.4999999520759 28.7500000362302 28.0000000000004 28.2499999877327 28.750000012362 26.5000000498328 26.500000025108 24.499999974701 25.4999999745096 25.7499999871589 26.7499999870634 25.2500000651517 22.7500000131259 22.0000000000004 21.5000000266351 21.7499999865872 21.2500000405254 -9999 -9999 -9999 -9999 -9999 -9999 -9999 -9999 -9999 -9999 -9999 -9999 -9999 -9999 -9999 -9999 -9999 -9999 -9999 -9999 -9999 -9999 -9999 -9999 -9999 -9999 -9999 -9999 -9999 -9999 -9999 -9999 -9999 -9999 -9999 -9999 -9999 -9999
27.2500000115042 28.2499999884016 28.0000000000004 29.000000047161 27.2499999881151 28.0000000000004 28.2499999637706 29.2499999634841 28.5 29.2500000123632 30.4999999501672 29.2500000376618 28.7499999620517 27.7500000127444 27.9999999743186 27.2499999611943 28.0000000260613 23.0000000262527 22.5000000000004 22.2500000399533 22.2500000402398 22.0000000000004 22.5000000000004 22.2499999863007 -9999 -9999 -9999 -9999 -9999 -9999 -9999 -9999 -9999 -9999 -9999 -9999 -9999 -9999 -9999 -9999 -9999 -9999 -9999 -9999 -9999 -9999 -9999 -9999 -9999 -9999 -9999 -9999 -9999 -9999 -9999 -9999 -9999 -9999 -9999 -9999
30.5000000230071 30.2500000115984 29.2500000350838 28.2500000117907 29.0000000000004 29.0000000239616 29.2499999879228 29.9999999756564 29.2499999877327 29.2500000123632 29.9999999252498 29.7500000125547 30.7499999873503 29.7500000382344 28.4999999999996 27.2499999870651 28.7499999869691 27.2500000918815 26.4999999999979 25.5000000799045 24.7500000134133 24.2499999864917 23.9999999999996 24.2499999863007 24.2500000137948 22.2500000694529 -9999 -9999 -9999 -9999 -9999 -9999 -9999 -9999 -9999 -9999 -9999 -9999 -9999 -9999 -9999 -9999 -9999 -9999 -9999 -9999 -9999 -9999 -9999 -9999 -9999 -9999 -9999 -9999 -9999 -9999 -9999 -9999 -9999 -9999
30.2500000575171 30.4999999999996 29.7499999883061 28.7499999882102 27.5000000000004 28.999999952075 30.0000000241518 30.0000000000009 29.499999975465 28.7500000123624 29.2499999626242 30.4999999999991 31.2499999620508 31.5000000509796 30.2499999871593 28.7500000129358 29.0000000260617 28.2500000131268 27.2500000132214 26.9999999467298 27.9999999999996 26.5000000000013 27.5000000000017 24.2499999863002 23.250000068975 21.2500000138912 21.2499999580421 -9999 -9999 -9999 -9999 -9999 -9999 -9999 -9999 -9999 -9999 -9999 -9999 -9999 -9999 -9999 -9999 -9999 -9999 -9999 -9999 -9999 -9999 -9999 -9999 -9999 -9999 -9999 -9999 -9999 -9999 -9999 -9999 -9999
29.0000000000004 29.0000000231989 29.0000000233882 28.7499999646288 27.2500000356555 27.7499999640554 30.5000000241522 31.5000000000004 30.2500000122673 30.000000024726 29.9999999501668 30.5000000502173 29.999999974701 29.4999999999996 29.2500000128399 28.9999999741293 28.4999999999996 28.5 28.0000000264441 26.7499999866822 27.2500000134133 28.2499999324574 29.2500000136047 29.5000000274008 27.0000000827698 24.5000000277785 21.7500000139863 20 -9999 -9999 -9999 -9999 -9999 -9999 -9999 -9999 -9999 -9999 -9999 -9999 -9999 -9999 -9999 -9999 -9999 -9999 -9999 -9999 -9999 -9999 -9999 -9999 -9999 -9999 -9999 -9999 -9999 -9999 -9999 -9999
28.7500000345104 28.2499999884007 27.9999999999996 28.9999999764191 28.7500000118849 28.4999999760384 30.7499999637702 31.7499999878273 30.5000000245338 29.7499999876368 31 30.7499999874458 31.7500000126497 30.0000000000009 28.9999999743207 29.7500000129366 28.2500000130304 28.0000000262519 27.7499999867786 27.5000000799058 27.4999999195221 28.7500000135088 29.7500000136047 28.5000000273995 29.7499999310241 29.5000000555609 29 24.5000000281626 24.7500002126553 21 -9999 -9999 -9999 -9999 -9999 -9999 -9999 -9999 -9999 -9999 -9999 -9999 -9999 -9999 -9999 -9999 -9999 -9999 -9999 -9999 -9999 -9999 -9999 -9999 -9999 -9999 -9999 -9999 -9999 -9999
29.2500000115038 28.9999999768011 29.9999999999996 29.2499999882093 29.7499999881147 30.0000000479228 31.0000000241526 29.999999975656 29.7499999877327 30.7499999629103 32.0000000747511 31.2499999874445 31.2499999873499 32.2499999617639 31.0000000000004 31.7499999870651 29.50000002606 29.7500000131272 30.5000000264458 30.2499999866831 28.2499999865863 29.7499999864908 28.7499999591881 28.0000000000009 28.5000000275901 27.7499999861097 27.2499999860133 25.2500000704066 27.5000000283549 20.2499999571826 22 -9999 -9999 -9999 -9999 -9999 -9999 -9999 -9999 -9999 -9999 -9999 -9999 -9999 -9999 -9999 -9999 -9999 -9999 -9999 -9999 -9999 -9999 -9999 -9999 -9999 -9999 -9999 -9999 -9999
29.7500000345113 29.7499999884007 28.2499999883052 30 29.5000000237723 29 30.2499999637711 31.0000000243453 30.2500000122677 31.0000000000004 31.2499999875417 31.499999974892 30.999999974701 31.5000000254904 30.7499999614787 29.500000025869 28.2500000390921 27.2500000393778 27.9999999999991 29.7499999866827 31.0000000268257 28.7500000135092 28.2500000136043 27.2500000136993 28.749999931025 29.2500000416718 27.7500000139858 28.2500000422452 27.2500000425309 25.2500000999088 24.5000000287373 28.4999998843003 30.7499999563261 -9999 -9999 -9999 -9999 -9999 -9999 -9999 -9999 -9999 -9999 -9999 -9999 -9999 -9999 -9999 -9999 -9999 -9999 -9999 -9999 -9999 -9999 -9999 -9999 -9999 -9999 -9999
27.7500000115038 28.7499999884007 28.7500000350847 30.2499999174687 31.2500000594279 31.0000000000009 29.4999999758478 30.9999999999996 29.0000000490714 28.9999999258223 29.5000000249175 28.000000025108 29.7499999873503 29.9999999490208 28.500000025681 27.7500000129349 29.2499999869687 28.7500000393774 29.9999999735567 30.5000000532707 28.7499999865867 27.7499999594746 28.0000000272077 28.4999999999996 28.7500000137953 27.7499999861092 28.5 28.2500000140822 28.5000000000004 28.0000000000004 26.9999999999996 28 29.0000000000021 29.2500000146552 30.2499999852515 -9999 -9999 -9999 -9999 -9999 -9999 -9999 -9999 -9999 -9999 -9999 -9999 -9999 -9999 -9999 -9999 -9999 -9999 -9999 -9999 -9999 -9999 -9999 -9999 -9999
27.5000000230075 28.9999999768019 26.9999999766113 28.9999999764199 30.2499999643423 29.9999999760384 30.2499999637723 31.7500000121722 27.5000000981406 27.2500000123637 27.4999999999996 28.7499999874458 29.5000000000009 29.5 26.9999999999991 28.2499999611943 27.4999999478757 29.7500000656305 31.7499999867786 28.9999999999996 28.0000000268257 27.2500000135083 28.7500000136043 28.2500000136998 29.2499999862043 28.0000000277815 27.2500000139858 27.7500000140817 26.9999999716464 27.2499999857273 26.2499999856326 26.4999999999996 27.4999999999996 27.0000000293078 26.2499999852511 27.2499999851556 28.7499999252964 -9999 -9999 -9999 -9999 -9999 -9999 -9999 -9999 -9999 -9999 -9999 -9999 -9999 -9999 -9999 -9999 -9999 -9999 -9999 -9999 -9999 -9999 -9999
29.7499999884962 30.250000011598 29.2499999649153 28.9999999764195 30.4999999999991 31.9999999281147 32.2500000362302 31.0000000486877 27.7500000122669 28.4999999999996 28.0000000249175 27.9999999748928 28.7500000126501 28.7500000127461 27.9999999486384 28.5000000258694 27.2500000130304 27.2500000131272 27.9999999735567 28.4999999733649 28.2500000134137 30.7500000135096 29.4999999727915 27.7500000136989 27.5 27.7499999861101 27.5000000559442 27.2499999859187 27.7500000141777 27.7499999857277 27.2500000143674 27.7500000144625 26.5000000291159 27.5000000000004 28.2499999852502 27.0000000296902 26.4999999701188 26.2499999548915 27.2499999546046 -9999 -9999 -9999 -9999 -9999 -9999 -9999 -9999 -9999 -9999 -9999 -9999 -9999 -9999 -9999 -9999 -9999 -9999 -9999 -9999 -9999
28 30.4999999768019 31.5000000467786 30.4999999764195 31 30.5000000239621 30.2500000603828 28.0000000243449 26.9999999999987 27.0000000494521 27.0000000249175 24.2500000125538 25.7499999873507 26.2500000637244 25.0000000256806 29.2499999094525 29.0000000260617 28.2500000131272 29.5000000000009 28.9999999733645 29.2500000134128 28.2500000135079 30.0000000272081 29.0000000274004 26.7500000413849 27.749999958329 28.0000000559442 27.5000000281631 26.9999999716455 27.2499999857268 26.7500000143674 27.9999999710742 28.0000000291168 28.4999999706918 28.2499999852502 27.4999999703103 27.7499999850588 27.4999999999996 27.7500000151314 26.7500000152281 26.5000000306451 -9999 -9999 -9999 -9999 -9999 -9999 -9999 -9999 -9999 -9999 -9999 -9999 -9999 -9999 -9999 -9999 -9999 -9999 -9999
28.749999988495 29.9999999768019 30.9999999766113 30.5 30.9999999524574 29.9999999999991 31.5000000241522 28.0000000730326 26.499999975465 27.0000000494521 26.4999999501659 27.0000000000004 27.4999999999991 25.4999999999996 23.7500000128399 24.5 27.4999999478783 30.7499999868741 28.750000039666 29 28.5000000268261 29.7499999864921 29.2499999863962 30.4999999452022 27.4999999999996 30.0000000555626 29.0000000279717 27.2500000140813 26.9999999999996 27 28.5000000287343 28.2499999566122 27.4999999708828 27.7500000146539 27.9999999705004 28.5000000296902 27.5000000298816 27.2500000150354 28.499999969736 28.2499999847731 27.5000000000004 27.0000000000004 27.4999999379466 -9999 -9999 -9999 -9999 -9999 -9999 -9999 -9999 -9999 -9999 -9999 -9999 -9999 -9999 -9999 -9999 -9999
31.2500000115033 31.7500000115993 31.7500000350838 30.5000000235805 28.9999999049153 29.2499999880183 30.2500000120759 27.5000000486881 27.2499999877327 26.2500000618157 25.7500000124583 25.2500000125538 26.5000000252994 24.7500000127456 24.2500000642027 24.7500000129345 25.2499999869683 27.2499999868724 28.5 28.2499999866818 28.2500000134124 27.749999932457 29.499999972791 28.7500000410984 28.2500000413853 28.9999999722198 28.7499999860142 29.2500000422448 29.2500000141777 28.7499999857285 30.9999999425322 30.5000000289262 29.2499999272098 29.2499999560384 28.0000000294996 28.7499999851551 27.750000044822 27.2499999849633 26.7499999848678 28.2500000152273 28.2499999540325 28.2500000154183 28.7500000155146 28.5000000312177 27.0000000314091 26.2500000157994 -9999 -9999 -9999 -9999 -9999 -9999 -9999 -9999 -9999 -9999 -9999 -9999 -9999 -9999
31.0000000460142 31.2499999884012 31.250000035083 30.5000000707402 28.000000047543 26.4999999520763 27.5000000000004 27.2499999878286 27.2499999877335 27.7499999876372 28.2499999626234 30.7499999121204 30.7500000126489 28.2500000382335 24.7500000385209 24.4999999482603 27.5000000521226 28.2499999606214 30.2500000132206 28.7500000133169 27 27.7499999864912 27.2499999591881 28.5 28.7500000413849 28.2500000138903 29.2500000419579 29.2499999859178 29.0000000000004 30.0000000000004 30.749999985633 31.0000000289262 28.5000000000004 30.0000000000009 28.7499999852506 29.2500000148453 27.2499999850596 27.7499999849641 27.4999999394741 27.0000000000009 27.7499999540334 28.7499999537452 29.5000000620543 29.2500000780455 28.2500000157043 27.750000015799 27.0000000635784 -9999 -9999 -9999 -9999 -9999 -9999 -9999 -9999 -9999 -9999 -9999 -9999 -9999
30.9999999769933 31.0000000000017 31.5 31.2500000117907 26.7500000594279 26.7500000119808 26.2499999879237 26.9999999756555 26.7499999877327 28.4999999505484 28.7499999875408 28.9999999246755 30.4999999999987 29.00000005098 27.2500000128399 26.7500000129354 24.75000001303 26.7499999343687 30.2499999338895 33.2499999866827 30.7500000134141 29.0000000270175 28.2500000408119 27.7499999863002 28.2499999862043 27.4999999999996 28.7500000419579 28.9999999718361 29.2500000141768 29.7500000142727 29.2499999856339 27.7500000144625 28 28.2499999853457 28.9999999999991 28.7499999851547 28.2500000149404 26.7500000150363 27.2499999848691 26.5000000304541 27.2499999846781 27.9999999691643 30.0000000000009 29 28.2499999842957 27.999999968402 27.2499999841068 27.2500000479712 27 25.0000001294521 -9999 -9999 -9999 -9999 -9999 -9999 -9999 -9999 -9999 -9999
31.7500000345113 31.9999999999996 31.7500000116948 31.4999999764204 27.7500000594274 25.7499999880188 26.4999999516935 26.2499999878282 27.2499999631964 27.7499999876372 29.0000000498341 29.5 28.7500000379487 29.50000002549 28.499999948638 28.4999999999996 27.24999998697 26.2499999343708 27.249999907447 34.2499999600467 32.250000013412 33.250000067543 27.7500000408115 27.2500000136993 27.5000000275897 26.2500000416718 25.5000000000013 27.2499999859187 28.7500000141772 28.7500000428178 29.7500000143682 28.0000000000004 29.0000000000009 28.2500000146543 27.9999999999996 27.7499999851538 28.749999925296 26.750000045108 28.0000000302636 27.4999999695459 28.2499999540329 28.4999999383282 28.2500000465422 25.4999999687819 26.7500000471139 27.2499999526022 27.7499999523161 28.2499999840109 27.7500000160859 27.5000000323628 27.250000016276 -9999 -9999 -9999 -9999 -9999 -9999 -9999 -9999 -9999
33.2500000115038 31.7500000347961 30.9999999999987 28.4999999528386 26.7500000118853 26.9999999760388 27.0000000241531 26.7499999878286 26.7499999877327 28.4999999258219 30 29.500000050216 28.5000000000013 28.0000000254904 28 27.7500000129341 25.2499999609087 26.7499999868749 27.0000000000013 32.7499999334111 33.2500000402394 -9999 31.7500000408124 28.2500000410984 27.4999999724103 27.0000000277811 26.2499999580425 27.9999999436739 23.7500000141777 26.7499999857281 25.2499999856343 26.4999999421497 26.9999999999996 25.499999999997 25.4999999704983 27.4999998812376 29.0000000597632 25.4999999699274 27.499999909211 28.2500001370439 27.0000000306456 26.7499999229095 26.4999999689733 25.7500000156093 25.9999999685905 28.7499998894067 28.0000000635784 26.4999999999991 27.9999999678286 29 28.7500000813862 25.4999999672552 -9999 -9999 -9999 -9999 -9999 -9999 -9999 -9999
29.7500000575175 28.7499999652035 28.7499999883048 26.7499999882102 26.2499999881155 27.2499999880188 27.4999999758478 26.2499999878282 27.7499999631968 27.9999999752744 30.2500000124596 30.7500000376618 30.7500000126484 28.2500000127448 27.2500000642023 26.4999999999996 29.4999999739396 -9999 26.7500000132227 29.7499999600458 31.7499999597615 33.0000000540351 -9999 -9999 29.2500001241535 26.7499999861088 27.2499999580421 27.4999999718365 28.0000000567077 28.4999999429095 29.9999999712652 23.5000000867777 24.0000000000021 21.2500000146543 21.0000000000009 20.9999999406197 25.500000000003 27.0000000000034 29.7499999848686 26.500000030458 22.2500000153236 23.499999938329 24.7500000155138 24.249999984392 25.2499999842965 25.9999999052048 27.000000095369 24.0000000319812 24.7500000160863 29.4999999676363 29.0000000325555 27.0000000000004 -9999 -9999 -9999 -9999 -9999 -9999 -9999 -9999
28.5000000230079 27.7499999652022 30.2499999649174 28.7500000353716 27.5000000475417 26.2499999880192 26 26.7499999634841 27.0000000490697 27.250000012362 27.2499999626234 29.7499999874462 30.2500000126497 29.5000000254904 29.2500000385226 -9999 -9999 -9999 27.4999999471109 30.9999999200955 31.2499999865876 31.5000000000004 29.4999999727919 29.2499999862998 30.5000000551789 29.7500000138916 28.2499999860137 27.9999999718365 29.2499999858232 29.0000000570893 28.250000071834 24.2500001012376 21.2500000436756 21 20.7500000147494 21.7499999851551 21.5000000298812 21.0000000300717 21.5000000302627 21.0000000000009 22.2499999846776 21.750000046254 22.2500000155129 22.7499999843912 23.2500000157052 24.9999999999996 25.2500000158941 22.5 22.7499999839141 26.4999999999983 27.5000000976618 24.7499999836259 25.7499999176597 -9999 -9999 -9999 -9999 -9999 -9999 -9999
-9999 -9999 28.9999999766126 30.7499998938907 30.4999999999987 27.5000000718853 27.5000000241522 25.7499999878282 28.5 26.9999999999996 26.5000000000004 27.7499999623378 30.9999999999991 30.7499999872544 29.4999999743203 28.0000000258703 -9999 28.4999999737464 30.4999999471105 32.5000000532711 30.2500000402407 29.0000000540342 26.2500000408124 28.7500000137002 28.5000000000004 30.5000000000013 29.5000000559442 27.5000000281631 26.5000000000009 28.2499999286371 28 25.7500001012381 21.2500001310224 18.4999999706927 19.7500000147498 20.7499999851543 21.5 22.4999999699278 22.4999999999991 21.5 21.4999999999991 21.9999999691634 22.749999922432 22.750000015608 23.7499999528865 23.7500000157994 24 23.0000000639608 22.2500000482564 23.7499999838186 27.4999999674441 25.750000081862 25.5000000329358 -9999 -9999 -9999 -9999 -9999 -9999 -9999
29.7500000345121 29.5000000232002 28.7500000350826 26.5000000000004 27.7500000118853 25.4999999999996 28.749999915465 26.2499999878269 26.9999999754654 27.2500000123632 27.5000000000004 27.7499999623382 29.2499999620504 31.250000063724 29.7500000642019 24.7500000388057 26.2499999609087 29.4999999737477 30.7500000132219 29.0000000266343 27.2499999865867 26.2499999864908 24.7500000408124 25.749999931502 29.9999999724103 30.0000000277819 29.2500000139863 28.2499999859178 26.750000014176 26.2500000142723 24.9999999712648 25.500000057849 25.2500000145571 18.4999999413853 19.2499999852502 20.750000044535 21.2499999850588 21.7500000451076 21.7500000151314 21.2499999847727 20.9999999387093 21.7500000154174 22.7499999844866 23.7499999843903 24.0000000000004 23.5 22.2500000158949 23.25000001599 25.7499999195713 29.7500000485455 26.4999999674436 22.9999999999996 25.7499999176597 28.2499998840533 -9999 -9999 -9999 -9999 -9999 -9999
30.749999988495 28.4999999999996 27.5000000467773 26.2499999410488 27.2499999881143 25.0000000239612 26.4999999516939 27.000000024344 25.9999999509295 28.250000037088 27.9999999750834 27.5000000251072 27.7499999114532 32.0000000254909 28.9999999486376 28.2500000388057 27.4999999478766 29.9999999474946 30.0000000528895 26.0000000266347 25.250000013412 26.5 24.2500000408132 24.7499999589024 29.4999999172297 29.7500000416714 28.7500000419579 28.4999999718378 27.7499999574708 24.0000000285455 24.7500000143678 25.9999999710742 25.4999999417678 26.250000014653 25.7500000147477 21.499999970309 18.5000000298812 20.7499999548911 21.2499999848682 19.7499999847727 20.2499999846772 20.749999953746 21.0000000000004 21.9999999687819 23.4999999371813 23.9999999052048 24.7500000158949 22.5000000639604 22.0000000000004 22.2499999838182 22.7500000162773 22.7499999836272 22.4999999670638 25.2499999834362 -9999 -9999 -9999 -9999 -9999 -9999
32.2499999424816 31.7500000347948 29.9999999766118 30.5000000471601 28.0000000713128 25.9999999999996 23.7499999879237 27.9999999756542 27.750000012266 28.7500001112665 27.500000024917 26.4999999999996 26.5000000252999 29.2499999617643 30.9999999229578 32.5000000517419 33.9999998436323 32.0000002362709 25.9999999999996 24.0000000266338 22.9999999731735 23.9999999459649 23.2500000408124 23.7499999863002 26.9999999724099 29.7500000972336 28.2500000139863 26.2500000422448 24.4999999716451 24.9999999429099 27.749999985633 26.7500000433882 27.5 27.2499999853461 28 26.0000000296914 23.0000000298824 22.5000000000009 21.5000000302636 20.2500000152277 20 21.0000000000004 21.2499999534599 22.4999999375638 24.2499999528861 24.4999999368045 26.5000000000004 22.7500000479704 22.5000000000004 22.7499999190917 22.7499999837231 24.4999999999991 23.250000016467 24.9999999668724 27.9999999666822 -9999 -9999 -9999 -9999 -9999
33.2499999884962 30.0000000695938 30.4999999298332 29.9999999056801 29.4999999999996 28.2500000119804 26.5000000241518 26.0000000243432 28.249999987731 27.7499999629116 27.0000000249166 26.7499999874458 27.7499999873499 28.2499999872539 32.9999999999991 33.4999999999983 32.4999999739383 27.7500001181355 23.7499999867777 23.5000000532694 23.0000000268261 24.2499999594737 23.5000000544154 24.2499999589011 25.749999931025 26.7500000694508 26.5000000279717 24.5 25.7500000141764 25.7500000142727 25.7500000431013 24.5000000289245 24.749999985442 25.7499999853457 26.2500000442494 26.4999999406201 25.250000164347 21.4999999398557 21 20.2500000152273 19.4999999693549 20.0000000000004 20.7500000465409 21.4999999999996 21.5000000000009 22.0000000315993 23.7499999841059 23 22.9999999999996 23.7499998867298 23.2499999837227 22.9999999345096 22.7500000494037 24.4999999668736 28.4999999333644 26.2500000837736 -9999 -9999 -9999 -9999
31.4999999769929 31.7500000115984 27.5000000233895 30.2499999646297 31.7500000118862 30.0000000718862 26.5 27.4999999513123 31.249999914128 28.2500001112686 28.2499999377068 29.5000000502177 28.9999999747018 32.7499999872556 35.2499999614787 37.7500000646751 29.2500000912134 27.7499999868728 26.0000000264441 24.7499999866822 23.2499999865872 23.9999999729829 24.4999999455829 26.2500000136993 26.7500000413858 27 27.5000000279717 27.5000000000009 26.24999995747 28.7499999857273 26.7500000431022 26.7499999566113 25.2499999854425 25.2500000732707 26.2499999557514 27.2499999851556 27.750000044822 25.2500001052536 20.2500000453941 19.7499999847727 19.7499999846776 19.7499999537452 20.0000000000004 21.0000000624358 21.2500000157043 21.2499999210038 22.9999999682106 22.4999999999996 29.0000000643423 28.7500000161814 23.9999999023382 25.5000000982357 22.2499999505963 24.2499999834362 27.4999999999996 24.2500000502636 -9999 -9999 -9999 -9999
