socal_rasters/slopedeg_SPHAsouth_aggfac2.asc
NCOLS 210 
NROWS 130 
XLLCORNER -119.45 
YLLCORNER 32.483333333 
CELLSIZE 0.0166666666666667 
NODATA_value -9999 
[rows 0 to 25 of 130, columns 0 to 59 of 210]
-9999.000000000000000 -9999 -9999 -9999 -9999 -9999 -9999 -9999 -9999 -9999 -9999 -9999 -9999 -9999 -9999 -9999 -9999 -9999 -9999 -9999 -9999 -9999 -9999 -9999 -9999 -9999 -9999 -9999 -9999 -9999 -9999 -9999 -9999 -9999 -9999 -9999 -9999 -9999 -9999 -9999 -9999 -9999 -9999 -9999 -9999 -9999 -9999 -9999 -9999 16.1773727379093 -9999 -9999 -9999 -9999 -9999 -9999 -9999 -9999 -9999 -9999
-9999 -9999 -9999 -9999 -9999 -9999 -9999 -9999 -9999 -9999 -9999 -9999 -9999 -9999 -9999 -9999 -9999 -9999 -9999 -9999 -9999 -9999 -9999 -9999 -9999 -9999 -9999 -9999 -9999 -9999 -9999 -9999 -9999 -9999 -9999 -9999 -9999 -9999 -9999 -9999 -9999 -9999 -9999 -9999 -9999 -9999 14.5900059242757 14.3224770854938 9.73308209443381 17.628680195982 15.9460530463963 9.52497531658794 -9999 -9999 -9999 -9999 -9999 -9999 -9999 -9999
-9999 -9999 -9999 -9999 -9999 -9999 -9999 -9999 -9999 -9999 -9999 -9999 -9999 -9999 -9999 -9999 -9999 -9999 -9999 -9999 -9999 -9999 -9999 -9999 -9999 -9999 -9999 -9999 -9999 -9999 -9999 -9999 -9999 -9999 -9999 -9999 -9999 -9999 -9999 -9999 -9999 -9999 -9999 8.35777760997924 8.30355929547702 8.02705218142173 16.7686117591903 17.2056483328197 19.4223844988451 14.6285901477485 16.5505523679324 14.8519949949022 17.7755825272085 10.5518233718561 12.8738117118892 -9999 -9999 -9999 -9999 -9999
-9999 -9999 -9999 -9999 -9999 -9999 -9999 -9999 -9999 -9999 -9999 -9999 -9999 -9999 -9999 -9999 -9999 -9999 -9999 -9999 -9999 -9999 -9999 -9999 -9999 -9999 -9999 -9999 -9999 -9999 -9999 -9999 -9999 -9999 -9999 -9999 -9999 -9999 -9999 21.8606930533557 19.728941021923 21.3651800600358 22.5204549024329 15.9125223248583 8.75303119068213 8.83396090474798 16.278232451385 12.7792121869387 14.9759323948877 15.8831527190825 19.2799722996839 13.2453866559632 14.9318689470345 20.0037326724227 20.6119654276291 14.6040926149281 13.9877422649158 -9999 -9999 -9999
-9999 -9999 -9999 -9999 -9999 -9999 -9999 -9999 -9999 -9999 -9999 -9999 -9999 -9999 -9999 -9999 -9999 -9999 -9999 -9999 -9999 -9999 -9999 -9999 -9999 -9999 -9999 -9999 -9999 -9999 -9999 -9999 -9999 -9999 -9999 24.0283451216447 19.5659169920192 17.9988127006829 16.8464598936654 11.9750156594155 15.2965513944634 13.5062261330992 13.8286626730385 15.8168125120253 17.2941902124685 5.04047071929063 8.71333800190276 16.1388947415809 -9999 12.8727534504371 16.8334049956356 15.0026798281534 18.4955176962357 21.1359749137816 20.0877146650326 12.932954937092 14.8474610301606 12.0001244362251 10.5140188204533 -9999
-9999 -9999 -9999 -9999 -9999 -9999 -9999 -9999 -9999 -9999 -9999 -9999 -9999 -9999 -9999 -9999 -9999 -9999 -9999 -9999 -9999 -9999 -9999 -9999 -9999 -9999 -9999 -9999 -9999 -9999 -9999 -9999 -9999 13.5799374407218 21.3705126570437 25.13763474863 16.4859228178825 16.1470475501504 13.8685476961119 18.0795049545958 18.9445182711972 17.8383900711745 19.6007843235831 19.5627126107695 17.1362076342326 15.2957628372455 8.7160914816851 10.9323697316719 8.4008954260372 -9999 8.41885448716265 11.6215004691064 9.28954435418212 17.8627201092143 9.30453594967338 12.805851460279 6.26957260366009 10.1464546307873 12.9471657812739 15.2374251521329
-9999 -9999 -9999 -9999 -9999 -9999 -9999 -9999 -9999 -9999 -9999 -9999 -9999 -9999 -9999 -9999 -9999 -9999 -9999 -9999 -9999 -9999 -9999 -9999 -9999 -9999 -9999 -9999 -9999 -9999 24.2619576533058 6.39955418843751 8.11095180102385 15.3138098387965 16.5510397059392 14.5199776116425 17.4121902017092 13.6965851752335 12.4150637045609 23.5024644755718 22.2783174786914 14.2191627189112 13.7162065360844 14.0794970990132 18.0033953147335 8.58580054248854 13.2589335447788 6.9750288572716 10.0054900920177 -9999 5.32127176485223 7.34168042079086 -9999 6.86189399905626 9.05663427083305 11.4107195843861 9.53261436919086 9.44036961199256 11.6504611252407 9.18699515972535
-9999 -9999 -9999 -9999 -9999 -9999 -9999 -9999 -9999 -9999 -9999 -9999 -9999 -9999 -9999 -9999 -9999 -9999 -9999 -9999 -9999 -9999 -9999 -9999 -9999 -9999 -9999 -9999 24.7798876199408 26.4786195838715 24.7351803581562 13.1944515775314 8.20557427632812 13.5886552648224 11.4783963455756 10.4727494791173 11.2308390133838 9.83609408934776 15.2728326514687 13.7857903613933 19.4415101454967 19.7141921367222 12.3209350075641 18.0923900130754 11.3444460405196 8.92522407906283 9.46904452632873 11.2278858011196 9.08321857461049 6.37274557103555 -9999 -9999 5.85019028081367 5.24746790265125 9.53978988542208 7.60909854251577 8.17171128810066 8.40255603155274 15.4555146597149 14.6017322213346
-9999 -9999 -9999 -9999 -9999 -9999 -9999 -9999 -9999 -9999 -9999 -9999 -9999 -9999 -9999 -9999 -9999 -9999 -9999 -9999 -9999 -9999 -9999 -9999 12.1682409426389 12.9079692320052 14.2494867353392 21.6132645433734 20.460112111847 24.8482650835196 22.472707286296 15.8194382666993 15.5230830128704 9.16279614351927 18.9635675211144 14.1544199251965 15.509067054408 12.2067098662621 15.6695773377457 19.3795726136753 15.4025001995839 13.8830117378084 14.4505150017258 11.0743131876048 10.7328563003989 8.10613479683342 6.50350296410326 8.62148176006822 10.0733647654644 6.3010951159009 10.8126036649698 7.94692903726588 8.25692333557344 8.66249907334397 8.4161452153353 7.0664586756253 8.47761163854293 10.0507463697476 12.9029345394802 12.2996615352339
-9999 -9999 -9999 -9999 -9999 -9999 -9999 -9999 -9999 -9999 -9999 -9999 -9999 -9999 -9999 -9999 -9999 -9999 -9999 -9999 -9999 15.4505800987494 14.6311716283773 9.58675218006158 12.5552458788462 10.0346867895982 10.5664530963908 7.52773820659936 7.58618487153356 15.7646194695678 18.3430528684703 11.596986534008 8.93381490303149 11.4209661199888 13.9835313845055 15.1583326054935 13.3540060734336 14.5799537363085 17.3767497357899 12.2430859772576 15.9083950710642 -9999 12.2032294081678 15.7104773404311 10.4510314485307 9.13565432858312 9.36073256087568 9.52920658752868 6.65595050108597 4.18311331313031 3.49363745441274 7.61827115607475 7.68252705218412 4.10353701639701 10.6900150644484 5.68384161204628 7.38395660704355 6.9797999756812 7.59343289715533 7.50558125803478
-9999 -9999 -9999 -9999 -9999 -9999 -9999 -9999 -9999 -9999 -9999 -9999 -9999 -9999 -9999 -9999 -9999 -9999 -9999 17.5554149446461 22.7638472906912 15.4852724079876 14.4559335304582 20.6126551547899 15.2942776483381 12.7354388799505 9.80847454588224 7.60300824684953 11.2837591016783 18.6056024317357 25.0621177201308 9.25960074589447 12.1387743016241 17.1141225266368 17.4057236030061 17.0840248870306 13.9617631841189 15.6358225619795 12.7546642645613 14.4061157638807 11.2826700311348 -9999 -9999 7.80966543510571 6.18109939846521 7.83921649273634 6.27759184374778 4.47210164266414 5.5288345800891 7.46647949641265 4.10089139953153 5.43531211037704 5.33353676645497 6.45667606163043 4.1313372184097 4.08191399926094 8.35792372971708 5.98720826989538 6.1297576578518 3.71304451081806
-9999 -9999 -9999 -9999 -9999 -9999 -9999 -9999 -9999 -9999 -9999 -9999 -9999 -9999 -9999 4.08001637114969 7.72044430776791 12.5651061868543 15.0223621166524 16.6813249172125 19.926457846852 21.9794502182705 21.430792333331 16.3968553263367 19.319482545085 14.9694678822167 11.4464006706849 19.8539521394985 25.0504392894443 24.9059153236596 24.7978796976825 18.2631224424197 20.9282548302844 21.9961552598878 18.2973301279997 16.4441402141 13.0606522025504 23.0468020009612 16.8410281641002 14.8386460467559 19.8443701428877 7.93890552229788 17.8568367634823 13.3125189813212 8.91689788471701 7.10756580052404 5.44556591788583 4.91422477329403 4.54319966110083 6.01664723249915 2.13479946852046 3.92819930622986 5.04201829266444 2.8815797852721 3.9872791647327 4.90487618930166 5.32965718642093 4.56591476470809 6.96555770844207 7.02740556238034
-9999 -9999 -9999 -9999 -9999 -9999 -9999 -9999 -9999 -9999 -9999 -9999 1.63096299920923 5.58541495614181 7.51226326627269 4.86986927487657 10.8429627398738 6.85478323769311 5.92270028708528 7.23219173644909 11.8098089386363 16.1881522859742 24.2077545771232 22.7688026526749 24.9412047618596 19.0542476489052 23.3830924302486 20.876077134561 22.6565723537084 19.8634651030413 14.7616760713987 11.7439044596992 19.3775009890358 19.2783630312594 12.9103420174003 19.9963626819354 16.6808874590638 22.8580250621651 18.5453901601603 16.8479220701305 16.9991922582936 9.19786324066639 11.6144182865457 11.0769205181124 15.386332226713 10.9562990569051 8.75957481499132 8.08592431751205 6.34112139585027 2.39530277049435 3.58551594609441 2.60078437022423 3.10330651492769 2.56547729474675 2.94301552986804 4.58705658858001 3.53806444219563 5.8377682107769 5.27432152494467 8.35962533091766
-9999 -9999 -9999 -9999 -9999 -9999 -9999 -9999 -9999 2.15634968623648 8.83130060521192 5.64664476095831 5.34081565642319 12.311456446668 10.3231986242095 9.80654089273592 8.19498514105573 10.0828630800173 10.175193904141 11.1808584961081 18.2078928817043 12.1433093339579 17.6471669795987 19.3598222866969 19.705475072423 21.6089773355545 21.3633050743416 23.1109450148578 22.2846145705208 11.1664777070623 8.16012405738944 7.01454433831975 12.1852371243457 16.4061101882059 16.7025249083095 13.137386502854 15.7050752589322 14.8832843419642 12.4141576543759 17.0141475224937 7.34746512184928 13.752285488491 12.7545734499126 16.6590271439477 8.75984196030659 13.665330194244 9.41494715601551 6.63333120061566 5.87824689313958 3.98373142983574 4.67950750655997 2.62294739664515 1.74064816611966 1.2212544212307 2.6813595140594 3.45376277036503 3.4875465659552 4.79324803305995 3.34258670605379 6.54344941234512
-9999 -9999 -9999 -9999 -9999 -9999 -9999 -9999 4.53426623635699 7.88148533487582 9.22197556369101 17.6308975073827 16.9130747303946 16.8388199812897 18.2821152083529 12.7723715324199 20.3829569627057 16.4543046896759 16.2816874956504 16.6385915266268 11.5833754591096 7.33291792216884 10.6555744270323 11.7138021990046 14.201347357653 14.0486276045468 12.6189448705946 8.86946952117127 11.6151765884681 4.25158972517164 3.4714538679715 3.55120346138942 10.4071070072468 11.4762189663515 14.1825972952189 14.3581075978451 13.250042449989 8.30439988722465 3.28654658898023 1.96624241603656 6.70022318309755 6.02106658786808 4.52934685984567 5.42173468272151 7.70024705252477 5.84317588130038 5.89194042057845 6.14672497137365 7.26017963013593 6.11488718473457 5.95422733829203 3.71182353803212 2.2650672460894 1.58589642380977 1.94147903174128 5.15372612577753 5.44288051418698 4.68571998079429 2.26497882015425 1.64459555067815
-9999 -9999 -9999 8.68392634520306 12.3875029079738 -9999 -9999 6.21600401508712 1.85238520691218 7.9202740661289 10.1833717815954 10.0297510560764 11.5229437284251 16.1820955443593 12.9958631972475 10.3580752516339 10.2726614450076 10.1428468386666 9.25089274559974 10.5849736922303 9.66286680504001 11.1832819998992 4.99696762156031 11.2150332833822 9.22195651466985 8.60598230355036 7.27508174199299 6.84932173104399 3.17741716373352 2.04347050544712 0.643997712982859 0.629256314085483 0.649045228838468 3.47564133163332 5.88603992964821 6.00937821461678 1.89880333938044 0.50831009537626 2.12180443174324 2.13901599950497 8.25826441166277 7.40504834262315 10.4327780344967 4.60596026439791 9.94286979746585 6.85383952977786 6.01957980383896 5.53048696195562 6.79720336789796 4.95305516735495 6.48729667907795 5.54480355048113 2.83363177577794 1.76676999671022 0.967959609878105 2.59854997713804 3.38318973678651 7.49750921531249 6.45536957529705 5.76141470134059
11.7751107216231 17.6132726663108 14.6034656208486 10.8093173487183 11.5340541550861 10.5085504108348 -9999 8.80123556030686 10.2328497738477 8.33105600245982 10.6927700044787 12.3257653815465 8.07544411317233 9.2377886050741 9.12382411357653 6.15431594187316 6.24093783996673 9.74067056560066 9.04715454463127 7.88249493216442 9.9808049231356 8.91047824668114 7.63644789321881 6.01795280935405 7.96970505662266 6.71359344034323 4.02694452107061 2.14317478040538 1.27451520733176 0.333687321381112 0.676723419140947 1.03459152715123 2.68545959609337 5.09484787936572 5.99724937922182 8.59515307379758 16.0673673603604 13.6736123676585 17.5287902708962 18.3286524045858 18.3060977319874 16.1692261545589 15.1378349830412 12.3459128793082 13.7360806267886 7.37228657506478 13.7369823617638 12.8175933955801 11.203432037647 13.0985924769226 10.8340273576449 6.97445582321948 5.11333417827713 2.47864252966575 2.13223117414898 3.4225708253403 5.14801854118353 5.24321799545006 7.56261670324864 13.3993308621544
-9999 12.991795061979 20.1210100637368 14.1966815014427 14.394641874913 14.0941100102499 16.756802561645 10.7666361965905 8.09406433873784 10.0254799220726 10.5138850225022 7.42209065423074 8.4543363959989 11.3636062045539 8.88905871500345 9.03292502551101 7.41369362023319 4.40713166996271 5.53159981383758 8.50194741556112 8.76875199265914 7.43850590117786 4.06649680716696 1.4522831770135 0.858894839711508 1.05992804352595 0.561601026806345 0.602290189014539 2.12427205522292 6.78569463846539 6.44647689982308 7.45607211766087 14.1385337581574 9.48271333565071 13.0036001360651 15.1754777173572 12.7881865986322 11.5335827538747 8.29323638972527 9.50676783791539 9.35799895035764 9.23117458100201 11.3561401097263 14.7226850975951 11.9443519537621 13.3103355184043 16.7797722690323 15.0520779699984 13.2838217870326 13.4262125164942 12.8542181466535 12.3325770023674 9.407005549451 7.05598572833638 4.33921058553432 6.1164675346258 6.14641426564388 10.5730960350333 13.3287123263046 11.8509762292359
-9999 -9999 -9999 14.0200722178079 14.6270573099687 14.7719476238449 13.844149829557 15.4461793793655 13.4885909622279 7.17181093929194 11.43274950744 7.19230549908911 7.34081447134292 10.552112820268 8.3212020452623 10.5361876532286 5.28297129373014 8.80718099912562 7.5985767560173 7.36951923548057 3.57047400757252 1.76822938957904 0.62168880657717 2.34371446326398 7.22221938834244 12.9468071247672 14.9938426122387 12.2941773187851 16.332547406611 11.1839259643082 14.2515875897858 13.3310220368073 11.9374284993992 6.26198851837321 8.52581975561886 7.2588205370668 10.1358219441095 9.39986366849274 5.11981072031455 6.30675780131318 4.28514200951067 5.46677749756364 4.56921426428048 7.88102496838461 8.33879999433774 12.2204819194704 7.79611016633279 11.8244276472623 13.0141349131643 16.1446889555355 13.6203618464382 16.4629500790092 10.0026663214118 12.8559788942066 11.7975851623269 12.1447365725356 8.74678457285724 12.3126950029968 16.3041254403549 18.3137523609973
-9999 -9999 -9999 14.2098462642315 13.8693791601339 15.3573474858989 11.2746350736154 10.7994645914435 8.2999768250948 6.16121722878473 11.5138667827054 8.43617547776595 5.40340780856701 8.55620587093469 9.40073264435843 11.3032271745891 7.64615034308637 6.64206098908723 2.4493846121181 0.997987091982644 0.793376103872531 1.44435412193913 15.6252477998234 15.3776447572571 19.8494493604104 20.0840885981858 13.7356618714656 11.9727792792277 11.513003949746 4.17062682965083 4.82040047757049 5.00806098799034 4.37853675450795 4.43502301176755 4.67373925398023 7.76191304123458 8.76604843372526 10.1859847450311 10.9249189074716 8.81729134261399 10.1605840845633 9.14271580899943 6.47034797521109 5.90947876907799 8.16609150551289 8.66359127434708 9.98386443221738 9.15228283418167 7.48626190313456 12.0090937278534 14.5396675877784 21.0845351538561 14.9998700676179 15.7498653366161 14.8669120435334 10.9952338004501 10.4213750867549 7.38993898969626 6.60136378320796 6.54939967153646
-9999 -9999 -9999 -9999 -9999 -9999 12.5063445684785 11.7797861115688 9.09407253403978 4.39642423630069 12.7467389030453 13.3694124200001 11.0482497080039 10.1434708448439 7.20926690927024 10.4839882767806 6.42759657795465 6.8809316842713 1.07450374947245 0.718474597205665 0.549512886380228 8.72871798781796 10.958754070683 12.3612060180447 9.49978330991811 6.50815857218727 6.82961201497091 5.47702174876766 3.90285756725511 5.49214124702317 4.24193769526497 3.48616546993248 3.39413278407672 3.17006879641061 3.29737794292959 3.82504390940705 2.40604036888293 3.18677422776172 4.24860977847332 6.04411194547938 6.05151523737851 7.53261840389588 6.24583460551989 5.2802882139835 7.43726253717311 9.97440084606097 9.72459396503636 12.1837530685624 14.804546813625 12.4616053082493 8.7601564068139 11.718846280109 12.2186985089131 8.8231076925129 17.0304204233288 15.5812197467419 6.76253776532341 3.27795573352105 1.84002721478002 1.57533723053651
-9999 -9999 -9999 -9999 -9999 -9999 -9999 9.45784122499592 4.69950796384135 10.625011135493 9.43272960404953 15.3655278672885 11.9334750180419 8.61381256320448 4.90460646819321 4.37353778740167 2.44729778277333 1.53547679152707 0.803440361512208 2.08375442546293 10.1117516756244 11.2454152181438 6.49489368068406 4.66924469770436 4.10122293428365 3.13953751187061 5.70793653037893 5.83326399440015 5.36524683727016 1.68686151728129 1.77502890354299 3.52268248238081 4.07355297163128 4.43622696100742 3.08791697244738 4.08848666493639 4.71169932679969 6.15955665268334 5.2551228421081 5.92837081025774 4.02749066615856 5.2681267499749 5.63219621288728 3.39104520324915 2.1181099769169 2.86961777661385 6.78474365238706 12.5484847515781 12.6305809977873 9.031974775793 7.61285474225007 5.18306135518068 6.19837734502285 6.8665399486932 8.39549685747548 4.158309386161 3.46257657854501 1.70554475308298 1.99570308010187 1.99199392453549
-9999 -9999 -9999 -9999 -9999 -9999 -9999 -9999 -9999 -9999 3.53865900504861 3.75262009915215 3.14795455413139 1.89223900554671 1.70961850979608 1.42205199590555 1.14477249984079 1.65445074554308 0.526597397011328 2.74223674846317 4.39506572872391 2.88167317459751 2.03857976592862 1.34347945215598 1.78703254068189 1.62771901755863 1.60484447778683 1.82812907241571 1.52937639099503 1.45174604058793 2.80439147869252 1.61918896878755 1.45612735085521 1.27162175002611 1.55054287037552 5.93101298870333 11.4762415777702 5.89442763901596 5.18009432819437 2.8268281518538 2.11200547517562 1.43277150623696 1.07699384199492 0.822040288606536 0.71105455549552 1.15819865008422 1.91062744995075 9.40385139511895 13.3344366950158 12.3358853923155 4.7177520557193 5.59324622775483 4.3459935310856 3.7066188270302 3.81871606140107 2.95779031313237 1.72202253643953 1.68898230450822 2.90667912748284 1.73902946267282
-9999 -9999 -9999 -9999 -9999 -9999 -9999 -9999 -9999 -9999 -9999 0.719711654148626 1.06746244351852 1.03340458870349 1.9090062655462 1.62229150388134 1.30299043461212 0.454400726501406 0.513076577743628 0.481654107890578 1.64911818875359 1.08900396609781 0.947974518044043 3.74045700276221 3.61185130790744 3.8161982322077 3.13980248485229 3.09647549650902 5.96962158172941 8.08167471650926 9.73476885962464 5.08166009090125 3.57916874027398 5.1706579428012 4.98447972054663 2.53145365914821 1.89392151476717 6.62351002370372 7.54899493563505 1.69445554160734 1.21881403348942 1.21288610850575 1.39828854828669 5.44794209647111 6.81021928163709 7.98079801127091 6.72392361273224 10.2370338049948 11.4607517866464 10.5763073520983 1.71821248631095 0.890498124718529 1.9850802069698 1.72693574849808 1.83341479916206 1.1619757720098 0.669912227612766 0.662731425026599 0.582874296986304 0.80527494216495
-9999 -9999 -9999 -9999 -9999 -9999 -9999 -9999 -9999 -9999 -9999 0.6316480117192 0.52764732790032 0.796286389396272 0.883343055465388 0.656799152947576 0.501862107744372 0.63620041046145 0.610283353435404 0.409526422462544 1.15540994462402 1.79764920409694 4.2873989974234 4.88719081944774 6.54759096972424 6.23293282738835 1.92676958094921 5.02824782925906 6.1580910667885 3.99823672554976 4.10625505449962 7.04375553499058 6.73569263751146 6.02982370108762 8.82012164474759 5.95271059391206 7.76897473199251 -9999 2.26610474655442 4.31994548082838 6.43453215187355 6.10739825781098 8.58267428073733 9.05720829173596 8.27154781060701 9.58078594259857 10.2072832530601 11.4887880372252 10.0399398772025 6.77339495431539 1.57594478371606 0.792235689409804 0.774777756720201 1.00424062828798 0.860780788501145 0.847390534375775 0.926316945747683 0.956223097610434 0.726086686260855 0.533018952914333
-9999 -9999 -9999 -9999 -9999 -9999 -9999 -9999 -9999 -9999 -9999 0.677893587194307 0.402233570449667 1.03086148340319 0.728982840394649 0.380352720772691 0.601282463010071 0.595809504572334 0.349606048517046 0.302753198698033 0.859364522200116 4.85673458072008 2.23339894038684 1.10020515548652 0.50639668239075 0.550422906074172 2.43096758635724 1.11349160703712 5.13105440000607 9.36598830444879 7.26936518235045 11.6859780507648 10.8613503929526 4.2753379697844 3.25759155598763 3.78431606888668 6.66461536947971 7.32212856882719 5.6707217596984 7.26937780212948 8.37792007283345 11.9833538630606 13.2151428793293 9.13920676053205 5.69014359509416 6.72856892259047 7.97105465107441 6.18283466467579 2.97287643000378 0.930510723020843 2.44843791668025 0.680772512365153 0.493683779384371 0.747753873018083 0.785459933522427 0.743857356060932 0.694274425304607 0.61170205315071 0.506043502243909 0.567800448046812
