socal_rasters/slopedeg_SPHAsouth_aggfac2.asc
NCOLS 210 
NROWS 130 
XLLCORNER -119.45 
YLLCORNER 32.483333333 
CELLSIZE 0.0166666666666667 
NODATA_value -9999 
[rows 104 to 129 of 130, columns 120 to 179 of 210]
-9999 -9999 -9999 -9999 -9999 -9999 -9999 -9999 -9999 -9999 -9999 -9999 5.44306458973931 4.07824820864861 5.72196870953953 5.94453040276648 3.4647059549119 1.77162516486995 0.673939043162596 1.15547252745347 2.46360841589256 2.26920149769413 2.91752450818695 4.55709222461155 5.64498331980554 6.83073733478647 6.09264312065341 9.9705831546827 7.39152762186675 8.72233795859435 8.13506393392007 8.4433670859037 7.51111268023437 5.303134754476 10.5402688795932 12.0674817223858 21.1052899510746 20.0448089674827 13.7530851814771 14.6689819335131 16.6643702420433 7.63665162532441 13.4479020994979 10.1432883856981 7.96380201933564 10.7473962981489 12.2521472691709 6.16407563453343 7.0266423102992 9.14634269818109 7.83680357283731 9.94189252389543 7.76197256115743 4.93420884029767 4.84786109246826 6.71723038650112 7.98976827910787 8.17191934574676 5.5218077245788 12.3199873237324
-9999 -9999 -9999 -9999 -9999 -9999 -9999 -9999 -9999 -9999 -9999 -9999 4.61066291616804 4.82042825016311 5.15640527537739 4.19978414929793 4.05035598326649 4.40690754051234 2.85259275438703 1.95394627995716 1.13290220745399 4.29254472251567 4.76929749021715 4.44482806866415 5.87700331100201 7.06530757455745 5.39817384247556 7.85014086416164 8.82399489566886 9.46840233433897 5.35501353099335 6.99041492942508 14.113185334061 14.0661922787946 14.8713877359682 11.0912698262274 11.4868174117025 19.5024426516012 14.3072540399658 17.9168326011582 19.0013142991322 20.243642347799 10.014741027378 14.6299851357457 13.0101420106754 10.3265659319257 11.1095307229416 7.62065309713654 9.80357244762991 7.95672694954058 7.47705480175469 7.38338416599389 7.73106003131935 7.78742217167124 5.10634213363174 10.7823860412071 6.51084228000932 7.73791135473525 7.97166471005989 6.87736385561567
-9999 -9999 -9999 -9999 -9999 -9999 -9999 -9999 -9999 -9999 -9999 -9999 3.53464446484034 1.50852337449317 2.31550059528328 1.75622249333656 2.29829832350437 1.46906083189788 0.907298597793857 0.849533618163361 1.0231117759505 3.79343612570988 3.895697695976 4.30254308675595 5.38116949479715 4.92273141440235 7.59231257196364 5.76408142852397 9.8299220381064 7.7039237490196 3.78423048225549 3.92158168935618 6.07041916483629 11.9023803030244 9.27620255751989 8.0867961404395 6.39203636162992 11.285447338461 10.906016065065 15.3164000312799 8.38654540920307 6.23142984901238 15.0161292446599 13.1749200367158 14.5667920632336 14.4459458059895 16.0731073367642 8.56125757133451 6.22841472707576 7.10673613401966 5.96401866913417 8.24632107929713 10.0898115429182 10.1320245246223 10.5118482475311 12.7923459932918 10.8087830131536 10.6176254423817 12.6386020471014 4.46678719166331
-9999 -9999 -9999 -9999 -9999 -9999 -9999 -9999 -9999 -9999 -9999 -9999 4.9175456287474 2.79725645654846 2.65886928214592 2.04890896257469 2.22817189792992 1.76991453356157 1.52023627657002 1.32289888366373 1.10415803077701 2.31133399685223 4.72377473667969 3.46761696284006 4.56719702769822 8.07978871081467 5.24690963739203 4.76376695094831 1.96422627883276 6.47072438581794 2.22479024337416 2.28810609128585 4.93780357425925 5.19423074371386 5.29155640081677 3.78677080095419 5.15755888062486 9.29988244387865 9.56500139153292 9.31918062721575 10.4196122565692 11.8322741946476 11.4191200219391 15.3862577015263 9.95901387507935 6.5456344586943 13.2149552442907 12.41844512804 7.59245064267667 5.53570019595022 4.56937080876071 6.69761197264306 5.45419207889214 4.32050820487721 9.12295320939529 6.95344826313584 10.0533050750875 12.7448925288224 7.25535681823614 2.94674570963715
-9999 -9999 -9999 -9999 -9999 -9999 -9999 -9999 -9999 -9999 3.08441748589017 9.98731067074739 8.22593561327759 4.76283081041332 4.13476913947181 3.57023586765067 2.76945819807485 2.06580198816657 1.27871468308694 1.52040948759801 2.57470651351856 2.87851388721282 5.02152061094079 9.74236347124856 4.16212161101061 1.39845864521916 0.977089816729781 0.58119381657408 0.5738455589998 5.98987908026241 4.62509498297471 6.79945637227717 5.11236151982275 3.33836033478687 7.6204485415416 10.5929187285488 9.23342459176734 11.0036974689435 8.46507278707239 6.05336829271287 6.94134453218966 5.0507700129542 8.01608373213786 12.6763510236586 4.82307240282364 2.34386572480466 4.9515086440346 14.6830041458183 6.46158019673735 6.31975874011304 9.55196902012698 12.6095878308186 13.3272065953124 10.9245965531122 8.45847344846046 7.29018183908041 9.3497444677122 11.12559775443 7.75619677747079 10.2300240954502
-9999 -9999 -9999 -9999 -9999 -9999 -9999 -9999 -9999 -9999 -9999 5.17021210616644 5.92407299593139 5.47332475614368 1.70417924643107 2.31264425288479 0.681393001722144 0.90640249132369 0.739675033658593 2.94176438433246 2.30243823832441 4.24181102827827 6.11620185048132 10.0991280479462 11.7328579857612 7.6372942964829 5.73068426038848 4.9988383025442 0.958716905725532 4.61313321693158 7.35728880925785 4.4207483328184 3.98400270234607 8.77229681109488 9.42312320962743 7.73537103894347 9.68355464022704 13.7693387069305 5.68223547719091 6.1197042263295 3.12402723267664 4.2052534700764 5.55327869066633 3.67491297234223 6.93202716697259 9.15858725021846 9.08057222011007 9.32133514869925 7.8666342712387 5.23870760969152 5.04231835848985 3.82486662785616 4.77766657403208 9.70308847865219 9.78133242228886 3.21266644558311 8.75845896192142 13.4026960068378 9.86402849523699 8.0638240368966
-9999 -9999 -9999 -9999 -9999 -9999 -9999 -9999 -9999 -9999 -9999 4.16260931231144 3.1435428129599 3.98983325112331 3.40540375875076 2.93958024407053 1.90067977155583 1.21032723673914 1.00040445130801 3.8012279180664 5.46632105433948 3.70723305593156 5.76120000881503 6.65914754896482 8.57505142840732 9.41629913292973 3.83016496075502 7.20401698777343 1.1222332854949 0.731153977875096 1.15578985253234 2.60200478226567 4.9523758523077 9.26777270379164 7.75396830800521 6.6412962398563 9.25794109288484 10.7502532663091 13.555873334129 8.16135587006839 6.61448725625446 7.09242051778595 4.19598429417425 6.64695020156625 13.6667569760983 11.865477249364 8.27931245866724 5.87065842295769 6.77304359107559 5.72171250856239 11.1363987025955 11.3147293751265 10.3057627283972 7.03469953682771 4.04167640170134 5.82574903930326 11.7716907124646 11.3075846087061 9.24157652284976 8.62458837592654
-9999 -9999 -9999 -9999 -9999 -9999 -9999 -9999 -9999 -9999 -9999 -9999 1.1321987505939 -9999 2.99980392191684 4.2748890028179 2.59006443501352 2.53115746175479 4.25459825808202 5.37416178154405 6.37592724751751 2.66231162307849 3.6080533112346 7.33726423086782 2.12621766670811 1.78908044866208 2.10542474848808 3.19046878126154 2.78245070533467 0.560783771596608 0.63957290624713 1.03986118342738 2.73562195671707 9.91641582551862 11.2219559136502 13.8807889707574 6.39891898116203 10.3049353768361 8.42431573175506 5.51626415240762 -9999 7.76353585756326 14.1062280760655 13.4775255548073 14.6875897226399 14.3762852639067 7.8959051555023 4.64710112198639 6.76037604974369 9.91179807517629 19.6123575243871 10.9512857100737 11.8300539356926 5.04145656548871 7.41110557212218 5.14767732824135 13.2612685484165 12.8362697102286 11.3157692072962 12.6382799422024
-9999 -9999 -9999 -9999 -9999 -9999 -9999 -9999 -9999 -9999 -9999 -9999 -9999 -9999 1.66989770838214 5.79121443751333 2.96771029633424 4.0838136151169 3.14084852799849 3.33578196735333 4.34121642709309 6.85817327709308 4.67127762463384 3.78984569155069 2.04506951733845 2.15228598264075 3.50571618809524 3.97249929069101 6.80976624078071 4.14391029909126 3.73044478280861 5.48084016306917 6.00248646877142 7.33091921982817 9.43675519408358 7.52530590286309 9.43380352319613 15.6609952258083 8.8428041428943 10.6681211344888 6.37543220338512 8.74097955609469 11.2669654171724 7.06212763707646 6.45729634368353 13.27979473764 5.16569298515579 6.79248409711678 14.2211633022692 11.9368426433714 9.27416567666675 6.46273053620225 2.23441356683642 3.31683717514583 2.29202498437363 3.57534158193528 7.69878880119195 12.5743901484532 14.333281493021 17.9342051900516
-9999 -9999 -9999 -9999 -9999 -9999 -9999 -9999 -9999 -9999 -9999 -9999 0.35273923820588 0.730923069335403 0.734072100726892 3.04616367090414 3.80877118249203 4.28928266027363 5.37307554549092 1.86444548475834 1.63091071871298 1.84271057040918 2.55334850581667 1.30324913161158 1.40814652187111 4.76208159624721 3.60813062349495 7.03888110006216 4.83093132315617 3.98214215509734 4.25131374534973 4.92274688938086 5.95756467784257 9.80483649854885 13.025382849116 13.5315836470459 10.946141158606 15.495380097496 18.2564424167582 11.6880282259338 4.57413707141183 3.51404460305034 8.85805577558584 8.09076267235764 8.03188592005677 6.35651929205321 7.8021622649721 12.2449283294544 16.8766752572595 12.858172676783 10.5564350296818 15.7789092169974 4.41870119142057 4.1507508339892 5.43270660958929 4.46858600698087 13.3305025356024 3.51709014621091 8.01582763868802 11.5891901932993
-9999 -9999 -9999 -9999 -9999 -9999 -9999 -9999 -9999 -9999 -9999 -9999 1.88502600620245 3.70809646614867 0.537353038030397 2.13735972549799 3.07607428001279 2.01077598691531 2.43965404124237 1.41859076537087 1.58579062499336 1.76387889345642 2.54607777912638 1.76104099464052 2.74306067407831 3.7790184820626 3.24715653523671 4.53009405717787 3.4935334267227 3.7468121281489 3.3286176647875 4.34919394158343 5.4281824799283 6.29519016255131 12.2140339361471 8.29902183830099 15.4950098425647 10.4376418247867 9.14361719342113 6.31108122058158 7.835209879078 6.93434151537742 3.43327680710296 13.7085527261205 11.2641628164189 8.23575088434821 12.9921048669598 12.0095393879129 14.321657537799 10.6055250833134 11.3225487768052 12.4421079761822 13.6191702190153 10.5996431661599 9.05306358394025 4.04811333570607 6.38035037731175 1.6874253719455 13.5924724839916 11.6549289961281
-9999 -9999 -9999 -9999 -9999 -9999 -9999 -9999 -9999 -9999 -9999 -9999 3.47860994939768 1.36607508027494 -9999 -9999 1.59632570517386 2.70890827205685 3.27774026555589 2.44279295103094 2.20045802537052 2.00311403928585 3.81828020699442 3.71246412548885 2.08882420889414 1.94646126932134 5.16727464743046 7.67096735179525 5.66566906509189 5.91315719904543 6.71204507677742 9.69924874815616 7.48454627636637 8.30238373115864 8.29021075304881 3.9990772465224 8.03806944567704 6.15795216761988 7.13214085255995 12.1307602617816 11.2206983326116 8.13815327980567 14.2188752529711 13.4312646784867 10.2205111386789 6.72871079184034 10.7549938777755 12.4396336394392 9.15088248123059 3.7808293702065 4.48993720098777 13.4123282190979 8.17994794644263 10.782560814194 4.11740351106424 11.0581769136832 8.28057505154518 5.18818143780735 6.74039482853863 5.57730633236313
-9999 -9999 -9999 -9999 -9999 -9999 -9999 -9999 -9999 -9999 -9999 -9999 4.58938232010744 -9999 0.468401870109647 -9999 -9999 1.6152621107649 2.18602487333884 1.30763399028835 1.31434075614011 1.98812501845099 3.34619778889353 4.08226823485303 2.32861448784858 3.99575074934776 1.36370540140986 3.06512205884146 -9999 8.9654993278358 13.2179011634454 10.2141494668699 5.98085633280853 5.54969694906693 1.85964728821132 3.90399510867858 9.61123527500738 7.23527191946357 5.79781509664512 10.1804715940301 12.6135803177382 11.3746777877578 12.7163025405029 11.3519609564921 6.59420741933282 10.7761639549148 6.50028243092422 12.5490424123551 6.35012309433858 7.70038358610472 6.60947748172629 9.04797909815103 5.25883652368619 7.6678948106698 7.83829074181079 -9999 6.87197678226958 8.02338676555917 7.7618643939105 5.01233759525704
-9999 -9999 -9999 -9999 -9999 -9999 -9999 -9999 -9999 -9999 -9999 -9999 -9999 -9999 -9999 -9999 0.568316103588716 -9999 -9999 0.796380966109659 1.48922705635421 1.29675000727826 2.39047596436051 2.55040228409461 3.5289810868886 3.97358747266686 4.26410360529522 -9999 7.92809034352343 14.8088248531527 16.2825453472858 15.5936904408163 5.23204215673648 7.04398783818184 5.68978936912414 2.32307772077177 5.80421525823223 9.31930392779562 11.9051618215254 10.263410808084 10.9137923105954 10.688324184343 8.63146379118755 10.6437170317097 13.4505983984591 16.2416982301325 5.39858297786945 10.3347943591465 13.7152136054618 8.38069044128699 10.1248011582145 9.45585048754346 5.47021081309263 8.00420087300983 -9999 -9999 2.56513144255931 7.08184405174714 5.33776469928499 6.59382480837469
-9999 -9999 -9999 -9999 -9999 -9999 -9999 -9999 -9999 -9999 -9999 -9999 -9999 -9999 -9999 -9999 -9999 -9999 -9999 -9999 0.59962153976527 1.30625012600025 1.65962004708394 1.75138422445326 2.71447524602353 2.33224703334816 2.10885795190146 3.55912220524785 7.44638158632428 7.0096754078987 6.71950626889948 4.48461035612501 8.154880744507 9.93387954071452 9.18028154171583 2.65734686289827 6.22872736618675 8.76437974046642 7.32172138573761 7.6132808410455 12.2350270495494 10.8218621951873 8.59774229628584 6.3818463971757 7.47818567710543 8.37806539098662 20.0266711132892 10.5178387353858 13.4157444702462 10.9854893666178 8.7265378381832 19.633684996952 15.8439630114831 14.015759873755 14.5622963696767 6.74101248302814 3.02854022607687 4.40741563965161 6.98345529821463 8.50302801993164
-9999 -9999 -9999 -9999 -9999 -9999 -9999 -9999 -9999 -9999 -9999 -9999 -9999 -9999 -9999 -9999 -9999 -9999 -9999 -9999 0.413341382320869 1.17265573373433 2.04459273071931 1.63968800267885 2.46851456424895 3.91726466261988 4.90122695937842 4.24771487958667 2.79587901486778 3.39001189470389 3.48008153156565 7.21020406180428 15.3369973475173 17.4159072802057 8.03854250996097 6.64289981643513 9.25192503930497 6.65015056926846 9.23948774292505 7.55415661048385 8.15922129237846 16.4719224445535 8.72041688650201 5.03596291489746 5.7347602475047 11.7345188528522 20.3427270393008 11.2112531129686 9.80771509460385 5.10644893964012 6.27333127236198 4.75516297864937 4.78211294684409 14.8061473081982 16.6063647795928 9.41610708303238 6.83851149422518 4.8775651309699 4.17941661070759 4.36927626367832
-9999 -9999 -9999 -9999 -9999 -9999 -9999 -9999 -9999 -9999 -9999 -9999 -9999 -9999 -9999 -9999 -9999 -9999 -9999 -9999 0.539462871941292 1.16184535779405 1.1811986368085 2.30675490112672 5.28493706357862 3.35242179968653 1.9242272809886 3.25215699708106 2.51051196731497 2.72924647659435 2.53843280101316 4.06307223631537 5.07174766741162 8.42485494961642 7.89250057375014 10.7908353493805 14.3500195875005 6.14586869987805 6.94605847302632 7.15839255495773 6.78464232810253 13.0714896382443 10.4636383085255 10.1027211978116 12.9114812286944 13.7741185919034 14.0452074084586 8.75698430478074 5.49065645455798 13.3401941554274 6.26313581506165 3.21368638747383 3.49040035373696 8.11003433402325 4.76623011900082 7.94107214604315 6.4161838097234 2.42483940029227 3.40818844684605 4.35776865315835
-9999 -9999 -9999 -9999 -9999 -9999 -9999 -9999 -9999 -9999 -9999 -9999 -9999 -9999 -9999 -9999 -9999 -9999 -9999 -9999 -9999 0.705031066970061 1.03953450419003 1.66348568342245 2.82272852761027 3.06506599821314 3.43999403356685 3.81091072426131 3.13779349996032 2.66422597336438 2.65127106750212 -9999 3.80668642424604 4.2929364490449 8.83533197661813 16.1936447144525 17.2756225294967 6.61914995486551 9.89465953452747 11.5992618358924 6.31819996543745 6.35902296920138 13.9363277382676 11.7790614982427 15.7525724928444 15.3936466553204 12.0500632467267 8.79742430668335 5.59251720937677 9.05075381869738 3.49849569019729 3.17901499330001 5.88286324906563 7.65253045542525 4.88813132796928 5.69314817043001 8.91097677254582 3.33231255753326 1.7218065772553 3.39070067782384
-9999 -9999 -9999 -9999 -9999 -9999 -9999 -9999 -9999 -9999 -9999 -9999 -9999 -9999 -9999 -9999 -9999 -9999 -9999 -9999 -9999 0.469945587807844 0.855725380652175 1.63226915620946 2.12607848658036 3.10972873697008 4.30468756833616 2.77494275286823 3.30170506018258 3.04170878151476 5.30126813201189 7.40345062574309 9.03655632385986 10.4405471675414 15.3673068161083 13.4669545297994 19.8020577221408 14.4381812745459 13.9915823841946 12.8315661858691 7.73603022732878 7.19385728073123 7.52854969456198 10.794835867232 8.72687144977518 9.18527864815939 13.3478322925803 10.0640754309537 11.4728456977965 6.8288827915516 4.02039899613163 3.40368583072532 3.9615023800675 7.2767130136006 9.54504783442317 8.27079622567757 8.89762453444964 5.11765255708273 3.92359971727559 5.36797851899379
-9999 -9999 -9999 -9999 -9999 -9999 -9999 -9999 -9999 -9999 -9999 -9999 -9999 -9999 -9999 -9999 -9999 -9999 -9999 0.470479164302784 -9999 0.528157415119389 0.749289422738414 1.7335916982104 1.75117200115921 3.3565380049792 3.13259000172425 5.53052571849569 4.58879669306646 5.5106826569881 5.5728649701892 8.20148368970037 11.4057118912543 14.9140151493942 13.8644982811309 11.8314740492366 16.2992476733 19.186902635896 15.4645322471602 17.1754222443968 9.54476042279767 13.2470064520699 16.5048687639771 19.2636610233041 15.9085836149345 18.4466044533432 16.6459853671536 11.3015871348871 7.10690291549288 6.11294034643513 10.2172334005665 4.88501080130798 9.72187966053335 6.62379855400534 12.1509655205622 9.54222535547273 5.0884910906577 4.63225896144516 4.45562382131212 4.72449024878558
-9999 -9999 -9999 -9999 -9999 -9999 -9999 -9999 -9999 -9999 -9999 -9999 -9999 -9999 -9999 -9999 -9999 -9999 -9999 0.546623841076722 0.45947291674923 0.614157155603596 1.4726320361228 1.92757242958403 2.12579724489038 4.02467522079189 3.80241226506889 3.75034620541609 2.28870715663315 0.782549519521386 4.57705958378336 2.69040504665725 6.17291498432036 13.7046992104175 9.47831325311665 14.645752490004 19.3196375532245 17.2429429034972 25.9444945846475 23.999477826954 9.85796880900598 8.82719940739045 13.2421476394645 10.3416410234024 13.9725498304727 15.7507998099978 10.5149340679723 4.02859384578837 4.00286392906281 2.27076156333505 2.68594019304853 4.94604618546642 10.9284570160429 9.59790757013437 9.03050589102741 10.6378821315973 10.5721445842801 4.83956270470851 3.32946459514962 2.33616050392456
-9999 -9999 -9999 -9999 -9999 -9999 -9999 -9999 -9999 -9999 -9999 -9999 -9999 -9999 -9999 -9999 -9999 -9999 -9999 0.408983119600214 0.62074310017788 0.664503396959909 0.412522116825664 1.03835902560423 3.20167891707358 3.78279414588507 2.84176068748868 1.8875357797465 0.800238346514526 0.502760172772388 1.61102489099265 1.70533502228961 4.30780544834352 8.68859124811044 15.1348962104776 13.6070595024484 19.6683579081713 16.0521524999182 14.7139536735148 8.64863364560354 6.73656725179888 6.34250638845374 10.031714423456 13.725474161204 18.1362149451155 11.5430620772188 4.3809628305481 3.30707667246496 3.31957959451396 5.59192770710154 10.0623371553639 7.32998405427938 5.73548343486866 14.7528968569598 8.75379111872856 3.42432955550395 8.7559028191739 7.25135526781429 5.78441043828872 4.46866795710185
-9999 -9999 -9999 -9999 -9999 -9999 -9999 -9999 -9999 -9999 -9999 -9999 -9999 -9999 -9999 -9999 -9999 -9999 -9999 -9999 3.04402428344614 4.97026524752826 4.71459163259643 1.48103386621426 0.675507135341052 4.66775034012428 7.31039200056805 3.43832221985146 1.33475694434364 0.752056476680426 0.892384879788225 1.04954012192824 2.23085720359922 2.93275472524358 6.70476808120329 12.2048185924331 12.5002347823414 10.1903414416731 14.5866732216021 8.27870384139678 5.85201064193614 2.30151144996309 5.64953692687483 9.92138964101737 17.8458229114194 11.5801659522597 7.84877201100554 5.61546116996135 5.75589840287708 6.0253920424431 6.55257460333798 7.96768037196959 8.08107793189565 8.70248261486517 7.26554004264534 10.7106802997182 -9999 -9999 -9999 -9999
-9999 -9999 -9999 -9999 -9999 -9999 -9999 -9999 -9999 -9999 -9999 -9999 -9999 -9999 -9999 -9999 -9999 -9999 -9999 -9999 2.96537920458093 6.749362352182 3.04863325053316 4.70109872888171 2.48916703341439 1.07135524004709 3.63490245493881 7.5121569710703 5.03732511685222 3.57409670142779 3.40343727397508 2.33460671203215 2.7185134312212 3.86905824464201 2.03659770538099 4.84598242309099 9.47572478961841 14.3363259170371 19.2643459921355 12.1896844564783 3.27208005928842 1.34802946654561 6.94497884914688 -9999 -9999 -9999 -9999 -9999 -9999 -9999 -9999 -9999 -9999 -9999 -9999 -9999 -9999 -9999 -9999 -9999
-9999 -9999 -9999 -9999 -9999 -9999 -9999 -9999 -9999 -9999 -9999 -9999 -9999 -9999 -9999 -9999 -9999 -9999 -9999 -9999 6.74130024374847 6.2116879674926 5.91622995039599 3.95441870867714 6.0076569827017 6.91982295305326 3.47499909895955 1.20030800630627 1.20629485075839 1.81414941899697 3.50238075268474 4.20271949557505 4.2484012901599 2.76507727021769 3.22886666806164 2.56412377289947 8.45930488156948 13.8033451265067 -9999 -9999 -9999 -9999 -9999 -9999 -9999 -9999 -9999 -9999 -9999 -9999 -9999 -9999 -9999 -9999 -9999 -9999 -9999 -9999 -9999 -9999
-9999 -9999 -9999 -9999 -9999 -9999 -9999 -9999 -9999 -9999 -9999 -9999 -9999 -9999 -9999 -9999 -9999 -9999 -9999 -9999 4.88281508195204 6.59836949951758 3.94100299579865 -9999 5.20980526149922 -9999 -9999 -9999 -9999 -9999 -9999 -9999 -9999 -9999 -9999 -9999 -9999 -9999 -9999 -9999 -9999 -9999 -9999 -9999 -9999 -9999 -9999 -9999 -9999 -9999 -9999 -9999 -9999 -9999 -9999 -9999 -9999 -9999 -9999 -9999
