socal_rasters/slopedeg_SPHAsouth_aggfac2.asc
NCOLS 210 
NROWS 130 
XLLCORNER -119.45 
YLLCORNER 32.483333333 
CELLSIZE 0.0166666666666667 
NODATA_value -9999 
[rows 26 to 51 of 130, columns 120 to 179 of 210]
9.60137355990155 10.9254396435056 2.33718873150231 3.89846626039517 4.0460466707119 8.68379651094675 10.6100450562671 19.4376400234775 21.5678000443654 19.1143247509301 19.6976671713997 18.899550001689 15.1476149797581 13.4063309750266 9.70397936711033 12.7120171097342 13.5012273652095 16.9691624996946 11.3026150985793 12.9198832933169 -9999 -9999 -9999 -9999 -9999 -9999 -9999 -9999 -9999 -9999 -9999 -9999 -9999 -9999 -9999 -9999 -9999 -9999 -9999 -9999 -9999 -9999 -9999 -9999 -9999 -9999 -9999 -9999 -9999 -9999 -9999 -9999 -9999 -9999 -9999 -9999 -9999 -9999 -9999 -9999
8.02548061466793 5.30351436811476 6.01799996727373 4.14700590473198 1.48384652035691 1.56849353958201 2.55167676058159 7.27954869407677 11.6603829696945 15.6958430506258 17.2198346286498 17.1758651485682 17.8742222363221 14.1001522044738 13.1456567163834 16.355797623941 16.4155850921309 19.3931504982749 14.0048044101393 17.3471225071742 23.163089547646 -9999 -9999 -9999 -9999 -9999 -9999 -9999 -9999 -9999 -9999 -9999 -9999 -9999 -9999 -9999 -9999 -9999 -9999 -9999 -9999 -9999 -9999 -9999 -9999 -9999 -9999 -9999 -9999 -9999 -9999 -9999 -9999 -9999 -9999 -9999 -9999 -9999 -9999 -9999
4.09173932405064 1.91816425802226 2.7431707265452 2.8458316991094 1.76292600402521 1.32544824873339 2.1074118807737 1.71715744889562 2.10635298944956 3.28955170197819 6.80808663288584 14.1965403622408 13.246162761503 11.8736651490387 18.4065726147006 16.170109649732 13.998472018512 17.1137274175455 11.7907822028614 10.9140565428073 15.9020701116216 17.6821372867745 -9999 -9999 -9999 -9999 -9999 -9999 -9999 -9999 -9999 -9999 -9999 -9999 -9999 -9999 -9999 -9999 -9999 -9999 -9999 -9999 -9999 -9999 -9999 -9999 -9999 -9999 -9999 -9999 -9999 -9999 -9999 -9999 -9999 -9999 -9999 -9999 -9999 -9999
1.64042776870562 1.84961271893992 1.66977925534508 1.58164675036822 1.59742321595872 1.62067525732551 1.23114052218275 8.52638222703318 6.02711510309337 0.81762230891495 1.13279340476608 2.50268497997997 5.05273342582262 15.2795579128084 16.3345750683294 21.001062910213 21.4003200683735 19.7984625021193 16.4809415479319 11.4968813250512 9.33497788365181 11.4935271557379 16.0723034415082 14.4110639521375 -9999 -9999 -9999 -9999 -9999 -9999 -9999 -9999 -9999 -9999 -9999 -9999 -9999 -9999 -9999 -9999 -9999 -9999 -9999 -9999 -9999 -9999 -9999 -9999 -9999 -9999 -9999 -9999 -9999 -9999 -9999 -9999 -9999 -9999 -9999 -9999
1.66835725027609 2.26156778954261 1.65649003460209 1.09116681711656 1.62384351630168 1.73253054355636 1.13756128589925 1.34357005796719 1.64035932247655 0.985667942608647 1.09201585799308 0.715013731626585 2.20316650693986 3.04066165906193 7.47147363232798 9.6976809457394 11.7773083228515 15.5608425301882 14.1453200523587 16.9773554484883 18.4053653652423 15.9302166526497 20.553852443053 18.5325749692833 22.980220253412 19.9345053065009 -9999 -9999 -9999 -9999 -9999 -9999 -9999 -9999 -9999 -9999 -9999 -9999 -9999 -9999 -9999 -9999 -9999 -9999 -9999 -9999 -9999 -9999 -9999 -9999 -9999 -9999 -9999 -9999 -9999 -9999 -9999 -9999 -9999 -9999
0.924987372627238 0.981353803146722 1.05670480406158 0.880960255907793 1.14597949324781 1.51269919751909 1.15205285050636 1.06264129303638 0.721121024007871 0.826996598159482 0.938668081128157 1.37915797624589 1.0710848019042 1.51721274118345 1.9985804825684 2.81528469293736 5.03943344552523 9.26245824407665 10.9348054963892 14.4820676188575 15.1465527106927 17.3443398774121 17.5315077563156 20.3172344437348 14.1950537132319 21.8723626473413 16.44319403337 -9999 -9999 -9999 -9999 -9999 -9999 -9999 -9999 -9999 -9999 -9999 -9999 -9999 -9999 -9999 -9999 -9999 -9999 -9999 -9999 -9999 -9999 -9999 -9999 -9999 -9999 -9999 -9999 -9999 -9999 -9999 -9999 -9999
1.09582083330592 1.04892790318411 1.23002949351452 1.02746946356526 1.11632277263085 1.12666577371747 1.56411374301304 0.818610863640532 0.787144321948706 0.642613962126257 0.786890311777197 0.747106173598798 0.661332999806927 0.722996207646501 0.561333861546305 1.29779486085273 1.83258073487944 2.4794328096302 3.54625540841208 9.21661478201658 13.5990721759063 19.9632622927586 20.367127706916 22.9415623899633 16.9733350536771 13.7838131392566 18.3056778088983 18.764824914177 -9999 -9999 -9999 -9999 -9999 -9999 -9999 -9999 -9999 -9999 -9999 -9999 -9999 -9999 -9999 -9999 -9999 -9999 -9999 -9999 -9999 -9999 -9999 -9999 -9999 -9999 -9999 -9999 -9999 -9999 -9999 -9999
0.928924913295118 0.902493711499576 0.84960421444227 0.824190386313728 1.05745243733144 1.07308927759312 0.871910916445856 0.871544133785152 0.769018174830653 0.578487207777715 0.640079496944411 0.670989817988147 1.69930774492286 1.058967496984 1.36962114902557 1.84993643901757 1.06144444947388 1.07471520552956 1.8989500164268 1.82312548630075 3.56061701483222 12.6066156106663 13.371388407567 14.6695999899928 16.3497451820517 17.9414325435615 15.7765600300748 14.3209464068221 17.1296546404452 29.4984424286019 -9999 -9999 -9999 -9999 -9999 -9999 -9999 -9999 -9999 -9999 -9999 -9999 -9999 -9999 -9999 -9999 -9999 -9999 -9999 -9999 -9999 -9999 -9999 -9999 -9999 -9999 -9999 -9999 -9999 -9999
1.07683483059816 0.939352099160965 0.712298246893098 1.14650036733888 0.779778498872103 1.07146012834242 1.12124518616878 1.13461808975863 0.860915459500202 0.942316325792872 0.85524197545444 0.934767866617922 1.0877813409387 0.916264045346476 1.22792554720332 0.98719807994146 1.00861100256145 1.12694080120604 1.45903474874255 1.99708676048372 2.22700279438109 3.6905065328741 5.34737579556084 8.97013518728753 6.30663535525581 9.96091798490671 17.6658161880122 19.3254852442275 22.1188426238571 27.0438020376516 26.2172126902769 -9999 -9999 -9999 -9999 -9999 -9999 -9999 -9999 -9999 -9999 -9999 -9999 -9999 -9999 -9999 -9999 -9999 -9999 -9999 -9999 -9999 -9999 -9999 -9999 -9999 -9999 -9999 -9999 -9999
0.749193264745411 0.732038902446067 0.674749057235843 0.787297911260837 0.970523245310079 2.0468327196087 1.82794816373964 0.962705153564961 0.878825648503105 0.773428075053868 0.71337379070439 1.01187606624782 0.958734454334305 0.717107035259892 1.15354963638366 1.05846545749202 1.14201677812053 1.15205933812959 1.28099549504406 2.16924953761679 4.28664898621826 12.7617075799161 10.8442742607057 8.42135359450725 2.21657482423105 2.69815323106376 4.70119390642047 7.20457318096455 16.3093437024604 16.5861122919243 25.2847751042141 23.328047810172 18.4817654962114 -9999 -9999 -9999 -9999 -9999 -9999 -9999 -9999 -9999 -9999 -9999 -9999 -9999 -9999 -9999 -9999 -9999 -9999 -9999 -9999 -9999 -9999 -9999 -9999 -9999 -9999 -9999
10.5823051880257 10.7041039637922 3.86624901566933 1.09412738201581 1.78156524792026 2.3976330260295 4.47661729353765 1.21380791391454 1.9447706757345 4.63065877859246 5.96754418719679 4.5191859734926 4.14152566392838 2.250182056841 2.34474652667094 1.95867249449564 2.63562476286361 3.03697273815854 4.16999342796424 4.42059515124862 5.08312455684422 8.45843401900184 7.35491287396708 6.05840368252501 2.66770849893881 4.32334053212868 8.02888541293788 9.53943874732316 15.9720148202463 12.0231834119879 9.78357281614356 13.8625985591012 19.4209574617557 21.3051625250981 25.4536221475645 -9999 -9999 -9999 -9999 -9999 -9999 -9999 -9999 -9999 -9999 -9999 -9999 -9999 -9999 -9999 -9999 -9999 -9999 -9999 -9999 -9999 -9999 -9999 -9999 -9999
12.5880400531843 4.50959088290457 9.18060879204407 3.34130307174561 1.16905569055086 1.63644497030248 3.57975724718754 1.26248249563709 9.02425412446904 13.5623163808939 5.21259562167971 4.9900579391679 7.03293747382046 6.65827440077966 6.56478446500396 5.84328070944126 3.96626804330452 3.09226265965276 4.44599155759801 3.88862393755281 2.39122155300886 1.2922483960494 3.12258002456687 1.95417825075118 2.27282045268216 4.76364047978936 9.77400086943337 9.52180318165199 13.5586678106674 10.1283732484536 10.9348502518133 9.66449891740551 11.2408869059527 10.1021488269681 14.0214219605261 13.5468489017352 20.2278277802282 -9999 -9999 -9999 -9999 -9999 -9999 -9999 -9999 -9999 -9999 -9999 -9999 -9999 -9999 -9999 -9999 -9999 -9999 -9999 -9999 -9999 -9999 -9999
2.91100850345946 1.50142170677813 10.1952307132072 1.58246216244387 0.808252580758299 0.752408502321095 1.03113420404503 1.7604495278216 5.89623567918962 6.79277828725068 11.1499211303898 7.05907849646518 4.72462172674424 7.44826391418371 7.76416523576663 5.02553794241249 5.16135446336671 7.77059663428852 7.10823468231066 4.82064939419615 5.50134698053726 4.38500778841475 2.39381880578136 1.72387429227652 1.85553149368435 2.12129747165406 7.77322686248911 6.35110550342765 5.672963176521 8.34131818215474 10.4517652160017 13.1179823345618 10.7877406545522 13.0406039020982 14.2359321651928 17.7217220570517 19.5569901544963 14.9118599801794 13.9506620745945 -9999 -9999 -9999 -9999 -9999 -9999 -9999 -9999 -9999 -9999 -9999 -9999 -9999 -9999 -9999 -9999 -9999 -9999 -9999 -9999 -9999
5.41369581530253 2.16482973431373 0.514532708206975 2.75298579343158 0.803366187390503 1.05160453818345 1.55392977679188 10.2772035205575 11.3773626873174 13.2637501451336 6.70857215054221 16.2461498620623 12.3819225813359 10.0586300453549 9.9277258327029 9.57524542058565 7.70105228664499 6.38945894966417 4.80275868702273 6.43134743740937 4.54777290449779 3.08852482824622 3.09802335041125 2.29712677765097 3.10128644313546 3.66897391201697 6.61095518970056 11.0643417014209 4.99601825836083 4.91970239131126 8.07997865480732 6.43697514012174 8.97748123042374 9.45579251894138 12.5237020766468 6.52725108792853 8.66124744636851 13.6778113921009 18.1624046975591 11.0088291290516 18.9025846938875 -9999 -9999 -9999 -9999 -9999 -9999 -9999 -9999 -9999 -9999 -9999 -9999 -9999 -9999 -9999 -9999 -9999 -9999 -9999
3.16486319870279 1.02467465834967 0.943889964570242 5.36026169603388 0.807155340029432 1.16643138671007 1.05626638964961 2.81237405467069 12.4401561107985 10.1296958059567 7.39747024738165 5.13459781009448 7.27981689172783 10.5552894693852 8.3731969205674 7.38814398754419 7.32193666799617 6.53727589495578 7.85778992792548 5.42652905754704 6.0166639950665 4.12674833934307 4.78870943068525 2.82530527544254 3.50632345922513 4.57709743069071 4.74430072875136 4.04319796489884 3.08222845854291 3.17716977892051 7.50464163303221 7.30614226719583 6.37353402307396 10.8364310287122 10.811469020504 6.27906787573779 8.60433379304879 9.65499536170915 11.9280660959982 13.3840877053205 15.8219439674035 18.0714522722726 20.720087561276 -9999 -9999 -9999 -9999 -9999 -9999 -9999 -9999 -9999 -9999 -9999 -9999 -9999 -9999 -9999 -9999 -9999
1.79417821369154 1.5009153290449 0.614076003753961 0.591673420468828 2.54557775068695 2.004317471012 1.93751629860055 4.52221168811023 6.47344582077144 12.9118737133832 15.0949225838214 3.49119763541671 2.41183919708792 7.00426644214629 8.09209262999994 6.30254105371717 4.07341006698856 4.3925036863372 8.2498565359194 6.21036325312299 5.48851816517142 5.65037927431284 4.41379354770981 4.1733921808913 3.1164907727507 1.75613773015724 1.817061544584 1.49038875812173 1.60369375317711 1.73833450211798 2.724307692731 6.80929380969993 4.81012967777089 5.15623902135622 7.48531686864674 11.321643080744 14.1837172200527 9.49541242629453 14.032417349344 13.8816938447676 15.9740428186345 13.5051880508755 16.7340349208965 26.1142495067108 18.0555499838182 14.7836452719008 -9999 -9999 -9999 -9999 -9999 -9999 -9999 -9999 -9999 -9999 -9999 -9999 -9999 -9999
0.611145189209093 0.647970348974084 0.900676921583436 0.843460727806361 2.47163925319353 3.07269673273601 5.07061004394064 6.66757792368886 2.78537380283026 1.5969615332022 3.94818496457515 1.62193949625749 0.787723436478379 2.43444496902563 2.8482017368979 2.35187344872748 1.67119026323116 1.63970148456058 2.76530663888349 4.71526827504787 6.60040303931574 6.96617751188274 5.62428537218263 5.41427335615534 2.42005928177098 2.57070100727774 2.46010959673912 1.8532242314346 1.0709127531909 1.0308367127431 1.621364767764 3.51972238224386 5.71411460608389 8.08900278389838 5.43922427933545 3.06168553144484 2.68210697721172 3.23226231830894 5.62289346672556 7.73914494724443 6.96292377737232 9.78928605012532 7.77818011725445 8.83754168282634 7.62104825594896 6.42143398351957 15.4540874500251 -9999 -9999 -9999 -9999 -9999 -9999 -9999 -9999 -9999 -9999 -9999 -9999 -9999
0.902710821648794 0.767815572694753 1.20750088028262 1.91210578842596 3.28162250156276 4.0178538135859 3.68541371177904 2.61554696246564 2.26514873264636 0.881112594160085 0.981625284361402 0.773634085405222 0.744502589555198 0.913211927686894 1.1905089385429 2.98777239445597 2.52024352236287 1.08199815966021 1.31764699958142 2.09284948918798 4.3865469979703 4.09790360391921 5.69541074647686 4.63517473068324 5.13621107234738 2.90702156380822 2.18282400068437 1.39997954245693 1.11506836930585 1.02749118606564 0.747467227065077 1.33944213127567 2.28064304315809 2.26799306333467 2.11544598692251 2.1805360421542 2.17198049472747 2.0081462728124 2.94133550849263 3.08183652564866 2.61198795757854 2.65224920847336 3.02263081318424 2.56965644111666 2.66725779055973 2.61301744887192 4.24645117762427 8.97364929284347 5.90045190807803 6.28322693051915 -9999 -9999 -9999 -9999 -9999 -9999 -9999 -9999 -9999 -9999
1.24571609317171 1.2202761063541 1.25918247989356 1.19039438441595 2.78064899834325 4.59071146120446 2.68550357094595 2.12397796265373 1.92013925376267 1.60170453333853 0.553081922273291 0.629782379295395 0.621335927507897 0.641817627506963 1.32975005120262 1.02377992917293 0.976346171522709 6.31329135260067 7.74166135481622 1.1397374557153 1.6650869828391 4.02675072155249 4.77412284199908 5.1458723189276 6.96715986140069 4.88252658084812 5.65428304716476 4.4226458625597 2.572850947438 3.22102528583277 3.58612884164918 2.77403378669392 1.81904751957103 1.46577025730746 7.43699931620633 6.97497256586434 11.1424764858243 6.02485011679984 4.87822018264373 1.87552896357873 1.64524912466611 1.38772332820352 1.16952569794833 10.6366154471771 7.8291240088415 8.25042468161676 0.784502933183578 1.03687693886434 1.82671401430612 1.87949175201456 1.74268301843001 -9999 -9999 -9999 -9999 -9999 -9999 -9999 -9999 -9999
1.74163837365698 2.78367823996743 3.13764649695932 4.16331886358499 3.68473579075234 3.52631047363801 1.37246217596124 2.16114023185269 1.92613281521448 1.58457659982342 0.872285348585773 1.041904756104 0.650360506143549 0.485218644470589 1.7761177292387 2.97401487122354 3.56275996024781 6.97586436151392 6.94508509522411 1.40448844523598 0.446466483592312 -9999 3.70639230804343 4.67531160295244 7.77163760475751 5.43421322922214 7.65146772911546 6.23467997153744 3.17763704490736 3.22110830158719 7.37818157106843 9.63207180316344 5.17128026696806 11.9167342109832 14.7714084468255 14.4264199530751 11.7650926155274 11.2727710775469 10.8629768723249 10.4689693440876 21.6731399987387 9.44462066847493 21.4488295918048 26.0238623021732 22.3891196885259 18.9763976454321 3.19691066031262 10.9366124967828 11.5868397676734 7.75542513839903 1.13850529076791 1.14307424507368 -9999 -9999 -9999 -9999 -9999 -9999 -9999 -9999
2.94763369562392 3.71487457485929 5.14002808782279 4.23386727742468 2.27081253610429 3.20097128139327 2.65754196446443 1.12645275948546 1.11740009006708 1.72117390036283 1.03646670436668 0.940975310827072 0.49273568924456 0.412450961207235 8.1333493928613 15.2116202223395 3.17925028081669 -9999 3.48108522287752 7.55883339216254 1.13918757457717 0.57599482381085 -9999 -9999 7.54486664493794 4.72297773433738 7.07566753688904 6.62983937623342 5.48490676629813 4.73331247883872 4.10416066584489 4.57830080335363 8.70094538816747 15.2912307690469 10.7817510261853 8.75742534886106 7.36082507986477 11.7413990591556 10.7521246676718 7.98907780133213 12.5399030647201 24.5061644379129 28.012181682253 32.3397196986553 23.1412997157871 24.675000243407 13.8925726481729 25.6156330962499 23.0421975626259 14.9261598518578 18.95510070474 7.57235864927641 -9999 -9999 -9999 -9999 -9999 -9999 -9999 -9999
1.67405399381089 1.96174124632133 2.18919773144047 4.10803030041593 2.7942960343113 2.76459927807063 2.6146447580411 2.45097545924528 1.57536202207088 0.905499972694886 2.20988643575771 0.760602614342444 0.593702954452681 0.345593270029494 2.66610587371588 -9999 -9999 -9999 14.3025544700653 2.31502607649848 4.77652769276818 0.275733425777839 0.445751752476138 0.331382970632867 0.974531445970753 2.29175351793725 9.34406347153145 8.50868075203856 6.51228726354369 5.69672126354779 3.93906989784405 7.77932210316174 11.1269147154862 8.21001374021006 8.75706279411219 7.6310819657747 5.90328204757285 6.13857705313237 7.14192190760549 6.45400095900466 9.40260297461646 19.5179100348528 22.9987046676983 24.0605898309921 20.4138956242752 25.7478075299052 24.6234249680831 26.6662752973573 27.7436526331102 27.0160699605115 25.0978423392461 26.9930032360099 8.87621879782296 -9999 -9999 -9999 -9999 -9999 -9999 -9999
-9999 -9999 2.05580803732101 1.12329963238394 1.86593829728077 2.56330874878045 2.11489356096504 1.86974149693478 1.7067844456012 0.911484484249542 2.0704246990478 1.13857942109457 0.439498990666647 0.369665574938969 0.500994753233158 1.37919740802167 -9999 13.9618172176612 2.86148984205484 0.697284137499603 0.562804340865635 0.447964869173809 1.25982594556438 1.29003208114152 0.234700049597085 0.582410224116678 4.00298463554988 15.7999013458119 15.6152865593559 17.6630974132843 12.6941591457734 9.38883312137146 10.9573888876884 9.41602897026942 6.97727721806443 5.87340777348447 9.57493581896174 12.2352326565002 8.24460084874482 10.6048942516384 15.5245364159006 23.1628825621149 14.425705377935 20.3799124374482 31.2863674026861 31.9780023338592 27.0104570468755 26.3195070927791 19.9914970775142 28.6466099623159 20.0802621322571 17.3269660898912 17.7498142512285 -9999 -9999 -9999 -9999 -9999 -9999 -9999
2.57759902010668 1.32524379744932 2.43307257100853 4.61345700216162 6.32502075552662 4.91830164031082 7.66084962411309 3.99556296314735 2.59526377702653 1.77068107435083 1.82202482429531 2.56398154016719 0.711431957911343 0.434251168636308 0.627524240235648 2.26378618705865 9.81987774907345 1.17568492287751 0.420939886920705 1.22169981610182 1.05296490586668 4.44765673523863 11.9007599147751 9.72993097695672 0.926096463074561 0.627907940255322 0.423503106281106 0.499705410206247 12.7617257794919 15.8361123096829 10.3890527136584 14.265515051664 10.2467131591528 9.12003899448824 9.0621561748934 10.4767490679355 9.01929700287449 11.9847698041707 11.1819958695456 13.1633418221963 17.0201346865688 21.6602833817836 15.7977523729444 22.2400552085461 31.0784622401973 30.6631503735281 34.6461952536301 39.4103205576166 36.2852335051734 32.169609236509 27.8021350066145 23.8091125116439 21.7518722258658 14.8677584982113 -9999 -9999 -9999 -9999 -9999 -9999
2.75938453558105 5.7668065747047 6.5872507122611 5.39875920518388 4.81509659237392 2.80192671651412 2.07520279534704 4.26660339003397 4.56125828743708 3.57974179296587 2.29111393883904 4.80182798729838 2.27203536189374 0.509185389039822 0.576637051707284 1.19602790296229 6.41787638827766 0.541769534100086 1.83496612395755 1.98292597784716 3.20069739102104 6.05569147422802 3.89836403196974 7.24941548562963 7.71072497193412 0.46716739740323 0.638705706583138 0.630169337677897 0.577224368279397 4.29011855112288 17.054892877218 19.7332797512634 10.561707284411 8.92452832587935 11.402603322833 13.7828337394305 7.00174987977665 8.49344361284801 10.7563705449395 17.0341348377706 11.2142205368731 13.837762515218 9.41272123098342 18.156132440725 18.8822526506363 14.154810271628 13.7913504981277 11.2593153417602 13.6408985597844 24.1143673136974 24.1441481951578 20.3519594474175 26.3831073128404 15.4353936184304 -9999 -9999 -9999 -9999 -9999 -9999
9.21335042536216 10.7783622176185 4.0746020579956 2.90236515669456 1.56860581364817 2.39538444928555 3.18565045014514 4.89377183038736 5.39373907292432 4.82592074447953 1.86524177822403 2.15671047112237 2.45822632217002 0.864371364775013 0.304373791989317 0.37203299607413 0.484545494682133 1.23149980959249 4.99450604637736 7.92482229737634 6.80978704454303 4.93882084530436 4.62015674530455 6.59435838306944 7.49453529454921 0.526806283853464 0.379098275678257 0.476680158283348 0.364242946470945 0.425446006875957 0.720746184551438 4.09254809117268 5.04187762343823 3.4596067913434 10.0238830255366 11.2173797408776 9.91398266239566 11.7132025166154 12.1087173446948 20.0377152688927 11.1829085644659 18.4757823771061 11.5964659407547 20.530414982626 16.6512598802322 21.9109155623392 19.4424526845709 17.7487982720427 20.4961124254917 25.1337939254789 22.5922774600962 25.5215371413639 27.4596221237056 20.7907299019909 2.07502479322381 -9999 -9999 -9999 -9999 -9999
