socal_rasters/thermicityIndex_SPHAsouth_aggfac2.asc
NCOLS 210 
NROWS 130 
XLLCORNER -119.45 
YLLCORNER 32.483333333 
CELLSIZE 0.0166666666666667 
NODATA_value -9999 
[rows 26 to 51 of 130, columns 120 to 179 of 210]
333.75000024157 337.999999675218 362.499999929833 367.74999991747 370.250000083196 363.500000143763 353.000000024141 329.500000584249 289.750000527487 290.249999418932 290.500000772413 277.999999271863 268.500000303578 275.750000114695 272.249999833065 264.750000245763 242.000000755762 234.750000748192 172.500000449555 149.000000079895 -9999 -9999 -9999 -9999 -9999 -9999 -9999 -9999 -9999 -9999 -9999 -9999 -9999 -9999 -9999 -9999 -9999 -9999 -9999 -9999 -9999 -9999 -9999 -9999 -9999 -9999 -9999 -9999 -9999 -9999 -9999 -9999 -9999 -9999 -9999 -9999 -9999 -9999 -9999 -9999
358.49999986196 364.499999814419 367.500000163731 370.499999693461 380.749999940575 382.249999988021 384.000000000003 382.500000121727 368.750000110421 350.250000803616 350.249999813139 341.499999799153 334.750000037944 309.000000458816 299.999999563435 310.499999637821 309.500000521236 248.500000787581 222.250000330572 210.749999826894 190.000001126703 -9999 -9999 -9999 -9999 -9999 -9999 -9999 -9999 -9999 -9999 -9999 -9999 -9999 -9999 -9999 -9999 -9999 -9999 -9999 -9999 -9999 -9999 -9999 -9999 -9999 -9999 -9999 -9999 -9999 -9999 -9999 -9999 -9999 -9999 -9999 -9999 -9999 -9999 -9999
370.499999999996 374.249999965201 380.999999953221 386.749999964628 387.999999999998 390.999999999998 391.750000012075 392.999999951311 396.5 396.750000061813 389.000000174414 374.50000030129 351.50000045537 338.500000203906 334.250001065764 317.499998991061 324.50000093821 281.500000052514 289.749999960318 281.50000029298 245.250000576751 216.249999770332 -9999 -9999 -9999 -9999 -9999 -9999 -9999 -9999 -9999 -9999 -9999 -9999 -9999 -9999 -9999 -9999 -9999 -9999 -9999 -9999 -9999 -9999 -9999 -9999 -9999 -9999 -9999 -9999 -9999 -9999 -9999 -9999 -9999 -9999 -9999 -9999 -9999 -9999
384.500000046017 384.500000000003 387.749999941528 391.749999941051 396.999999904917 397.250000011983 397.000000000002 394.000000048692 395.999999779186 400.500000000001 399.000000024918 397.250000062771 388.0000001012 378.750000165688 340.250000449434 343.999999456738 320.750001159729 263.749999750615 309.249999087683 306.250000546021 272.250000415806 248.749999878423 282.249999687113 290.250000123305 -9999 -9999 -9999 -9999 -9999 -9999 -9999 -9999 -9999 -9999 -9999 -9999 -9999 -9999 -9999 -9999 -9999 -9999 -9999 -9999 -9999 -9999 -9999 -9999 -9999 -9999 -9999 -9999 -9999 -9999 -9999 -9999 -9999 -9999 -9999 -9999
395.000000023005 394.250000011596 396.249999988304 397.249999988209 398.499999952457 404.500000023961 404.000000024152 404.499999999999 405.749999987731 403.750000012362 400.750000037375 400.249999987445 398.500000025298 395.749999987254 388.750000192604 382.250000012931 364.750000377879 338.250000065614 343.499999973547 341.500000559334 300.000000429209 300.000000162092 317.499999292577 313.000000383606 300.999999972428 250.250001625206 -9999 -9999 -9999 -9999 -9999 -9999 -9999 -9999 -9999 -9999 -9999 -9999 -9999 -9999 -9999 -9999 -9999 -9999 -9999 -9999 -9999 -9999 -9999 -9999 -9999 -9999 -9999 -9999 -9999 -9999 -9999 -9999 -9999 -9999
404.500000046016 403.750000034799 402.000000000001 402.000000000001 402.249999988116 404.749999964058 407.250000012076 407.249999963485 408.000000000001 406.500000024726 404.500000024917 403.500000025109 402.250000037949 401.250000038236 398.500000051363 396.000000000001 389.500000052127 378.000000210024 369.000000052893 354.750000066591 327.249999986588 350.499999864927 341.250000122436 304.500000219206 271.5000005794 233.000000555617 191.250000013997 -9999 -9999 -9999 -9999 -9999 -9999 -9999 -9999 -9999 -9999 -9999 -9999 -9999 -9999 -9999 -9999 -9999 -9999 -9999 -9999 -9999 -9999 -9999 -9999 -9999 -9999 -9999 -9999 -9999 -9999 -9999 -9999 -9999
412.250000057515 410.500000046395 409.750000011693 409.499999999999 408.250000011884 408.500000023961 408.999999951693 410.250000012172 409.500000024535 408.249999987637 407.000000049833 403.000000075324 401.75000001265 401.00000005098 399.500000025681 398.750000012935 397.24999998697 393.750000039379 390.250000092555 379.25000035957 364.750000093881 339.750000959111 295.750000068026 291.25000036988 265.000000193141 272.749999874976 260.25000057341 243.250000154883 -9999 -9999 -9999 -9999 -9999 -9999 -9999 -9999 -9999 -9999 -9999 -9999 -9999 -9999 -9999 -9999 -9999 -9999 -9999 -9999 -9999 -9999 -9999 -9999 -9999 -9999 -9999 -9999 -9999 -9999 -9999 -9999
418.000000023009 415.750000034799 414.750000011696 413.500000047161 413.750000035657 411.749999988019 410.500000000001 412.250000036516 411 411.249999987637 408.000000024918 405.25000006277 402.25000001265 401.250000038235 399.750000038521 399 397.000000052123 395.000000078756 390.000000079332 385.250000066587 377.25000017437 361.000000270174 341.250000394523 316.750000150714 302.249999875866 270.250001152899 232.49999999999 226.000000140788 225.000000255165 191.000001198881 -9999 -9999 -9999 -9999 -9999 -9999 -9999 -9999 -9999 -9999 -9999 -9999 -9999 -9999 -9999 -9999 -9999 -9999 -9999 -9999 -9999 -9999 -9999 -9999 -9999 -9999 -9999 -9999 -9999 -9999
422.25000003451 419.500000023198 418.500000023389 418.50000002358 416.500000071312 414.999999999999 415.500000024152 416 413.999999999999 412.750000037088 409.500000074751 406.5 402.500000025299 401.750000012745 399.250000064202 396.750000064676 395.250000065153 392.000000105009 388.749999986778 382.50000005327 377.250000093892 365.500000108068 354.500000217669 341.500000219198 333.750000124154 308.250000375034 276.000000699288 218.250001084257 197.500001077443 141.500000941973 102.500000229877 -9999 -9999 -9999 -9999 -9999 -9999 -9999 -9999 -9999 -9999 -9999 -9999 -9999 -9999 -9999 -9999 -9999 -9999 -9999 -9999 -9999 -9999 -9999 -9999 -9999 -9999 -9999 -9999 -9999
425.249999988497 423.000000000001 422.000000023389 420.74999998821 419.99999997623 419.500000071887 418.500000000001 418.000000024345 415.500000024535 412.5 409.000000074751 405.499999974892 402.999999974701 401 400 397.250000012935 394.000000052122 391.750000118135 387.750000039666 382.250000039952 372.750000201195 348.250000418767 321.250000421727 322.74999930133 338.000000027592 329.00000022225 310.500000167835 293.750000183061 263.750000212655 217.500000485281 167.500000976993 111.500000289274 82.2500003639719 -9999 -9999 -9999 -9999 -9999 -9999 -9999 -9999 -9999 -9999 -9999 -9999 -9999 -9999 -9999 -9999 -9999 -9999 -9999 -9999 -9999 -9999 -9999 -9999 -9999 -9999 -9999
413.000000069032 410.749999942011 420.250000081864 422.24999998821 422 423 417.74999993962 417.500000048689 413.000000098143 407.000000024729 399.500000124586 396.250000062774 398.250000012652 399.249999961766 397.000000051363 393.750000038808 389.000000104246 384.500000026254 379.250000092556 370.750000199767 363.750000093892 358.250000067535 352.250000149636 351.500000027397 345.00000016554 329.75000026392 300.750000405605 280.500000478778 237.250000552909 206.999999942919 213.250000071832 188.500000665277 155.500000058211 166.500000087904 144.000000383468 -9999 -9999 -9999 -9999 -9999 -9999 -9999 -9999 -9999 -9999 -9999 -9999 -9999 -9999 -9999 -9999 -9999 -9999 -9999 -9999 -9999 -9999 -9999 -9999 -9999
409.249999781444 424.250000034797 414.250000128638 421.499999929261 422.749999964344 423.750000011981 416.999999975849 415.500000024344 406.500000196278 380.999999703281 396.500000124585 386.500000175756 377.250000063244 382.749999910781 391.999999897275 391.249999987068 383.250000143337 374.50000002625 370.25000014544 365.749999986681 367.999999919521 369.500000027018 362.000000136041 356.000000027399 348.750000096565 334.250000402831 308.500000083926 300.750000380206 265.250000694682 251.000000085642 240.500000172414 234.750000072317 221.000000000013 228.250000102584 214.750000339239 182.500000326589 135.75000043329 -9999 -9999 -9999 -9999 -9999 -9999 -9999 -9999 -9999 -9999 -9999 -9999 -9999 -9999 -9999 -9999 -9999 -9999 -9999 -9999 -9999 -9999 -9999
425.500000046014 426 424.99999997661 425.999999952839 425.000000023771 423.500000071887 418.75000003623 413.500000097377 405.000000171747 399.000000049453 383.500000299012 381.499999974897 378.500000075896 369.000000178428 376.499999820236 382.750000064681 386.499999921819 379.750000065628 375.750000171883 372.75000009322 372.999999973176 367.250000121579 361.500000108833 357.750000068498 351.750000124155 344.750000152796 330.000000279719 305.499999943679 291.750000354426 279.500000171262 271.000000344809 254.000000433878 261.4999996506 244.249999897414 249.74999971975 241.750000311727 237.00000014938 222.999999669192 209.7500001967 -9999 -9999 -9999 -9999 -9999 -9999 -9999 -9999 -9999 -9999 -9999 -9999 -9999 -9999 -9999 -9999 -9999 -9999 -9999 -9999 -9999
419.000000023009 427 427.250000035083 425.500000023578 423.499999976229 420.750000035942 417.000000024152 405.750000328647 383.500000417103 367.999999925816 369.250000137045 345.500000552386 347.999999367518 365.750000216664 351.749999910109 360.999999818901 369.74999990878 379.749999960617 378.000000079336 372.000000133181 367.750000013416 364.000000054033 362.249999959189 359.250000041101 354.50000002759 346.000000166688 327.75000029371 304.750000267559 312.750000155958 309.500000057096 293.250000158047 280.249999927692 280.499999941773 288.00000029309 283.249999306778 295.249999985161 296.000000029891 279.250000375914 249.000000060543 271.7499993757 261.750000260496 -9999 -9999 -9999 -9999 -9999 -9999 -9999 -9999 -9999 -9999 -9999 -9999 -9999 -9999 -9999 -9999 -9999 -9999 -9999
427.50000006902 427.749999965203 427.250000081862 424.750000082532 421.250000035657 417.750000059905 414.750000108688 409.500000073033 389.250000650179 340.750000259626 362.999999426911 374.750000037662 364.999999949395 354.500000484312 346.499999999999 347.500000103477 358.499999791508 366.000000000004 367.249999907449 372.749999986687 371.499999946351 371.750000013509 369.250000095227 364.750000068497 361.250000096564 355.500000138902 344.500000083911 345.000000056324 339.250000070883 330.750000214082 319.750000416644 301.000000202474 301.499999767067 314.749999926726 314.749999985245 324.000000178138 316.999999880476 333.750000195468 309.500000060518 310.000000456809 288.250000199181 277.750000138737 282.749999519059 -9999 -9999 -9999 -9999 -9999 -9999 -9999 -9999 -9999 -9999 -9999 -9999 -9999 -9999 -9999 -9999 -9999
425.750000057518 425.000000023197 424.000000023388 422.750000035369 418.750000011885 414.75000001198 412.750000012076 407.000000073033 392.500000171746 367.750000383266 351.499999601334 376.749999962338 376.25000003795 368.000000127454 361.500000179771 363.999999767171 369.499999973941 368.750000065633 362.250000066114 360.999999973367 359.499999973173 361.999999972981 362.499999836748 365.500000191795 360.5 358.750000013892 355.250000069931 353.24999998592 350.249999985825 345.500000028547 338.250000043105 327.750000188022 318.000000058238 331.249999721575 332.750000339242 346.499999881248 354.750000164356 355.000000120295 338.999999939486 328.750000837499 331.250000291138 342.999999845829 340.249999488071 355.74999967222 337.250000204175 375.249998878266 -9999 -9999 -9999 -9999 -9999 -9999 -9999 -9999 -9999 -9999 -9999 -9999 -9999 -9999
425.000000046015 424.249999988401 421.750000011695 420.500000047161 415.500000095086 406.000000000003 402.000000000004 396.50000017041 385 385.000000049452 379.750000087208 379.249999987445 378.999999949401 378.500000050979 376.250000012839 375.000000025869 375.749999986968 377.249999986873 377.750000066108 375.250000039948 371.499999999997 369.499999999997 362.250000040809 364.249999931503 364 362.750000041672 357.250000013986 358 354.000000028354 353.499999999999 353.999999942529 353.250000130161 343.250000160137 348.249999750873 359.24999986725 367.499999851548 373.749999925295 374.999999969924 372.750000226971 369.74999986295 375.750000260482 381.000000185009 388.749999798317 393.249999765854 402.06249999607 409.375000055293 386.125000381462 -9999 -9999 -9999 -9999 -9999 -9999 -9999 -9999 -9999 -9999 -9999 -9999 -9999
423.5 422.000000046395 419.000000070166 416.500000047159 409.250000130738 400.750000083863 390.500000217374 382.000000024343 384.500000024533 384 382.000000099668 380.749999987446 381.749999987351 381.750000012745 381.250000012841 381.000000000001 379.499999921818 382.499999947496 383.499999920669 385.749999960049 383.750000040242 380.000000000002 376.250000040816 374.499999972603 365.750000234516 361 357.500000027971 357.250000014082 356.5 357.749999985728 358.250000014367 361.250000043389 361.999999883536 365.499999941386 368.999999911504 373.249999925776 380.749999925299 385.999999969929 386.749999984871 387.499999847732 394.499999908067 402.249999953748 409.99999990692 414.249999953176 419.56249987044 424.062500019752 429.437499916556 426.625000087954 425.312499802956 432.499999579281 -9999 -9999 -9999 -9999 -9999 -9999 -9999 -9999 -9999 -9999
419.750000034511 417.500000046397 416.00000002339 413.50000007074 406.250000059428 393.000000215659 386.500000024153 381.250000036517 378.249999987734 381.499999950548 383.499999975083 382.500000075324 381.24999998735 382 384.000000051362 385 385.499999973939 377.250000354412 370.999999814899 389.749999986683 389.999999973173 391.750000013507 386.000000081622 382.250000041098 371.750000234514 367.750000069451 359.25000020979 354.249999816938 354.999999971645 356.499999914364 359.500000028735 362.499999971074 366.749999927208 369.749999956038 366.250000191751 366.499999732797 364.749999955188 381.999999879717 392.249999742765 399.499999939091 403.749999923386 409.249999922909 413.249999922432 410.750000390234 414.500000439735 419.874999249542 434.687499932447 439.437499956026 439.812499979891 442.812499882681 450.124999894198 -9999 -9999 -9999 -9999 -9999 -9999 -9999 -9999 -9999
417.000000023006 412.000000046394 410.500000070166 400.250000129686 394.750000083195 388.500000047923 383.250000060382 378.750000085204 375.500000000001 377.999999901096 381.999999950165 383.500000025108 384 383.749999987255 384 379.500000025866 376.250000117274 369.000000157519 378.749999933891 391.249999960047 394.499999919522 -9999 394.250000040814 389.000000164398 371.250000013795 376.49999997222 369.000000195808 363.999999915513 359.249999900761 361.24999998573 364.750000014369 356.499999884303 357.999999941762 346.000000322376 314.000000501479 302.249999807004 310.500000478068 324.249999594011 349.499999334204 370.250000076108 340.500000061255 388.499999876637 370.000001582363 337.250001139439 325.749998727916 399.249999036243 428.624999793363 423.87499978412 419.687500390058 449.499999959548 454.499999943031 459.937499914044 -9999 -9999 -9999 -9999 -9999 -9999 -9999 -9999
405.750000034513 402.00000013919 398.999999976614 399.500000094321 391.750000083198 383.250000131793 379 378.000000048688 376.750000012268 377.499999950548 381.249999937708 383.500000025108 383.5 384.499999949019 380.50000025681 364.749999728356 379.499999921814 -9999 381.750000013222 389.749999826871 394.499999919522 396 -9999 -9999 389.250000344872 381.999999777749 376.500000139862 369.000000112651 361.750000014176 369.499999914364 371.499999971263 362.250000216942 337.250000422194 304.750000747353 281.500000206482 262.750000133609 270.749999835654 287.249999353455 301.749999742775 310.750000228413 296.250000291128 280.999999383293 289.000001427262 224.749999890753 273.499999309021 330.499998546475 390.000000158964 322.49999974418 352.812497663577 417.812499737059 397.875000675525 449.437499046302 -9999 -9999 -9999 -9999 -9999 -9999 -9999 -9999
399.749999942482 394.750000081193 388.250000081862 389.249999893889 391.750000083198 386.000000023963 381.750000108689 377.000000048688 376.499999975465 375.500000024726 377.749999862956 383.250000012554 385.999999974701 387 386.750000038523 -9999 -9999 -9999 379.749999722336 392.250000039953 394.499999919522 396 396.499999972792 397 397.250000041385 394.500000111126 382.250000433573 376.249999929595 376.000000056712 374.750000185541 372.249999956896 365.250000303715 329.750000363957 316.750000395658 285.750000309741 278.750000133614 270.000000179293 263.999999819562 275.749999803283 285.249999923856 274.000000398382 222.500001356788 168.000000713612 155.499999500505 231.499998429532 289.249999668195 308.999999713874 250.750001614995 252.999998938327 303.999999255614 318.499998828052 369.249998362746 446.4999996377 -9999 -9999 -9999 -9999 -9999 -9999 -9999
-9999 -9999 391.750000035082 390.499999999999 389.750000059428 385.250000035942 380.249999963769 379.749999987826 378.749999987732 377.000000049451 377.249999962624 381.999999949784 384.999999898804 387 387.5 385.50000007761 -9999 374.250000065622 389.749999933889 392.000000000001 392.749999986587 395.749999986491 395.500000027208 396.249999958902 397.49999997241 398 397.250000041957 386.750000323865 354.250000127595 337.249999785924 315.249999956911 336.749999811997 315.000000494981 295.000000146539 285.499999852501 291.000000296904 270.250000313757 240.750000526263 237.99999990922 246.249999984787 231.750000536307 172.750001742258 116.500000682606 109.24999989075 160.74999838245 170.250001595746 197.749999888772 204.000001471106 177.499998487956 260.9999991909 358.562498954199 379.437500020488 415.187498530235 -9999 -9999 -9999 -9999 -9999 -9999 -9999
391.750000057517 393.000000023196 389.750000058469 384.499999999996 375.749999988107 376.999999976033 372.249999987916 372.500000073029 373.750000012266 374.749999987636 375.999999950164 379.999999899566 384.999999898804 387.249999987255 386.499999974319 385.00000010348 381.500000078185 389.249999960622 391 389.250000013317 388.999999999999 386.250000067539 364.250000476141 371.999999287615 396.749999986205 398 397.5 398.749999985918 389.250000552912 348.750000956287 304.000000517226 297.000000057852 296.000000669681 311.250000073279 310.499999734513 282.500000445351 280.749999925302 274.750000165405 246.500000363165 208.750000807036 170.500000766129 125.250000477964 128.999999782829 132.000000780464 86.9999993718104 64.0000013903038 62.7500000476562 107.250000111914 138.74999798927 225.999998770171 256.249999267503 279.74999932871 374.749998353171 455.624998881943 -9999 -9999 -9999 -9999 -9999 -9999
388.500000046015 377.2500000812 370.500000163728 362.750000082534 361.500000023773 364.750000011982 361.500000096612 357.000000073034 359.499999852791 367.249999839284 371.750000012459 368.999999924677 383.499999822907 386.249999987255 387.499999974319 387.249999987065 386.499999895753 390.249999986874 388.750000066111 384.750000039955 382.74999998659 377.750000229643 366.25000004081 358.250000123295 387.999999641331 397.24999998611 397.5 397 398 398 382.250000474103 352.499999999982 345.250000101901 361.500000117224 345.000000442478 295.750001232136 297.749999477074 300.750000405968 271.750000499344 229.750000776581 193.000000367739 177.500000123331 176.750000294754 153.250001264329 87.2500005496648 16.7500012165409 7.49999872842452 46.4999994563359 69.4999998069738 152.24999839802 237.499998632718 282.499999148606 334.43749852197 440.124998890253 -9999 -9999 -9999 -9999 -9999 -9999
387.750000218571 375.000000185587 361.750000035086 361.49999997642 358.499999999999 359.750000011979 357.750000036228 352.250000012172 361.499999803723 369.249999962913 375.499999950168 374.500000050217 381.749999886154 386 388.999999948638 389.50000002587 389.250000013031 388.500000052504 378.250000198326 364.000000079902 358.500000134125 367.999999783859 369.250000149643 358.499999917801 388.499999751687 393.499999972219 395.999999999999 396.499999971836 396.500000028354 395.750000042817 395.499999971266 393.250000101239 380.500000145586 382.749999985348 371.750000339237 358.000000148459 341.750000164357 319.000000601445 272.250000438818 243.750000532941 223.749999862104 214.750000632136 192.500000465393 132.500001030192 75.2500005496653 29.2500003949973 47.2499991893761 77.4999995203014 98.4999992279017 150.249998171475 238.999998665265 273.999998952152 345.374998196755 428.499998451306 485.562499954187 -9999 -9999 -9999 -9999 -9999
