socal_rasters/thermicityIndex_SPHAsouth_aggfac2.asc
NCOLS 210 
NROWS 130 
XLLCORNER -119.45 
YLLCORNER 32.483333333 
CELLSIZE 0.0166666666666667 
NODATA_value -9999 
[rows 0 to 25 of 130, columns 0 to 59 of 210]
-9999.000000000000000 -9999 -9999 -9999 -9999 -9999 -9999 -9999 -9999 -9999 -9999 -9999 -9999 -9999 -9999 -9999 -9999 -9999 -9999 -9999 -9999 -9999 -9999 -9999 -9999 -9999 -9999 -9999 -9999 -9999 -9999 -9999 -9999 -9999 -9999 -9999 -9999 -9999 -9999 -9999 -9999 -9999 -9999 -9999 -9999 -9999 -9999 -9999 -9999 293.499999905479 -9999 -9999 -9999 -9999 -9999 -9999 -9999 -9999 -9999 -9999
-9999 -9999 -9999 -9999 -9999 -9999 -9999 -9999 -9999 -9999 -9999 -9999 -9999 -9999 -9999 -9999 -9999 -9999 -9999 -9999 -9999 -9999 -9999 -9999 -9999 -9999 -9999 -9999 -9999 -9999 -9999 -9999 -9999 -9999 -9999 -9999 -9999 -9999 -9999 -9999 -9999 -9999 -9999 -9999 -9999 -9999 293.249999862396 314.750000068017 305.749999865738 295.750000137041 287.500000019286 276.000000137668 -9999 -9999 -9999 -9999 -9999 -9999 -9999 -9999
-9999 -9999 -9999 -9999 -9999 -9999 -9999 -9999 -9999 -9999 -9999 -9999 -9999 -9999 -9999 -9999 -9999 -9999 -9999 -9999 -9999 -9999 -9999 -9999 -9999 -9999 -9999 -9999 -9999 -9999 -9999 -9999 -9999 -9999 -9999 -9999 -9999 -9999 -9999 -9999 -9999 -9999 -9999 306.749999954318 291.50000011047 285.249999969595 317.249999844636 324.50000012696 294.500000129644 282.249999910234 283.000000067506 280.499999842689 303.999999959909 316.500000030643 312.500000010401 -9999 -9999 -9999 -9999 -9999
-9999 -9999 -9999 -9999 -9999 -9999 -9999 -9999 -9999 -9999 -9999 -9999 -9999 -9999 -9999 -9999 -9999 -9999 -9999 -9999 -9999 -9999 -9999 -9999 -9999 -9999 -9999 -9999 -9999 -9999 -9999 -9999 -9999 -9999 -9999 -9999 -9999 -9999 -9999 297.249999830308 325.2500000116 294.500000166423 271.000000129859 277.749999804789 289.000000076478 294.750000021719 314.499999911219 339.000000036279 315.000000148159 292.250000061445 296.750000120526 276.000000068837 284.749999684253 314.000000132795 286.499999979196 284.499999978796 291.250000048538 -9999 -9999 -9999
-9999 -9999 -9999 -9999 -9999 -9999 -9999 -9999 -9999 -9999 -9999 -9999 -9999 -9999 -9999 -9999 -9999 -9999 -9999 -9999 -9999 -9999 -9999 -9999 -9999 -9999 -9999 -9999 -9999 -9999 -9999 -9999 -9999 -9999 -9999 298.999999959334 300.000000181181 270.249999917652 297.749999922816 316.499999962282 337.000000115985 298.750000138685 270.500000137971 275.499999933543 293.749999961757 303.249999986968 300.000000017757 317.99999984584 -9999 333.500000103953 316.750000062667 301.250000073738 298.499999889728 325.250000056178 302.000000072841 291.499999947005 304.249999951445 309.749999928629 315.249999905043 -9999
-9999 -9999 -9999 -9999 -9999 -9999 -9999 -9999 -9999 -9999 -9999 -9999 -9999 -9999 -9999 -9999 -9999 -9999 -9999 -9999 -9999 -9999 -9999 -9999 -9999 -9999 -9999 -9999 -9999 -9999 -9999 -9999 -9999 251.49999998081 258.999999993402 272.249999867826 315.999999951217 308.000000143194 313.249999915468 318.749999996234 341.750000050258 317.000000087173 293.000000056824 304.749999838025 312.499999999997 304.000000026058 310.500000079905 315.000000018143 327.749999921292 -9999 333.750000062672 328.749999945925 333.74999984463 325.499999989793 322.999999979194 324.499999957616 331.500000021581 329.500000120773 314.50000010053 296.750000096565
-9999 -9999 -9999 -9999 -9999 -9999 -9999 -9999 -9999 -9999 -9999 -9999 -9999 -9999 -9999 -9999 -9999 -9999 -9999 -9999 -9999 -9999 -9999 -9999 -9999 -9999 -9999 -9999 -9999 -9999 299.000000186326 263.249999978952 273.500000012404 262.75000012471 228.000000072451 255.249999840727 285.749999940775 302.249999910517 325.000000029411 322.499999841628 337.99999984535 355.500000103015 331.749999963473 336.999999975074 320.750000199691 306.249999969593 317.999999937855 330.749999986394 336.750000041665 -9999 340.750000043388 344.749999955751 -9999 327.749999964248 330.500000052028 330.500000042386 319.500000043155 308.500000076861 292.750000072616 283.750000142016
-9999 -9999 -9999 -9999 -9999 -9999 -9999 -9999 -9999 -9999 -9999 -9999 -9999 -9999 -9999 -9999 -9999 -9999 -9999 -9999 -9999 -9999 -9999 -9999 -9999 -9999 -9999 -9999 251.499999912944 303.499999791572 283.75000024163 257.749999912794 290.249999934851 280.500000095939 238.500000177846 233.25000000339 249.999999930312 267.499999957038 291.499999941187 298.999999826546 321.749999856947 354.249999861325 347.249999955367 333.250000203507 322.000000025494 316.500000017379 321.250000022199 334.499999882105 347.000000000004 347.000000009454 -9999 -9999 335.500000030072 335.499999959143 339.499999895944 333.000000116563 316.000000053944 302.500000043921 299.749999916227 299.499999863665
-9999 -9999 -9999 -9999 -9999 -9999 -9999 -9999 -9999 -9999 -9999 -9999 -9999 -9999 -9999 -9999 -9999 -9999 -9999 -9999 -9999 -9999 -9999 -9999 222.249999950879 239.249999934264 253.2500000076 263.999999963255 305.499999874825 326.000000039427 300.000000180487 275.000000054111 290.749999879004 294.750000047965 260.500000184423 252.999999891554 275.999999909399 279.000000028635 293.249999827257 318.499999924576 335.749999856949 362.749999916793 339.500000008124 335.49999994185 333.000000008496 336.750000021714 335.000000062143 335.749999904779 348.999999935182 357.249999938566 363.250000053032 345.749999975414 349.499999999995 343.750000056182 348.749999849113 337.750000111265 328.750000037756 323.499999999999 313.750000061434 320.749999880695
-9999 -9999 -9999 -9999 -9999 -9999 -9999 -9999 -9999 -9999 -9999 -9999 -9999 -9999 -9999 -9999 -9999 -9999 -9999 -9999 -9999 176.749999928168 207.249999972075 229.249999939432 217.000000056147 222.499999990254 227.499999969638 246.99999993173 276.999999951016 306.249999873242 338.25000006114 311.00000006014 313.250000015515 305.750000086343 286.000000111979 258.499999864444 299.499999839722 302.000000028644 310.999999904449 328.499999894419 343.500000061868 -9999 356.25000006087 344.000000066451 348.499999864043 344.500000078181 331.999999982247 335.249999931987 345.249999930552 363.249999938567 366.250000053032 357.250000014747 348.000000020049 343.499999969358 358.250000036419 343.250000090075 343.749999973033 339.500000109797 335.999999955321 343.000000000001
-9999 -9999 -9999 -9999 -9999 -9999 -9999 -9999 -9999 -9999 -9999 -9999 -9999 -9999 -9999 -9999 -9999 -9999 -9999 274.499999992544 251.500000093921 214.500000004094 239.749999911929 269.499999977556 251.750000072505 217.000000082778 226.749999946864 238.749999960615 268.999999902038 310.749999867609 338.500000069863 318.999999921812 318.250000034116 294.000000179091 265.750000141619 263.499999857663 305.749999822294 317.500000121707 316.749999974278 332.4999998718 355.499999969076 -9999 -9999 361.000000008307 353.500000042488 341.750000004345 345.249999960049 351.49999998186 349.750000004628 358.249999900763 369.750000062672 358.500000049164 349.000000030068 356.499999887634 359.250000098854 349.750000100668 350.500000010788 346.999999967059 346.999999955314 348.750000039765
-9999 -9999 -9999 -9999 -9999 -9999 -9999 -9999 -9999 -9999 -9999 -9999 -9999 -9999 -9999 356.000000023671 344.750000020478 333.750000008361 315.500000017665 304.500000063294 289.000000031317 288.249999940493 290.499999987128 307.250000020194 274.250000133346 250.250000046276 226.000000116392 233.499999884478 279.999999765971 334.749999884512 350.249999938848 365.750000021052 340.500000136496 293.249999996809 293.250000167971 292.499999891562 316.24999990593 337.250000017901 310.25000012864 304.999999909498 339.999999868542 370.749999869249 356.250000109567 345.750000029068 339.500000059478 341.49999992182 350.249999960053 358.74999996826 362.749999976852 367.499999914947 374.250000024105 364.250000024581 360.500000010028 367.749999974464 362.750000026016 355.25000006888 359.750000016186 357.500000076856 346.750000072602 339.750000039763
-9999 -9999 -9999 -9999 -9999 -9999 -9999 -9999 -9999 -9999 -9999 -9999 367 361.750000011605 355.75000000139 351.750000010356 347.000000012597 342.749999998326 340.500000017657 336.000000026054 330.749999998039 341.99999994663 331.250000032218 310.50000009424 276.750000091256 257.50000012176 234.999999949396 267.499999915968 292.499999820412 331.249999957741 360.749999927209 384.250000033076 337.00000020475 327.749999913651 321.250000009873 329.749999996604 336.999999881526 350.500000128878 324.000000044105 337.499999871786 349.249999872405 379.499999984149 367.249999971594 363.000000091371 354.000000016998 349.999999982621 360.500000008875 366.749999977328 364.999999962959 376.749999966921 378.000000009641 372.749999975414 372.25000003508 372 367.249999973986 364.249999973505 360.750000048552 354.250000027452 349.750000050268 340.750000107932
-9999 -9999 -9999 -9999 -9999 -9999 -9999 -9999 -9999 371.000000009071 367.499999989975 368.500000015374 362.500000009548 349.750000011605 345.750000017998 343.49999998816 334.499999996845 333.250000001664 326.250000015884 329.249999968345 339.249999986293 354.749999944585 350.000000047254 325.250000033653 292.250000049137 294.249999963495 299.750000083512 318.749999918612 322.749999850349 355.49999992677 373.99999996507 388.000000018043 354.750000083764 349.249999856099 344.750000055993 341.749999928831 366.999999881528 365.000000150359 362.499999948555 369.250000011324 381.499999969073 374.750000027731 361.500000056813 359.250000012467 348.249999978755 348.999999904446 370.499999946731 374.999999972799 379.749999976853 378.250000061427 370.499999990357 375.499999990165 377.250000015035 375.500000010215 374.250000005204 370.250000047687 368.499999967636 366.500000010982 366.250000039098 356.750000017046
-9999 -9999 -9999 -9999 -9999 -9999 -9999 -9999 379.999999995127 371.250000009978 372.250000015046 349.500000024163 328.749999989265 330.000000002588 328.750000029073 318.000000023661 320.249999976369 318.499999953223 329.999999985858 353.499999988829 358.749999990212 362.499999963058 365.250000045097 352.750000020187 335.499999990636 339.99999998538 348.74999994686 353.249999981612 372.749999959174 380.999999954928 392.499999988353 392.999999999999 386.500000043431 368.750000041568 360.749999983524 360.250000030488 372.999999874553 385.500000014314 390.5 390.249999996229 389.000000030929 387.250000035658 386.000000016228 385.750000037378 377.500000025486 381.999999991309 382.249999977802 379.750000004538 373.25000004167 367.750000023631 364.249999995182 365.249999975421 371.499999979954 373.249999984679 374.999999989594 368.499999989403 363.00000003237 358.499999989023 363.500000000003 362.500000022724
-9999 -9999 -9999 357.000000004678 356.749999992705 -9999 -9999 373.50000000859 381.750000010553 374.250000017234 354.750000023061 350.000000004401 351.250000001199 354.500000005159 350.250000009698 352.249999989646 356.249999988978 356.24999998163 363.499999992938 362.24999995719 370.999999984344 371.74999998974 380.24999998067 369.750000051603 363.750000011702 367.999999951308 370.749999987355 384.499999994752 389.999999989117 393.249999974651 395.750000002912 395.5 395.000000006205 394.749999996802 393.499999993415 392.999999993223 392.750000003485 392.5 392 386.250000011307 383.250000034793 375.499999999991 368.500000048683 379.24999995431 373.000000016987 375.24999999565 378.749999995561 374.749999986394 371.499999972218 368.000000037804 353.750000081956 355.249999945921 365.749999964918 370.999999959141 374 371.25000003709 365.00000003237 353.500000010983 350.749999972074 350.749999926147
359.750000001177 341.750000003284 360.749999998335 353.5 356.999999988837 371.249999993179 -9999 376.250000015027 388.500000001623 370.250000004536 364.250000003007 366.499999989018 368.99999999761 362.000000020626 353.749999990307 362.499999999998 367.749999988974 366.499999976614 370.000000028252 373.250000009302 376.499999996086 376.749999956901 383.250000010737 388.50000002243 390.499999962567 394.000000004868 394.999999994936 396.250000002624 397.500000005442 397.250000002816 396.500000005823 395 394.000000012411 386.500000025589 386.749999996711 382.250000037281 366.50000004879 376.750000025066 356.750000011039 349.749999958529 336.500000116005 325.250000019824 332.000000000011 349.999999850494 364.250000063735 357.249999960915 345.750000102101 356.750000022673 344.250000125015 341.750000004732 347.250000014465 356.749999975421 361.999999939859 372.50000002043 371.499999989596 371.249999962912 368.500000010789 361.750000038431 353.250000117297 335.750000096585
-9999 375.375000000362 369.750000007871 361.000000005346 346.750000003001 340.500000010493 349.999999983864 373.749999977801 385.750000007307 377.249999973695 371.500000008023 377.499999995611 371.750000017904 360.000000012888 355.500000019383 357.999999967454 375.999999977954 378.49999998664 378.500000010595 380.749999979524 385.499999988264 382.749999948694 392.625000005374 397.374999996636 399.374999991813 399.999999999999 399.00000000506 398.500000005251 396.500000016326 392.25000001408 390.750000008731 385.749999984963 371.000000074449 357.500000031969 352.250000003286 354.250000091492 341.50000002091 347.000000042958 336.000000029407 325.750000064112 324.499999953612 331.000000015856 319.000000105507 319.999999941853 335.999999991493 330.250000056469 318.000000008879 316.749999913838 324.250000004616 311.750000014168 313.499999816802 333.999999931168 353.499999939856 363.999999959138 360.750000046824 361.249999952312 359.750000005393 354.500000087833 325.000000201064 296.500000045441
-9999 -9999 -9999 375.250000007677 371.750000002143 359.250000009971 346.999999991307 353.749999979236 380.749999978082 391.375000002269 384.750000004015 379.749999998904 370.500000014322 355.75000001676 346.499999994457 358.499999964496 374.499999981104 383.75000000167 386.250000012357 386.624999980451 393.749999992172 395.499999997948 397 396.750000006731 388.750000016379 374.750000056006 364.25000000254 376.750000013136 377.000000081638 366.500000039436 363.000000017466 366.750000003007 366.500000012413 359.500000051165 359.249999976942 359.500000027112 355.50000002091 346.750000010744 339.500000036757 335.000000022629 331.499999961339 341.249999932643 348.999999983768 349.749999979231 348.500000050981 343.749999926157 341.250000022193 326.000000036267 320.750000041661 298.250000127575 291.749999889124 317.749999808267 329.250000085208 342.999999908071 350.249999963586 344.749999952319 351.499999881322 339.000000131752 319.499999899459 323.749999960222
-9999 -9999 -9999 388.750000000335 383.750000008593 379.625000011809 369.499999990078 375.499999995709 382.999999990261 391.249999999093 376.750000013033 372.000000002199 371.249999991648 362.00000000258 358.499999997234 365.000000020714 373.9999999874 384.499999969936 392.124999993819 393.124999993485 394.375000000978 395.125000003077 387.12500002684 366.000000058318 353.500000046781 354.249999948878 363.749999982294 372.249999960616 381.749999997274 375.000000000003 375.250000002915 373.000000012031 375.74999998449 375.999999980816 376.499999980243 373.24999998984 371.500000020915 369.250000046542 365.750000011031 358.250000086738 354.500000085065 344.750000059439 348.499999926959 360.499999908631 362.000000025496 358.249999995659 345.25000003995 343.000000099759 330.499999981473 331.750000023631 304.750000101249 301.000000049175 294.749999924816 313.24999987231 325.49999994797 343.249999835752 363.4999999029 372.999999967065 370.24999998325 371.500000022728
-9999 -9999 -9999 -9999 -9999 -9999 374.750000001856 378.874999996068 387.49999999107 390.250000002721 381.500000002009 374.374999980779 373.000000009551 371.499999989685 370.749999981997 375.499999985204 381.499999987398 387.624999987471 390.749999994703 392.500000001862 392.99999999413 390.000000032837 374.500000008589 371.999999946155 378.750000002336 377.999999985388 379.499999989877 382.750000007877 381.250000029934 383.750000002815 386.499999994175 385.499999993985 385.250000009306 383.250000003199 384.249999996706 386.499999999999 388.000000013935 386.750000025058 383.500000007348 381.250000033938 376.000000030927 367.750000003958 370.500000040577 372.249999954313 371.750000021239 370.50000006949 359.750000110972 332.500000136028 331.499999870366 346.250000014172 346.750000024095 345.500000078649 339.250000095221 338.249999841667 353.749999963577 353.499999862231 376.249999951449 383.499999978039 384.999999999997 385.249999994318
-9999 -9999 -9999 -9999 -9999 -9999 -9999 382.249999990695 390.249999995942 388.62500001134 380.750000005016 382.624999999451 381.249999994034 381.62499999678 382.750000001387 385.249999994084 387.749999995275 390.124999995824 391.375000000883 391.625000002791 386.375000010758 380.000000004107 384.999999982822 388.874999987664 388.499999990645 387.999999990264 387.999999989881 390.500000005254 393.000000005444 393.249999991551 393.749999991267 392.500000006015 392.24999998449 394.249999996806 393.499999993416 395.500000013557 395.500000013937 393.750000017902 390.25000003308 385.499999992461 381.000000023199 379.750000003965 382.749999971598 384.749999995848 384.75000000425 382.75000002172 374.000000000004 360.7500001043 333.500000037045 348.999999877139 365.000000028929 373.000000039334 366.749999964918 370.750000015326 372.749999973989 379.249999962915 383.499999935271 387.499999967063 391.250000027928 391.749999971597
-9999 -9999 -9999 -9999 -9999 -9999 -9999 -9999 -9999 -9999 390.374999999499 389.750000003294 388.62500000179 388.250000002578 387.624999999308 387.624999997781 388.75 389.999999991648 390.5 390.624999999069 390.125000006849 388.374999994869 389.5 390.624999994391 390.624999996491 392.5 394.374999993674 395.5 397.125000004082 397.750000008449 397.749999991264 400 399.249999996897 398.749999996802 397.250000009881 392.750000016944 385.000000020901 391.750000025057 393.749999988977 395.500000007541 392.000000015464 390.500000007923 389.250000004057 388.999999999999 389.5 389.249999995657 387.999999999998 379.750000131494 354.750000078699 367.749999815705 383.24999991804 386.50000001966 387.250000015032 387.999999989783 387.999999999995 392.249999984102 396.749999962239 399.74999997255 401.749999994414 400.750000005679
-9999 -9999 -9999 -9999 -9999 -9999 -9999 -9999 -9999 -9999 -9999 390.5 389.875000002984 388.749999998711 388.500000001385 389.249999998521 389.499999998425 389.874999997494 389.875000000883 388.875000002792 389.125000004892 389.124999996921 389.125000001074 389.250000002243 388.624999998828 388.874999976867 394.374999996205 394.999999994748 394.875000004079 392.500000011264 390.750000008732 392.999999987972 389.750000003097 392.500000006391 394.250000003294 396.999999993222 395.500000020906 384.250000039377 386.9999999706 393.75000000377 393.7499999884 393.500000015849 391.750000004058 387.250000037377 386.750000055237 379.750000004341 377.499999964482 373.500000018126 358.000000046294 383.749999806261 396.24999999518 395.749999995085 399.000000000002 396.750000015326 399.499999979191 399.999999978807 402.249999983818 404.499999989021 405.749999983245 405.749999982958
-9999 -9999 -9999 -9999 -9999 -9999 -9999 -9999 -9999 -9999 -9999 390.5 390.75 391 390.25 389.625000000741 389.499999998426 388.124999999165 387.875000000883 387.87499999907 387.625000000979 387.625000003079 386.999999993556 387.875000001121 390.62499999883 391.374999996348 393.624999993675 394.249999997373 396.12500000136 398.499999988732 400.499999994177 401.374999992482 402.624999992243 401.875000030378 395.750000049404 389.00000004067 385.500000041815 -9999 388.000000000003 386.750000003774 384.750000034799 378.750000003966 375.249999947252 378.250000012463 370.000000059489 362.500000069503 355.750000057709 359.499999927439 386.749999939803 396.499999943291 399.499999999999 401.249999985251 403.74999997494 405.750000005106 406.750000005201 407.750000005297 407.749999962238 408.749999994509 409.999999999998 410.750000017042
-9999 -9999 -9999 -9999 -9999 -9999 -9999 -9999 -9999 -9999 -9999 390.624999999451 390.500000001194 390.5 390.375000000692 389.375000005178 387.749999999999 387.875000000835 387.5 387 386.75 385.999999995895 386.499999997852 388 389.124999996491 390.999999992696 392.75 394.999999989498 396.250000010885 393.249999999996 394.12499997816 398.625000025557 394.625000032573 391.000000012794 391 386.000000027113 378.250000024393 374.749999967782 377.750000025724 370.250000026389 368.750000027061 360.750000099053 353.249999963476 353.250000070604 356.249999953264 353.999999982628 361.74999988903 384.499999927452 399.74999998611 403 403.749999975897 405.749999995084 407.749999984965 409.749999984679 412.749999973987 413.500000000001 412.749999994607 413.500000000001 414.5 414.74999999432
