socal_rasters/thermicityIndex_SPHAsouth_aggfac2.asc
NCOLS 210 
NROWS 130 
XLLCORNER -119.45 
YLLCORNER 32.483333333 
CELLSIZE 0.0166666666666667 
NODATA_value -9999 
[rows 104 to 129 of 130, columns 120 to 179 of 210]
-9999 -9999 -9999 -9999 -9999 -9999 -9999 -9999 -9999 -9999 -9999 -9999 424.749999860856 432.37500005735 433.624999980739 428 427.000000026061 426.250000013125 426.000000026444 426.249999986682 422.500000134129 419.499999999998 417.750000013604 415.249999986299 414.250000096564 416.499999861092 420.750000125874 422.499999971836 419.750000241008 420.749999671734 430.999999971263 427.50000043388 407.750000160145 398.499999941381 385.750000014743 390.999999940608 377.000000209137 320.75000070668 343.249999712484 390.749998705696 414.250001149196 358.999999722466 368.499999503542 392.249999828287 393.249999858655 369.750001216543 289.250000556316 299.499999776135 288.500000386051 274.500000323629 256.500000325545 242.99999990176 244.250000115277 229.00000026502 217.250000149931 218.499999999999 218.250000117949 210.499999999998 207.000000034083 205.499999965727
-9999 -9999 -9999 -9999 -9999 -9999 -9999 -9999 -9999 -9999 -9999 -9999 422.874999981026 428.124999891665 430.5 429.249999987065 430.499999999999 427.999999947495 427.499999973555 427.750000013318 426.500000080479 421.750000067544 421.249999986399 420.000000082196 416.249999958616 418.999999833314 426.000000251751 429.499999859188 417.500000170125 420.749999957184 429.749999813227 439.249999985537 408.500000145589 411.500000087932 416.999999498523 434.999999732792 435.750000074705 423.999999729362 410.500000484232 418.249999649784 424.500000643545 398.999999506609 396.750000791178 369.249998579562 387.250000392614 361.250000679369 321.500000826535 306.250000079948 279.500000386057 254.749999854362 246.999999772122 250.749999983625 247.500000131748 222.750000182198 218.249999983341 230.250000184307 223.74999994945 211.749999983055 208.500000511234 202.499999931455
-9999 -9999 -9999 -9999 -9999 -9999 -9999 -9999 -9999 -9999 -9999 -9999 422.374999943077 425.750000012745 426.124999980738 428.874999980597 429.499999973938 428.250000013125 428.749999986777 428.499999973365 428.250000013413 428 420.000000190457 421.749999849302 423.999999806868 425.499999972218 436.499999972027 428.500000140817 430.000000085057 429.249999900092 436.499999999997 439.749999985538 437.500000058229 431.750000014647 434.250000044253 427.750000222683 407.500000149403 407.249999744386 408.999999394743 419.000000852726 378.750000137898 342.750001033013 328.000000403368 310.249999391267 342.750000329811 328.000000695177 294.500000635806 282.500000383774 277.500000257374 267.500000064725 258.250000113937 262.499999901761 251.999999934125 238.000000198755 223.000000166586 242.999999463852 242.750000016844 233.00000023723 208.500000374904 205.75000005141
-9999 -9999 -9999 -9999 -9999 -9999 -9999 -9999 -9999 -9999 -9999 -9999 423.124999955728 425.99999994902 428.374999980738 428.5 430.125000006516 429.250000013126 430.999999973557 431.250000013318 430.749999986588 429.500000027018 421.000000108833 424.249999712308 432.249999765487 431.250000069455 441 435.750000042248 440.749999985824 441.99999994291 440.999999971266 441.500000028925 440.000000058232 432.500000087925 428.500000117997 424.500000089072 420.000000000001 413.750000225541 413.99999978816 412.250000167496 400.250000137902 368.500001048426 310.750001318655 267.749999640996 324.24999923048 335.000000473981 311.50000025433 273.250000623608 259.249999855223 267.749999627823 273.250000048832 264.500000523924 258.500000164678 249.7500001822 243.499999933366 254.749999715174 247.750000185346 226.250000762545 209.250000051125 202.250000119956
-9999 -9999 -9999 -9999 -9999 -9999 -9999 -9999 -9999 -9999 426.500000062293 419.500000112989 422.749999772313 426.250000050979 428.124999942218 430.125000006469 431 431.249999986874 432.750000013222 433.749999960047 434.250000013412 434.250000040525 425.250000068021 419.50000024659 439.499999917231 441.500000055562 441.999999972028 442.749999985918 442.249999985823 439.250000128456 433.249999928166 435.500000000002 437.250000101908 432.750000073271 431.500000088499 411.500000415664 383.000000358577 399.999999338415 415.250000045396 403.250000228404 387.250000321767 369.500000308354 351.500000217178 327.499999469273 347.000000219866 336.750000079002 325.000000476845 293.250000655582 273.750000273441 271.750000145627 268.2500001465 250.750000638529 234.499999901187 247.99999986749 257.499999866724 259.750000385354 238.750000589752 221.000000237237 212.74999998296 203.000000274185
-9999 -9999 -9999 -9999 -9999 -9999 -9999 -9999 -9999 -9999 -9999 417.37500004394 419.749999860855 427.875000031862 426.87499999358 428.875000006468 430.124999980454 431.374999993437 433 433.249999986683 436.250000013412 437.500000000002 431.500000054418 437.2500000685 420.750000206925 427.999999694402 433.749999958038 440.749999985916 443 440.750000014273 432.750000043106 432.500000115702 431.000000029115 419.750000161187 407.75000019174 405.749999925771 411.249999955179 414.49999990979 400.500000302626 393.000000030447 389.750000260481 377.250000015421 372.250000356817 359.250000546319 341.999999874368 345.749999794622 327.000000540414 301.000000255833 284.500000289539 277.250000080908 261.25000034182 254.000000229218 247.999999967065 260.749999850928 256.749999750114 261.500000201055 249.0000004044 231.25000015251 206.750000085207 205.749999914319
-9999 -9999 -9999 -9999 -9999 -9999 -9999 -9999 -9999 -9999 -9999 426.499999974891 427.4999999494 432.124999891666 431.125000070622 429.624999967662 431.125000006515 432 433.624999953723 435.499999973364 440.250000093891 443.750000013508 442.250000149644 438.250000123297 429.250000234514 424.249999680512 429.499999972028 429.500000056326 440.999999943293 441.499999971455 440.500000086203 437.750000043387 433.750000101905 414.500000351696 400.750000073748 406.499999732785 429.000000179288 421.74999998496 417.250000196706 396.249999832497 396.000000459672 380.999999999998 389.000000310272 378.500000156101 340.250001177846 309.999999968395 297.249999888734 294.750000335793 292.000000064338 279.500000258906 276.999999804667 262.750000114603 266.499999703569 258.750000182196 254.500000233227 246.250000251323 246.999999561901 249.750000559202 211.250000153367 213.999999520176
-9999 -9999 -9999 -9999 -9999 -9999 -9999 -9999 -9999 -9999 -9999 -9999 431.374999981026 -9999 435.500000051363 431.124999993533 431.750000026061 432.749999934369 433.624999966945 439.624999980026 442.749999932936 443.75000009456 439.250000040812 431.500000109596 432.99999988964 433.49999997222 433.749999986015 433.500000056327 440.749999929114 441 440.250000071836 438.999999999999 434.250000101906 430.249999926733 416.000000295 414.999999821861 432.250000104586 428.250000165398 408.500000332895 401.249999862961 -9999 401.75000035461 408.750000108594 397.750000234131 388.750000141349 345.50000044237 322.750000238422 308.000000127926 308.000000289548 319.500000161834 304.000001074282 271.500000098223 256.25000031289 256.749999950306 249.000000066637 240.999999932982 232.500000033704 254.500000677827 223.500000272657 221.749999297404
-9999 -9999 -9999 -9999 -9999 -9999 -9999 -9999 -9999 -9999 -9999 -9999 -9999 -9999 435.624999967898 433.250000064676 433.874999915299 439.749999947494 442.499999986778 441.375000099884 440.99999998659 441.500000081053 439.750000013605 440.249999958903 438.99999997241 439.749999958328 437 430.250000239388 429.749999900769 434.000000057096 433.500000028736 436.750000072314 428.250000072791 433.999999618994 436.750000221246 430.749999896091 433.250000164347 419.750000165391 416.499999939469 413.000000365448 392.000000000003 366.500000154181 338.249999674225 358.749999797086 365.249999827258 349.250000205395 321.75000049273 308.50000003198 340.999999453084 318.750001019452 265.750000439482 249.749999852645 253.750000049403 249.750000049692 253.250000049976 247.250000083771 245.999999932598 276.500000237233 243.000000068156 237.749999640126
-9999 -9999 -9999 -9999 -9999 -9999 -9999 -9999 -9999 -9999 -9999 -9999 430.999999974701 433.24999997451 435.624999929377 435.250000038803 434.999999960905 435.375000019686 434 434.374999980024 437.25 438.5 438.5 440.0000000274 439 438.249999986108 440.250000041959 435.000000028166 431.250000127597 431.499999942912 437.249999928165 440.000000028926 437.74999992721 436.250000161193 420.250000575228 399.999999524945 422.250000044813 403.750000526255 369.000000635508 391.249999710679 386.750000199195 374.500000061674 359.0000003413 321.750000483881 317.749999638789 323.249999984191 326.5 346.999999264468 348.250000852535 306.50000029127 283.000000325552 258.7500002456 250.999999934125 250.000000033129 256.999999833408 253.000000134038 259.999999393407 288.499999864437 271.500000783891 256.000000102822
-9999 -9999 -9999 -9999 -9999 -9999 -9999 -9999 -9999 -9999 -9999 -9999 426.875000006326 430.124999955392 434.624999942218 437.249999987065 433.125000032574 432.124999967184 433.999999986778 435.249999973365 437.374999993293 439.249999945966 439.000000081625 437.999999972601 438.99999997241 439.499999972219 440.999999972027 438.750000126736 436.000000028355 435.999999942911 440.999999971265 440.499999942151 440.250000014559 435.250000073271 421.500000294991 402.250000044528 391.750000104586 394.750000285685 381.750000257236 367.250000076142 362.75000013791 361.999999568297 354.249999984491 316.750001701397 303.499999214769 322.749999857792 342.749999697987 354.249999056574 326.25000104558 298.50000019418 275.000000781301 262.000000098245 247.749999423621 271.249999685285 276.50000026654 257.500000033509 266.249999443948 293.499999898326 286.750000357861 263.499999794356
-9999 -9999 -9999 -9999 -9999 -9999 -9999 -9999 -9999 -9999 -9999 -9999 423.499999886155 431.624999980883 -9999 -9999 437.874999980454 434.624999993438 435.500000013223 436.499999933413 439.874999953055 440.249999986491 439.125000061219 439.250000041098 438.49999997241 439.500000027781 440.750000041958 431.749999901431 437.5 436.749999957181 438.500000229871 431.999999971069 428.500000029113 423.250000131887 415.999999882005 414.500000029691 407.750000283871 380.249999834599 386.750000287507 355.750000472046 344.500000000005 334.750000292948 308.500000310269 299.000000031218 338.499998900684 371.499999526028 384.500000254316 358.250000207868 315.999999839149 319.250000339814 303.000000260436 273.500000589425 257.749999950602 268.999999635599 293.499999833408 284.500000569663 279.999999663004 295.75000011862 282.750000085206 286.25000011996
-9999 -9999 -9999 -9999 -9999 -9999 -9999 -9999 -9999 -9999 -9999 -9999 422.374999753335 -9999 431.87499998074 -9999 -9999 437.5 436.499999986778 438.624999980024 439.000000026825 440.375000006754 440.250000013604 440.249999986302 438.250000041386 438.749999902766 440.750000013986 440.999999971837 -9999 439.000000028545 410.500000344825 410.499999826456 415.999999970881 417.99999997069 417.749999955751 419.000000207829 409.250000224108 393.749999503802 403.999999878944 393.500000365447 352.000001409688 329.499999815002 337.000000031031 342.999999719023 368.749999795835 359.7500000158 394.499999872841 358.750001519075 331.250000369969 314.000000453082 296.250000244155 286.000000032746 274.250000214087 263.99999976811 289.249999616841 -9999 297.499999898897 293.749999779711 288.999999591012 284.250000359869
-9999 -9999 -9999 -9999 -9999 -9999 -9999 -9999 -9999 -9999 -9999 -9999 -9999 -9999 -9999 -9999 434.25 -9999 -9999 437.749999973365 438.874999953054 439.374999993246 439.749999986397 438.7499999863 435.50000002759 438.000000027782 441.000000055945 -9999 433.250000297714 418.499999942902 383.500000114947 400.24999963844 421.50000008735 412.750000131883 416.99999961651 425.00000005938 418.250000014944 416.750000075181 410.750000438815 388.500000365448 336.250000168557 337.749999799577 333.250000791197 324.499999937559 340.24999923046 359.999999747197 390.249999697999 383.500000319807 370.50000006436 341.750000598735 326.000000325558 301.000000491186 283.500000000003 284.750000347839 -9999 -9999 298.25000015165 288.749999949163 287.250000119286 283.49999986291
-9999 -9999 -9999 -9999 -9999 -9999 -9999 -9999 -9999 -9999 -9999 -9999 -9999 -9999 -9999 -9999 -9999 -9999 -9999 -9999 437.499999986587 438.25 439.125000020406 437.750000041098 438.250000013795 440.749999902767 440.999999972028 439.000000140816 430.25000024101 419.999999828727 421.249999899426 428.499999971073 420.250000218373 401.25000013188 418.749999749254 422.750000014848 421.999999850593 422.250000135323 414.250000196708 398.99999996954 396.999999938707 360.500000185018 346.000000403354 331.000000405835 329.49999990577 345.999999652414 371.999999554948 349.750000271843 333.50000022522 351.250000210386 354.750000113965 346.750000343844 353.74999981884 345.000001026935 285.499999700131 287.500000134039 292.500000000002 296.749999813596 289.000000102243 297.999999931451
-9999 -9999 -9999 -9999 -9999 -9999 -9999 -9999 -9999 -9999 -9999 -9999 -9999 -9999 -9999 -9999 -9999 -9999 -9999 -9999 435.749999973173 436.124999993245 438.124999938782 438.499999972601 440 437.249999958326 434.750000013985 433.750000098569 430.500000056708 428.000000028546 427.499999942533 426.000000260326 403.750000247488 398.250000161195 423.249999808253 423.500000089074 423.750000224106 415.749999984961 419.500000060526 413.000000091365 403.499999908066 364.250000817167 333.750000232705 319.250000202918 336.749999575976 367.499999399635 394.000000699373 360.750000559663 342.749999887407 342.999999902913 324.750000797581 311.499999869023 333.000000131747 304.750000281578 315.750000216558 310.99999989947 299.500000000004 303.999999796655 303.49999996592 305.750000291322
-9999 -9999 -9999 -9999 -9999 -9999 -9999 -9999 -9999 -9999 -9999 -9999 -9999 -9999 -9999 -9999 -9999 -9999 -9999 -9999 433.624999966467 434.999999986492 435.499999972793 436.12500003425 435.00000005518 433.499999972219 431.249999986015 431.249999985919 428.250000014178 425.99999994291 429.25000010057 430.250000043388 425.750000014557 420.000000175841 422.499999941002 415.000000267217 407.750000014948 409.250000105252 412.749999863819 407.750000167501 407.750000107259 387.000000709229 349.500000279236 326.250000202906 343.499999717316 386.499998704457 403.000000699369 348.250000495698 330.750000337802 315.500000064722 319.749999820946 333.74999959068 334.750000279958 305.500000596288 282.000000266548 284.499999731927 301.24999971355 313.499999898326 314.749999914793 314.000000034273
-9999 -9999 -9999 -9999 -9999 -9999 -9999 -9999 -9999 -9999 -9999 -9999 -9999 -9999 -9999 -9999 -9999 -9999 -9999 -9999 -9999 431.624999966229 433.375000020406 434.875000020549 433.249999986204 431 430.249999986014 430.000000028164 427.000000056708 426.249999957183 429.250000100571 -9999 428.250000043674 424.500000029305 414.250000280238 398.000000593804 353.499999551768 396.499999849637 398.500000030258 399.750000350218 394.999999816126 396.50000015418 370.750000822222 374.250000015627 374.249999858674 404.999999336442 388.500000476832 346.249999952032 322.500000772112 332.999999223281 343.499999967448 335.000000261961 319.750000411699 293.000000828176 274.000000099955 283.999999664909 307.749999511348 318.499999932218 321.999999897754 320.750000085682
-9999 -9999 -9999 -9999 -9999 -9999 -9999 -9999 -9999 -9999 -9999 -9999 -9999 -9999 -9999 -9999 -9999 -9999 -9999 -9999 -9999 430.875000006755 431.874999993198 432.749999958901 433.249999986205 430.999999944438 429.250000041958 429 427.999999999999 428.499999942909 431.500000057467 427.000000115701 411.500000058239 405.000000087931 384.750000870228 367.500000742262 311.500000179297 349.999999729371 363.999999909225 375.499999512737 389.49999978548 395.749999676223 397.250000015515 406.999999375638 414.250000109934 411.500000252787 396.500000603999 363.500000447725 352.750000080421 347.750000145637 342.25000011394 328.750000180102 316.000000032934 305.999999801232 296.250000416474 306.499999698413 322.749999376536 330.499999966105 323.249999982959 312.000000239912
-9999 -9999 -9999 -9999 -9999 -9999 -9999 -9999 -9999 -9999 -9999 -9999 -9999 -9999 -9999 -9999 -9999 -9999 -9999 423.125000033294 -9999 428.499999972982 430.874999979594 432.9999999726 433.749999986205 433.249999986108 433.25000006993 432.500000028164 429.999999886586 430.749999985724 429.250000043098 423.250000188014 409.750000276612 398.750000688748 368.000000471989 333.000000831321 322.249999387454 320.250000255625 342.000000181597 363.249998614339 400.500000030645 407.999999722472 407.500000372335 394.000000187296 361.000000094211 348.249999636598 368.249999539037 375.500000095932 366.999999903486 360.000000226552 354.75000034183 335.750000147361 330.999999604772 351.25000044722 330.24999965017 346.250000016754 334.500000370697 319.750000288069 309.999999931833 310.500000068545
-9999 -9999 -9999 -9999 -9999 -9999 -9999 -9999 -9999 -9999 -9999 -9999 -9999 -9999 -9999 -9999 -9999 -9999 -9999 422.249999986683 423.249999973174 426.749999945966 430.499999945584 430 429.750000068976 425.000000027782 425.500000000001 424.749999957756 425 424.750000014273 423.500000028735 422.000000028926 416.750000276602 402.250000219812 381.000000353997 355.499999970301 352.499999372492 365.500000541285 384.999999788144 393.249998888413 419.749999923385 417.749999799562 413.250000418864 373.750000702403 337.750000895166 298.999999589213 357.999999427788 371.749999792126 376.999999999997 378.750000080907 375.50000009766 368.000000360191 367.000000032932 349.500000496918 351.499999700142 342.25000065342 315.500000202204 325.500000067779 321.250000187447 311.249999948589
-9999 -9999 -9999 -9999 -9999 -9999 -9999 -9999 -9999 -9999 -9999 -9999 -9999 -9999 -9999 -9999 -9999 -9999 -9999 421.749999986682 423.749999959761 426.499999945966 429.624999952386 430.499999972601 430.000000055181 423.250000041672 424.500000027972 424.249999985918 424.000000056709 423.499999971455 422.750000071836 422.999999971076 423.250000072792 418.750000161197 404.500000412997 402.249999599186 407.749999985075 417.500000360865 414.249999682236 418.250000106589 415.500000030645 415.25000004625 415.249999953457 403.00000031219 373.500000659605 354.499999747223 380.750000015897 382.49999980812 382.250000112599 370.750000210357 364.999999674453 367.750000114602 360.500000164671 357.999999436826 364.49999993336 360.499999832451 347.750000522356 327.750000220294 322.000000068159 320.750000051409
-9999 -9999 -9999 -9999 -9999 -9999 -9999 -9999 -9999 -9999 -9999 -9999 -9999 -9999 -9999 -9999 -9999 -9999 -9999 -9999 422.750000026827 423.874999952722 425.375000020409 430.2499999863 430.999999972409 431.000000027781 427.000000111888 421.999999971837 423.749999985823 423.499999971454 423.5 424.250000014462 425.499999970883 427.749999956035 426.249999926249 423.500000059379 404.250000373521 397.000000150362 401.999999697377 418.49999990864 414.749999984679 412.750000015418 409.750000015513 405.750000140486 391.250000047121 380.999999968397 378.750000429163 369.50000022387 366.250000048259 360.750000307449 336.000000358092 327.499999574318 332.750000082347 319.750000215327 315.750000116619 324.249999480611 -9999 -9999 -9999 -9999
-9999 -9999 -9999 -9999 -9999 -9999 -9999 -9999 -9999 -9999 -9999 -9999 -9999 -9999 -9999 -9999 -9999 -9999 -9999 -9999 420.000000093891 418.749999932456 419.875000034009 423.249999876703 429.249999931023 431.249999902766 432.250000041959 428.250000070412 425.75000015595 425.250000014274 428.999999942534 431.000000115703 428.750000101905 425.500000117231 422.750000014749 421.250000044535 408.750000014945 386.500000481157 362.249999500675 397.749999527957 413.749999892742 413.250000015418 406.000000186163 -9999 -9999 -9999 -9999 -9999 -9999 -9999 -9999 -9999 -9999 -9999 -9999 -9999 -9999 -9999 -9999 -9999
-9999 -9999 -9999 -9999 -9999 -9999 -9999 -9999 -9999 -9999 -9999 -9999 -9999 -9999 -9999 -9999 -9999 -9999 -9999 -9999 416.125000167665 413.625000006755 415.999999945584 415.500000082198 416.249999931027 422.999999777755 426.7499999021 430.500000000001 430.749999985823 431.5 430.50000005747 424.500000000002 423.500000029115 419.750000014655 416.749999985252 416.749999985156 407.500000298815 374.500001293105 -9999 -9999 -9999 -9999 -9999 -9999 -9999 -9999 -9999 -9999 -9999 -9999 -9999 -9999 -9999 -9999 -9999 -9999 -9999 -9999 -9999 -9999
-9999 -9999 -9999 -9999 -9999 -9999 -9999 -9999 -9999 -9999 -9999 -9999 -9999 -9999 -9999 -9999 -9999 -9999 -9999 -9999 412.375000181077 411.999999945967 411.499999972792 -9999 410.250000013794 -9999 -9999 -9999 -9999 -9999 -9999 -9999 -9999 -9999 -9999 -9999 -9999 -9999 -9999 -9999 -9999 -9999 -9999 -9999 -9999 -9999 -9999 -9999 -9999 -9999 -9999 -9999 -9999 -9999 -9999 -9999 -9999 -9999 -9999 -9999
