socal_rasters/toporuggedness_SPHAsouth_aggfac2.asc
NCOLS 210 
NROWS 130 
XLLCORNER -119.45 
YLLCORNER 32.483333333 
CELLSIZE 0.0166666666666667 
NODATA_value -9999 
[rows 26 to 51 of 130, columns 120 to 179 of 210]
59.5000000602741 79.5324993814509 25.9375003946904 27.7499998436652 45.1599994566299 84.9374995146697 99.7175007454671 125.562497694003 147.779998848225 120.28249930877 134.592498453741 157.127500320754 163.720001089403 122.720001830942 91.0624999549446 95.5600009821335 124.999998004818 130.314998833306 125.655002718013 110.690000780413 -9999 -9999 -9999 -9999 -9999 -9999 -9999 -9999 -9999 -9999 -9999 -9999 -9999 -9999 -9999 -9999 -9999 -9999 -9999 -9999 -9999 -9999 -9999 -9999 -9999 -9999 -9999 -9999 -9999 -9999 -9999 -9999 -9999 -9999 -9999 -9999 -9999 -9999 -9999 -9999
53.340000749392 36.9374996566606 44.5299992813221 37.0625003979148 17.6574997827043 23.0624998831817 35.4674994777833 76.842499025384 123.780000381402 148.967498858035 127.217498771439 126.625000395431 80.4699995045958 103.594999929962 86.625000532879 88.752498115895 122.467502400216 150.749999547408 152.404998238781 160.877502627981 174.282501279323 -9999 -9999 -9999 -9999 -9999 -9999 -9999 -9999 -9999 -9999 -9999 -9999 -9999 -9999 -9999 -9999 -9999 -9999 -9999 -9999 -9999 -9999 -9999 -9999 -9999 -9999 -9999 -9999 -9999 -9999 -9999 -9999 -9999 -9999 -9999 -9999 -9999 -9999 -9999
38.2825007631844 19.6850004370149 21.3100003728401 21.1574997827671 18.0324998361898 15.9674999969097 14.4075000420151 19.4399994615851 28.9999998927895 46.9049993635855 62.9049996691977 76.1899983065771 97.2199991600396 100.655000748848 114.154999856102 94.4674991622965 119.440000867814 119.127501429909 104.219999688605 100.594999161814 134.157498526972 163.81250167761 -9999 -9999 -9999 -9999 -9999 -9999 -9999 -9999 -9999 -9999 -9999 -9999 -9999 -9999 -9999 -9999 -9999 -9999 -9999 -9999 -9999 -9999 -9999 -9999 -9999 -9999 -9999 -9999 -9999 -9999 -9999 -9999 -9999 -9999 -9999 -9999 -9999 -9999
20.8100004196163 20.0324998002824 16.6250002938498 13.0625000060127 15.1900000068252 15.6849997074758 17.0599998369896 38.5324999764786 34.5299999371104 15.4074999248263 14.5624998972142 34.9024995484581 62.2499979028952 80.5649980753587 148.78250073443 122.654998008439 153.687496138191 173.187501122157 94.8750011569369 79.967500245438 89.3149987742633 84.3749966169992 97.8750000955042 94.9675005993853 -9999 -9999 -9999 -9999 -9999 -9999 -9999 -9999 -9999 -9999 -9999 -9999 -9999 -9999 -9999 -9999 -9999 -9999 -9999 -9999 -9999 -9999 -9999 -9999 -9999 -9999 -9999 -9999 -9999 -9999 -9999 -9999 -9999 -9999 -9999 -9999
17.9675002170565 18.0600004284326 16.220000076792 12.7500000353699 11.999999979319 12.6550000207527 12.2500000000011 14.7849997575861 17.8425002727483 10.810000001629 10.6224999334353 12.5949999643337 22.9975002520136 40.7799993776514 70.7849986063892 74.3149993700735 122.74999901282 142.655001111695 94.4700028867989 100.592500478505 109.810001473896 109.467500698409 116.340000545487 106.999999705739 98.0925002161074 157.657500007084 -9999 -9999 -9999 -9999 -9999 -9999 -9999 -9999 -9999 -9999 -9999 -9999 -9999 -9999 -9999 -9999 -9999 -9999 -9999 -9999 -9999 -9999 -9999 -9999 -9999 -9999 -9999 -9999 -9999 -9999 -9999 -9999 -9999 -9999
14.8750000027602 14.6250000057986 13.2850001019686 12.2149999332689 11.4700000122082 11.3125000269575 11.00000000314 9.00250005417697 8.19000006654373 9.02999994196555 10.5025000511152 10.0624999998729 11.6249999620484 15.4699999633519 21.4074999596526 27.7524998405515 48.3450000243897 73.2199981118529 70.40999902438 77.5000004209766 86.3450000795195 86.3125001014532 82.2150002666108 108.750000274006 108.249998354751 124.719999506155 136.464996776767 -9999 -9999 -9999 -9999 -9999 -9999 -9999 -9999 -9999 -9999 -9999 -9999 -9999 -9999 -9999 -9999 -9999 -9999 -9999 -9999 -9999 -9999 -9999 -9999 -9999 -9999 -9999 -9999 -9999 -9999 -9999 -9999 -9999
12.437500008628 12.2200000244348 12.0625000059644 11.8125000029476 11.217499972935 10.9075000450244 10.4400000963489 7.84500006050117 7.4674999788732 7.59500004245683 5.52999999481271 4.80999994905687 4.15499996987175 5.65750000477731 7.21749996663988 10.8099998263646 15.3425001885721 23.9349995765203 36.2799996757592 78.1875000548917 102.467501100719 104.219998170256 120.470002627085 65.9699996816129 108.844997939079 102.344998384633 153.842498959304 121.3724997052 -9999 -9999 -9999 -9999 -9999 -9999 -9999 -9999 -9999 -9999 -9999 -9999 -9999 -9999 -9999 -9999 -9999 -9999 -9999 -9999 -9999 -9999 -9999 -9999 -9999 -9999 -9999 -9999 -9999 -9999 -9999 -9999
10.8750000057515 10.9400000544363 10.8724999398556 11 10.5924999964682 8.81500006033585 10.0299999518262 7.62500004868863 6.90499995740487 5.49749996144701 4.33999991267405 4.78250002095247 5.4100000843132 7.81500000955473 9.77749989324028 12.1875000032339 10.9374999967439 14.18749998018 15.6550001685556 19.9999998868 34.7825000069468 69.872499892901 95.3774992232577 111.092500431419 114.217500974546 135.372499309685 125.092499256365 141.404998749168 166.220000417992 233.809997091025 -9999 -9999 -9999 -9999 -9999 -9999 -9999 -9999 -9999 -9999 -9999 -9999 -9999 -9999 -9999 -9999 -9999 -9999 -9999 -9999 -9999 -9999 -9999 -9999 -9999 -9999 -9999 -9999 -9999 -9999
9.90499998726496 9.40499996698237 9.47000002720729 10.2200000213007 10.5325000270653 11.0924999609666 10.6549999880557 8.37500002117937 7.9075000424725 4.75000004005617 4.72000002088582 5.84249996674434 6.40750002064101 8.09500002376752 8.99999996481708 10.0950000076555 11.3749999934859 12.1224999166594 15.2499999471124 19.2824997253357 28.8750002351319 49.779999477918 70.3124997245001 68.8100008374449 52.1874996103013 101.654998135081 137.345000673584 180.437499296057 155.749998373026 228.592497764395 244.999999425346 -9999 -9999 -9999 -9999 -9999 -9999 -9999 -9999 -9999 -9999 -9999 -9999 -9999 -9999 -9999 -9999 -9999 -9999 -9999 -9999 -9999 -9999 -9999 -9999 -9999 -9999 -9999 -9999 -9999
9.49999996549038 11.904999995983 9.71499995369805 9.7174999580669 11.0299999105358 13.315000087174 11.1900000451439 8.41000013305731 8.18499989984466 9.59249994802742 14.5649997597551 13.40750008674 9.43750003175261 8.06249999681465 10.2149998579293 11.4100000713442 12.4999999807164 15.4650001050739 18.8124997120022 25.845000138919 44.059999493447 75.7200002146049 83.7499987366858 85.5300012159872 28.9700000194695 34.4675000274238 51.969999091249 87.4675009980394 124.655000181643 161.437499639593 227.47000040721 217.377503052481 245.157500978602 -9999 -9999 -9999 -9999 -9999 -9999 -9999 -9999 -9999 -9999 -9999 -9999 -9999 -9999 -9999 -9999 -9999 -9999 -9999 -9999 -9999 -9999 -9999 -9999 -9999 -9999 -9999
78.344999660057 61.3450011555058 31.0950002770792 14.9050002203919 9.24749990106223 16.6574994950999 27.155000513404 16.0900001267825 32.8725000514617 38.3474999231896 33.1849998119666 40.2149991158047 40.3125001200347 29.6550001546524 21.6850002453957 21.6850003971074 25.9999999478747 26.2500000034121 30.7499998810005 34.8775005741486 33.0300002082024 54.2825000661667 70.1574992267099 48.8150001456409 26.7199997918485 43.9674992552714 69.2849997827866 77.4999990002115 107.312500003544 97.9999978322984 84.4650005548665 152.21749962526 190.627502328603 230.562499769233 228.785004423481 -9999 -9999 -9999 -9999 -9999 -9999 -9999 -9999 -9999 -9999 -9999 -9999 -9999 -9999 -9999 -9999 -9999 -9999 -9999 -9999 -9999 -9999 -9999 -9999 -9999
79.8125003134621 46.9675011057104 41.6224991238775 29.7500006661381 10.714999933424 13.5924999449058 23.4075000241087 14.6874999360967 52.0624989051244 117.907500699641 34.3725002698155 30.7799989377618 50.3124998354262 51.1849994595683 36.9725005986573 30.0024994930722 30.2175000582621 37.2500001312641 30.56499959704 24.5950002566106 17.6574998286879 19.8749999054379 22.472499484441 19.0649995565452 23.7175000940667 48.4349988339193 74.8750002271222 75.1574979951 98.0949994213731 88.8100014660506 71.000000265504 79.6874996527462 98.9050004481684 87.6850020327062 108.969998522468 131.782497675165 173.18749911837 -9999 -9999 -9999 -9999 -9999 -9999 -9999 -9999 -9999 -9999 -9999 -9999 -9999 -9999 -9999 -9999 -9999 -9999 -9999 -9999 -9999 -9999 -9999
30.7175008261844 23.7824997132899 40.6250004826932 19.0000006010841 6.81250004742428 7.24999990726641 12.5599998732174 28.9974999347041 58.1549993818625 66.6850011351729 72.6899992066134 80.3100006957811 46.2800005181866 45.9999997451003 61.4049996446258 47.50000019402 40.6575003859981 37.9349999493479 44.5000000428394 38.8724996122978 23.6550002516577 17.3100001709321 18.3125000034026 15.4349999600412 18.249999920541 27.5649998488636 49.7225005441603 52.9675008078831 49.0325002121697 53.9999998572795 61.0624992045122 61.9674993984486 71.1549991742308 86.1250003883215 109.999997015942 166.189999851205 186.937500130744 153.089999250865 103.625000147383 -9999 -9999 -9999 -9999 -9999 -9999 -9999 -9999 -9999 -9999 -9999 -9999 -9999 -9999 -9999 -9999 -9999 -9999 -9999 -9999 -9999
46.9074999091485 24.8450004533676 9.18749995029624 18.4699998475193 8.50000005942766 9.37499996717182 15.3750000483339 53.2174990680038 96.7799980662973 85.967501133315 64.5900021237218 110.122501106503 118.875003482222 50.4074994072809 72.6550002485188 75.4350015220442 60.5025006611095 40.1900009378223 36.5300000527333 39.5299996381456 31.8450000935954 18.0950001720759 16.0324997544133 18.6249999452027 22.0324997092172 31.2499998749868 51.6574997024107 83.2150019807948 58.9075005062004 52.3424996811619 62.9350012152498 57.7450002109627 55.3724991929718 79.5624996373053 89.3750004274352 72.4074980385742 91.4374993762219 116.779998510463 137.125000026341 129.12500266473 103.499999827773 -9999 -9999 -9999 -9999 -9999 -9999 -9999 -9999 -9999 -9999 -9999 -9999 -9999 -9999 -9999 -9999 -9999 -9999 -9999
26.2800006880331 15.5300004605817 8.18499981998614 8.71750010261444 7.65750002991686 7.9700000032109 11.0299998791255 23.9675001108503 91.5974983155663 107.157500084428 80.5324997821617 54.1249984404871 67.1225008498446 66.2175001593783 55.2499997653877 55.405000572046 46.5924999757351 36.1224993642197 46.9974994692465 44.5299997513439 38.0000002280202 24.6599992878992 23.7824998836506 19.1550002594 21.2824998822484 35.6549995610102 38.6575003281525 39.2800002362919 35.0925002683659 39.3099993517673 53.09500010353 41.3724997298789 38.8724993895131 40.7525004096501 44.0924994325238 46.0625002041226 56.6249985308757 81.5625003523969 84.8125010367718 72.2175021712956 98.6249982878595 166.345001153191 149.660002470272 -9999 -9999 -9999 -9999 -9999 -9999 -9999 -9999 -9999 -9999 -9999 -9999 -9999 -9999 -9999 -9999 -9999
11.3774999565653 6.75000005799366 6.24999999999952 7.65749993865228 12.7525000423647 17.9699997796527 17.185000422761 31.5324994631319 53.6875004569498 110.99999765993 111.624998995889 28.7175005974588 21.0924999867964 57.9374993659254 66.1549990409839 46.8724996049971 32.8100005564342 32.3725002225936 48.6849993733896 38.3125002928541 28.9724999363429 33.5975002989858 35.1550005686856 21.562500174671 14.6875003072577 15.717500142161 16.4075000793789 16.1249999822559 16.7500000070859 19.5299998874649 37.2174993253687 57.4049997274709 42.6549999239736 37.6900005413833 59.1274988097301 71.3149986489791 78.7824994159927 74.3749998009187 84.0000006391555 88.3725005664137 102.655000592575 105.53499781086 118.12499997673 131.064999316542 179.157502070781 129.345001748083 -9999 -9999 -9999 -9999 -9999 -9999 -9999 -9999 -9999 -9999 -9999 -9999 -9999 -9999
5.37750006009746 5.28250000691968 7.56500005417939 10.6899999511094 23.1225001670478 32.4700004932303 36.2799996228319 43.7499999452269 20.0000007750055 19.5299991315831 37.0324998167444 17.4025002422108 10.4074999288074 22.7175002969479 29.5324997148233 28.3125001165523 16.7500000521247 18.6550001457546 30.9674999470912 45.5624998834751 41.502500638011 38.8124999425894 39.5274992210858 25.500000095891 18.3449999366929 13.6575000129155 12.0300000499922 11.3749999718382 8.59500004817504 11.4974998678499 17.6249996538304 33.782499488361 47.062499923567 51.9375001247049 46.0025001494145 36.6250007663258 29.9075002426813 35.6874993164214 51.1849992883016 65.6550004372369 74.2175016383425 76.3774995648208 80.3449992454145 80.0625000663533 77.1899985639122 77.6574990468357 98.2200010954389 -9999 -9999 -9999 -9999 -9999 -9999 -9999 -9999 -9999 -9999 -9999 -9999 -9999
7.02749988391592 8.49999997981831 10.4374999736877 14.8774999983887 27.2199995955061 29.4074994495797 28.9374998911889 21.1900001241614 15.2175001263289 6.68499997986987 6.24749991150733 6.68750000313808 5.93750000619799 8.49999992352832 13.5600001524335 18.5324993915057 26.6575000556221 15.1274998417715 15.9374996688935 21.7475000580063 33.3150003964363 38.9700001911105 38.2474994897481 33.5624999384849 39.4674995716286 15.3100001500861 18.6250003153465 9.2199999950978 7.060000027842 8.90499996254163 9.40749999082363 14.8400000096945 26.8449996792511 26.6225004965457 23.1550002266206 21.5625000408216 21.0024995617076 24.374999947374 32.7799996364294 35.9674997501764 35.1575003186612 34.565000084039 32.5325003698743 29.7499994451109 29.4374995741969 33.9999998420024 55.4699986953464 79.6574993630564 56.5950007717864 43.3449998686386 -9999 -9999 -9999 -9999 -9999 -9999 -9999 -9999 -9999 -9999
10.4674999643716 11.6249999737854 14.4675001498133 19.0624999586127 24.8149994793552 27.0925003850902 12.7175002142794 12.845000002804 17.5949999105963 15.1250002163518 4.1900000916057 4.28250001116076 5.05999994277975 5.19000004447545 7.24999997123834 9.59249993737154 18.4974999759607 58.2849988505019 92.7799998701923 25.2150004132754 15.9674998623438 27.249999847898 29.8425003236757 30.7524993577641 42.0299998587845 29.8449997293502 40.5000004804691 27.5900003630859 14.8425004004488 16.3099999604731 21.5325001693922 22.5925000710319 14.3425000023978 25.9399990967887 76.9399989130818 86.2224999903408 71.4999998505831 67.9050013159225 59.3749994660526 30.4699997502919 39.2499999923244 24.624999792972 34.2199996891557 79.3749992819404 102.470000912758 76.7800021104481 10.9075001378066 14.5949998747826 21.9399995321256 30.2149996048814 23.6575002381045 -9999 -9999 -9999 -9999 -9999 -9999 -9999 -9999 -9999
23.0300001651798 27.2200002858241 23.4975003699161 37.7525004132103 32.9999995973241 24.2800003789782 14.2200000361007 14.5925002386551 10.7174999116452 15.4075000734873 7.62500008422031 3.94000006349778 4.15750002392972 4.18499995221052 16.7499997535685 46.6549991575849 36.6875000944706 77.5299999597022 57.7175006518594 30.9700009845803 4.93499995270424 -9999 22.0600002903758 42.8749993424248 42.5300009773737 32.3450000742268 46.3125000314669 31.7499999366312 26.4350000950434 25.3100003339827 39.339998881111 44.9375006327357 51.9999993885663 117.374998981557 125.122500059608 130.970000791967 141.845001192616 126.440001263305 123.252500148339 156.779997540434 209.937499915899 176.99749891157 195.877501355328 215.184997726237 188.217498789187 155.220000480629 77.0924994209896 113.559997716639 133.217497964917 64.0275020312504 28.5924998448093 20.0300002844395 -9999 -9999 -9999 -9999 -9999 -9999 -9999 -9999
26.407500377812 27.9675001039107 38.5025003615635 35.157499959611 20.2524996249512 27.0275001689988 17.6250000635224 9.59249997905801 7.56250006759532 10.3749998454636 13.6225000206433 5.84250005462193 2.87500000961389 3.06500005084828 50.1249991704399 90.5649988303128 33.970000747599 -9999 28.0649999117751 39.6225001583244 11.2500000335289 3.09500006724461 -9999 -9999 59.8425007091366 45.5000003333671 43.3450002863247 28.0324998306051 38.9999992642845 27.0300003719432 26.1874999208375 54.6899986764601 66.1575002907583 106.467499981367 99.0299997988073 65.2475013250531 49.4674991086844 74.0324996750719 86.1874999205699 76.6274999003231 112.464998641498 212.279996992659 281.467498564106 250.654999097394 207.747498575459 200.500000379204 173.46999931523 240.937501890855 208.375000060131 177.344999663165 193.345000815698 127.375001035556 -9999 -9999 -9999 -9999 -9999 -9999 -9999 -9999
15.8750000172544 15.2499998983892 20.3774997866373 23.9675007235423 22.0925001785463 22.375000056789 17.9675003229649 12.3100000158116 9.44000012150381 7.65249980129366 17.4999998754149 10.2800001456404 3.28000002350598 1.84749998533559 22.0299995140011 -9999 -9999 -9999 78.2200009990119 21.4075001981043 20.6575007851659 1.84250002645274 2.1874999897967 2.74999996246255 13.8749995063669 28.8149995790437 66.502498919541 65.8449996214638 61.220001236592 62.5324993580476 61.8474991217683 73.5324998966453 53.4675010269661 69.3125005654934 46.1250003206525 60.500000745838 58.000000358582 64.6274982921703 72.3749990427047 69.8124989931904 103.407499801377 186.15499815671 194.654998932533 178.779998012547 208.937500549839 233.940001781655 229.312499980153 220.470001218789 243.967497767972 262.407501752571 208.907503969405 166.627502216263 95.1274998945869 -9999 -9999 -9999 -9999 -9999 -9999 -9999
-9999 -9999 12.9699997654019 13.9699998180149 12.9374999285649 17.9699997437075 20.1875000030231 18.9050002660412 12.74750005012 7.18749997539659 14.9674998327286 12.3425003776553 4.8150001171787 2.00250000717441 3.62499995505878 12.4049997693425 -9999 87.9674995595224 41.6850014210694 5.84500005338075 5.09249998976355 10.684999917775 34.409999338524 26.4700006590935 4.15500001111852 6.3749999097143 25.1874992615919 86.4649997772533 116.372500720993 120.720003415227 105.247499268411 103.562500115554 81.4050003534386 45.7799997238956 42.2175003322473 53.3150002445761 71.3725008654602 99.3149990251639 94.2499997881691 123.750001237346 179.815001621622 221.440003451284 150.937501632002 182.345000996248 277.342497725051 327.934996105069 323.000002169608 248.372499545368 249.059997510326 222.407502460684 192.90499930634 197.249999341147 165.282500978749 -9999 -9999 -9999 -9999 -9999 -9999 -9999
11.4349998937758 17.0324999401138 31.2825000844869 46.717499604823 50.8399992806899 45.2174997256677 48.0025005310458 42.3125001581228 32.4375001593615 17.1550006072185 16.7800000184479 26.934999926967 12.250000259318 3.00000004154893 2.30999993406031 16.9674996269278 39.2175007385452 28.2200002653017 6.21749995644918 10.2174999363655 15.6874995803721 44.7199991941984 80.1874997789204 97.7824995855658 27.4050016470669 2.6875000137519 2.25250000993543 19.999999348859 113.092498072383 193.154998142472 123.842499526309 69.4375005777986 97.15749868896 73.2800017739833 69.6599977353452 69.3750004860345 57.8724997062047 96.5300002262317 93.0625003478854 128.127500126731 151.032500548481 154.062500162042 144.562497580873 156.217499085719 216.312498794644 321.440000778678 344.779997322982 279.994997651621 305.529996501247 298.717500193084 250.847504245943 202.032501370158 237.124999502015 136.377503784681 -9999 -9999 -9999 -9999 -9999 -9999
24.3774994309482 50.1874999073178 50.4999999298375 41.780000123465 23.9050002737574 18.1574998185886 23.7174995985656 28.9399994557475 38.9999996213082 33.6250007520342 15.9374997460096 32.0599991114205 26.9075005139703 4.15500007182001 2.49999996147871 11.9999997899357 24.6874997882558 10.2525002474183 18.2199998450831 30.6550005585203 36.2199998387355 43.9374997872396 41.559999659671 66.3749984862016 67.3750008432647 4.59500007889402 3.50250006770967 3.28250003382042 7.24999984036959 47.0924995681369 152.187498865182 148.750000965238 105.905000921327 102.594999333587 105.62250112269 127.312500278329 77.5625004480535 73.5949989281267 88.2175000340308 125.687497970686 100.282499054864 132.404998484211 93.7500009733256 152.157499681168 181.342498899116 158.815002011294 177.687500310127 121.937500307833 188.719998198553 261.657503116065 164.250000667346 166.437498432317 213.752501646834 178.782502495715 -9999 -9999 -9999 -9999 -9999 -9999
50.1874990544021 51.7499993827073 34.9375003888409 18.6875002472642 15.2475003691084 18.4074997586818 20.0949998218321 24.6899992395641 37.0325002931604 28.3749999814543 19.8749999422289 20.1574996348953 24.5024997543122 6.46750009718332 1.87500001926043 2.18749996132247 3.62750007011957 15.4374996685675 55.1849989238438 67.6249990796174 66.782499278073 48.8125004221404 39.6575002788664 59.3774991111757 65.4350012611111 7.62750031696081 3.22000001294542 3.43750001056089 3.68749998227871 3.75000000000021 13.9999996298939 51.3124999996915 54.6249993336894 45.0325001845204 64.2500008356614 101.814999654308 101.970001921114 109.249999218139 99.1875001587433 110.907499798948 95.282498706121 95.5949994308255 118.687499852461 174.119994336729 170.940002088053 212.470001282014 161.217499925786 122.344999115391 162.68749827479 209.402496453243 204.657501983926 181.184996821846 193.562500057812 161.059999169232 35.9675022587633 -9999 -9999 -9999 -9999 -9999
