socal_rasters/toporuggedness_SPHAsouth_aggfac2.asc
NCOLS 210 
NROWS 130 
XLLCORNER -119.45 
YLLCORNER 32.483333333 
CELLSIZE 0.0166666666666667 
NODATA_value -9999 
[rows 104 to 129 of 130, columns 120 to 179 of 210]
-9999 -9999 -9999 -9999 -9999 -9999 -9999 -9999 -9999 -9999 -9999 -9999 40.6550000413668 33.4974999778265 21.5949999179298 19.0925001015413 14.8125002052324 8.032500066281 5.59249996649662 10.2174998631187 23.9375001580789 20.2199998255842 17.9699998122317 17.9050002150133 22.4074998918611 21.9950006794923 26.5025002355392 22.094999665145 29.8725002545283 40.0949996658714 41.4674993791103 66.1249989514478 72.5950000977507 39.1874999635091 67.1274989645833 116.75249942437 182.907500737053 198.437500075303 123.750001036506 135.124997552092 155.937499191736 104.937500990588 117.032499423962 88.2500003315397 60.3125004672161 94.8124984398242 116.220002577806 51.062500323805 65.8450002609152 60.8425007573523 68.6549997635847 54.1900009024489 45.2499997612165 55.0924995734652 48.6549998515845 38.4025002006639 62.6549989851657 50.9700003026495 31.9375003318132 89.5324974998472
-9999 -9999 -9999 -9999 -9999 -9999 -9999 -9999 -9999 -9999 -9999 -9999 26.0599996859407 24.5925002876764 19.2475001587315 14.5324998987203 14.7200001312899 11.7499999705962 8.87500003622749 6.46749997631671 11.5949998829431 20.7800000833691 23.5949997782216 24.5925003061598 22.5950004929946 25.4399994067521 39.002500120015 31.687499813419 44.3124999893704 34.7824995779599 34.1900005268745 63.6249981960559 100.562500462226 78.4699991720975 105.189998490419 95.2175004842908 103.374999070087 169.812499650395 151.592499885853 116.312500826056 114.157498951281 109.217500175848 123.497499520401 104.782502397487 63.030000233639 67.5624993166775 88.9025028684978 54.3399990089496 64.2199990418211 71.0300010649699 51.6249999659871 23.6875000859553 46.6549986935045 65.6575012421349 43.0299993828544 72.7175011760468 67.3750015643372 52.00000079645 65.9350005263059 34.6574986342179
-9999 -9999 -9999 -9999 -9999 -9999 -9999 -9999 -9999 -9999 -9999 -9999 25.5950009675591 9.93749994583485 15.6250000354422 10.5000000714052 9.46750004475317 5.7175000256015 5.15499994653216 4.00000002663459 7.34499993981641 16.5324996803677 20.1899996924805 20.8149997571554 31.3424996553045 24.2175000099245 31.5625000488104 37.9700001560604 41.3749998831788 45.6875002319242 29.1250000215513 29.4700000662898 50.9049999207018 65.06000050403 65.5325002651253 67.1550003692664 89.6875015440075 73.032500035646 103.435000715053 111.064998189077 100.532500613802 107.99999967624 106.965001646974 136.940001629727 98.2500015154923 89.4374985662216 135.217499170455 84.5000003955965 46.4375001005384 47.3099985075497 56.4075007655991 38.8474997860786 47.0950004089791 80.344998204324 87.4049999806345 80.0300008813391 72.8425002884903 101.999999694968 73.4700016238456 19.1850001670225
-9999 -9999 -9999 -9999 -9999 -9999 -9999 -9999 -9999 -9999 -9999 -9999 21.1875005787122 11.6274999208911 16.7824996601175 10.6575001014364 8.62499995752154 7.00000010816003 6.22000000057922 7.1250000199765 7.7174999194818 18.8749997365831 22.0300001297439 32.4399998758437 33.2525005132285 34.000000115689 28.1550004738648 34.9675002290943 24.6200003082723 22.875000473404 16.5275001291698 15.6550002080751 18.2824998630876 26.9699998212535 21.0649997759619 35.0299997885139 57.9674997089354 47.4050005613493 58.8149974727729 81.9675011225819 57.4724994240465 70.6549988196835 107.312498545608 151.562500070082 78.5025018300618 53.5349981954197 97.9099976240735 91.6225023968279 48.5000003821992 31.2825004027922 30.0925002851681 60.1200004626721 53.8450003678298 35.5000003932211 49.5599989078605 56.7174999821041 60.1900001802095 97.0300008666009 48.0000003111626 42.595000290684
-9999 -9999 -9999 -9999 -9999 -9999 -9999 -9999 -9999 -9999 42.8699989318853 54.6874999529253 43.1574993977673 16.6249999336348 12.4375001615057 15.0925000248138 12.7499999966147 8.38000024570339 3.62500001004888 9.68749985683473 10.8424999562328 20.4399995351223 31.282499151873 56.9674994229454 46.6250003793569 28.6549998249239 18.1274997237399 9.44000012424905 7.52999992006985 36.719999633607 38.7525008896441 26.4975004990169 21.9074998284762 25.7499993619632 39.8124991064745 68.0349985169748 95.6874996562283 61.5925009152544 42.1849994810772 50.1900008422611 44.059999370338 43.0625000538139 81.2174992806696 111.657499920105 48.0950006599215 33.5949995513069 51.6549980618145 111.937499708197 92.1225016748941 56.0299995016449 41.6900005216836 84.0974986337228 78.8149990960731 42.7800003694732 43.0325002731936 51.9374998912633 71.374999498539 68.2800006588504 42.8424991520046 54.6900007438115
-9999 -9999 -9999 -9999 -9999 -9999 -9999 -9999 -9999 -9999 -9999 37.3399999408929 39.5599992352148 27.1550010228563 12.4375001798968 6.96749996013676 4.90499995679622 4.2525001326963 2.43750003628076 13.0299998632518 14.6899996814543 24.1899994508328 42.4100007042299 54.0025004859738 78.0949991149841 66.0624992964902 38.029999993391 32.4974999322226 13.2175004773306 28.5924996941355 41.000000269235 26.6874993604573 36.3449995408679 73.65500068489 63.1250000920273 47.1875003861187 60.5649988781704 70.1575004354927 59.2800004085372 39.4050007028574 24.2824996389551 22.6250000077059 33.6899996926543 44.3124995426866 53.6849997835931 81.372498010677 76.0925006172007 62.1899999123352 47.9075004541069 28.9050003607456 38.6575003586663 38.529999738864 38.0299996683373 65.9674996231417 33.9649997986933 41.1575003322073 57.160000478906 86.6274979198859 73.9100018091825 43.7825002476707
-9999 -9999 -9999 -9999 -9999 -9999 -9999 -9999 -9999 -9999 -9999 -9999 33.6224999682094 29.9375000987775 24.1899998179299 8.81500008955817 9.7199999910812 7.96750003216308 4.87249989980634 15.5949998672016 26.027499835635 34.4674997447274 36.3450003026746 32.8749996396101 52.8750002354365 58.155000661987 16.2825001039971 26.0000000084868 21.5000002320131 6.49499984987914 10.4074999730123 17.6549999008154 36.4074992315977 63.3749991855374 34.9050005398958 62.2199981943246 58.9700004096893 56.3124990715219 89.3425007034354 67.8750016769519 42.3424998345561 46.8775003760129 57.1875004108444 71.0625004814957 101.282498734316 92.8425013007688 73.6250011485683 28.6225004834153 36.6849992085672 58.3774999150954 71.9724987412047 73.4074993970133 72.0024986637526 49.5950005308675 39.0624999501815 53.5949999718109 59.6524999313406 105.532497985328 86.5000010104772 71.2799990838383
-9999 -9999 -9999 -9999 -9999 -9999 -9999 -9999 -9999 -9999 -9999 -9999 11.4400001047816 -9999 25.2199990904423 16.3100003816924 14.5949997951464 16.2174998418406 21.4675004068506 24.8774995903742 17.4374998252898 22.7450008054591 26.0924994729942 40.1300007556784 15.2525000642552 13.3125000798713 13.6249996706727 19.3774995195675 25.2825000140869 7.46749991615761 11.0025000680002 15.0599997981579 25.9350002702505 62.4699983625944 99.5000000147564 95.3750002413931 51.2175003549405 56.6574996786789 69.059999768562 58.8750001370382 -9999 75.1850008839319 77.5900015543067 55.940000736969 80.1550000565666 86.030001111317 37.7500007152576 30.5300001957367 43.6549992002217 82.6225005520776 129.8749995361 110.405001511495 59.657500475015 33.6249994446461 44.8449998525433 40.2849994362458 68.9349988946794 114.40749921389 87.750000344913 92.5000005655072
-9999 -9999 -9999 -9999 -9999 -9999 -9999 -9999 -9999 -9999 -9999 -9999 -9999 -9999 9.87249967300256 19.1875000937772 26.3425000225556 30.4075002259454 33.8424997148534 38.7500000599273 28.7824998858251 23.5900007763981 21.9675001911741 16.6574998536288 12.532500061308 11.279999973058 12.9074998975622 35.2824997652981 53.3400004094749 40.4700002544685 31.18499971737 20.8100002894525 36.4074997446197 53.564999804 74.2824983674616 82.4699996343088 41.220000403282 83.6574991348769 90.749999659437 68.660001625163 55.7500008580673 73.4699979760965 112.872501586611 85.8425010398823 67.5625001060006 61.1549988996916 39.592500664873 39.6275001622792 46.9675000323257 84.0324980005361 94.6575003080584 61.1550024241186 21.6875005636607 21.4975002995283 23.4350003986265 26.312500171734 58.0299980381681 106.24750158936 109.717501621687 66.7200006632238
-9999 -9999 -9999 -9999 -9999 -9999 -9999 -9999 -9999 -9999 -9999 -9999 5.97000007465548 5.87500001912022 5.09499998520957 28.2199992906387 34.7500000583715 26.0300002966974 23.4674998304079 13.1850003143682 6.44000004702605 8.90499989195785 10.9400000332781 9.90750015012679 7.59249987303144 25.7849995087685 19.2200000549072 37.7524997579836 34.4350001129045 24.9999999820178 26.1874999892261 23.439999504598 35.3724993458363 50.7474988248202 91.3749992586836 116.000000705143 97.4699998007224 107.902499222293 156.282500961497 72.9700003241174 39.0650005570463 33.1249993766889 47.9999998721606 70.4050005636462 65.9350004588697 50.6275008302916 42.6600004018103 62.8100008593428 64.6899998867714 72.000000080905 79.7824995921819 87.4699983742116 36.312500437314 36.0624999592315 37.8425005911432 32.4074994572755 89.872499463366 53.8150009383815 83.5000000170339 55.0299996150631
-9999 -9999 -9999 -9999 -9999 -9999 -9999 -9999 -9999 -9999 -9999 -9999 22.3774996404657 17.282499953798 7.2475001034146 21.439999247174 23.5024996261178 10.9025003346459 9.46749993661545 10.779999953011 12.9049999598525 13.3749999797354 16.342499952752 11.2825001057364 7.53249994763446 16.312499840122 22.1899998614136 34.2824997849777 20.7200004768889 16.6874998822496 28.7475004410251 21.7824999077728 30.6550005244653 45.6874996847875 68.717500323369 68.8425008034817 71.0950000411187 52.5624997743149 56.2174998671946 51.2824999985729 60.3424998345591 55.3150003067871 60.3149989096039 106.750002161141 83.5000008087623 90.877498306766 68.4675024765334 57.7150009844021 91.8725014094792 56.3099995953938 84.0000000364553 96.3749999672602 83.6900006178547 72.8100012533661 71.2824993111898 45.2150014607713 66.6574981906307 35.8100008408956 66.5950002517514 63.562499144853
-9999 -9999 -9999 -9999 -9999 -9999 -9999 -9999 -9999 -9999 -9999 -9999 29.5949999402192 16.3750002230368 -9999 -9999 -9999 20.3149999828787 14.4999997584096 16.5625002217727 14.1250000836961 10.8424999731458 17.3449997442103 14.5600002154499 11.937500082634 11.4049998272067 29.4974993798418 51.3450001509662 30.8725005649343 32.8124995587078 55.0000007887515 55.5600004991712 49.6300011845893 44.4674996469507 22.7174999954219 26.6875002836981 70.0924988680566 58.8450012275457 57.6274987065355 82.8125017225017 38.6250002451637 51.7499987331328 93.9700002345442 77.2175009555568 92.1850009262349 62.594999969048 55.8099996328334 75.7799998730659 63.7800014223375 48.0924996784349 65.6574984524438 102.407499315475 81.7800023174772 54.2799993579663 56.3150008382476 75.3100012224913 70.5624991391686 34.9075007098171 51.6525000355121 39.4375007124568
-9999 -9999 -9999 -9999 -9999 -9999 -9999 -9999 -9999 -9999 -9999 -9999 42.3750002497022 -9999 5.37499998073994 -9999 -9999 13.9349999330662 17.3149995769456 13.9375002151157 9.72000008065223 11.7524999827891 14.8400001101447 19.9050001739162 16.1875003246401 14.1899996729504 18.1599994248446 28.5950006506564 -9999 70.7799995750843 128.250000423817 90.467501469501 54.027499422681 31.87500068494 19.1250000431301 30.9999998070109 68.3425005031922 87.8775005876489 55.9999997805927 87.2499999278298 104.030000600521 106.907500244126 60.0924994169745 98.1899984159898 72.340002348809 52.7499994739029 44.8425001203278 83.4050004966785 36.2800001048696 34.90750015586 42.4999998046728 43.277499172229 46.8150003571911 60.3750000413936 56.9650007753068 -9999 37.064999905577 38.6549995868931 47.5024997380213 30.6249999828599
-9999 -9999 -9999 -9999 -9999 -9999 -9999 -9999 -9999 -9999 -9999 -9999 -9999 -9999 -9999 -9999 -9999 -9999 -9999 -9999 6.93499994626609 8.71749987858549 15.7475001369852 13.7499999999995 14.8424998283384 27.9950001887672 18.7800004389025 -9999 66.2174987529151 98.4399985661863 146.154998461484 121.467501440582 46.8425003390332 47.4349988091721 54.1275008917433 25.4975003713685 35.7475003336961 39.9674996597335 48.0625004923174 70.157499492424 103.095000012371 72.3750003160676 70.4374995034127 81.3100013888966 99.0300008418027 75.4074997182933 51.4375009020281 69.8449983919919 92.2199996733547 85.8124994742628 108.030000297972 112.404999804721 92.997500724469 80.5000002193105 -9999 -9999 24.1574995268251 23.0625000086414 33.7800004759916 37.2499998372057
-9999 -9999 -9999 -9999 -9999 -9999 -9999 -9999 -9999 -9999 -9999 -9999 -9999 -9999 -9999 -9999 -9999 -9999 -9999 -9999 5.43499984888862 7.18749996285142 13.6549996053645 19.7824997610118 22.2800001355908 21.15749983367 19.7200001595187 26.339999872647 54.0924994583675 57.9050007525979 62.7800005016158 53.8774992049445 62.28000030638 83.2824994776291 67.687501183659 20.8749999183524 31.4375004220605 30.2824998748449 59.4074985699424 66.1574995209091 84.6249991496111 69.1575009973794 59.3750012406769 40.2175003095573 47.6549997703551 55.4699995541682 79.0000001786582 95.9399980868746 118.032501254958 111.155000903155 133.717498057104 140.437501039527 121.657498944972 123.562501435122 100.720002597296 51.1875000252903 24.9075002598047 31.9074991230428 44.2500001022474 39.4075001235971
-9999 -9999 -9999 -9999 -9999 -9999 -9999 -9999 -9999 -9999 -9999 -9999 -9999 -9999 -9999 -9999 -9999 -9999 -9999 -9999 3.31249992958129 8.49999996271655 10.5949999793622 12.7199999960038 22.9049997316333 26.5925003052372 21.4375000804178 23.6249998098972 23.3450004425359 15.7199998061737 17.314999800697 48.5949982231627 91.3100016499035 82.1574989281037 67.0300001014518 27.6249998144361 37.9349994945606 38.4050002756712 47.1249996671029 47.4049998870702 58.3749989657256 100.62999822476 43.7525009490469 42.4049994111142 47.5625002709113 89.2824975102021 117.812501068918 82.5300014720862 65.127499451535 51.6250006185968 60.0325003056039 61.2500000328637 59.7774997347807 89.4050008585616 101.59499981944 70.0950002104026 43.3125006148607 33.0924997775378 30.6875004981394 32.934999754276
-9999 -9999 -9999 -9999 -9999 -9999 -9999 -9999 -9999 -9999 -9999 -9999 -9999 -9999 -9999 -9999 -9999 -9999 -9999 -9999 -9999 6.74999998649177 8.37499996599062 14.4374998458803 18.095000119938 15.3799996514973 12.4700000479131 10.4074999738344 11.3749998227874 12.9699999589589 16.4999998408874 37.1524990234888 56.7524998133915 86.4699990038874 64.3725011017955 74.5349979938084 83.9375006123982 40.1250003497332 45.3150004774684 39.7175001091525 41.4374999158818 88.4399969212606 71.4675012006065 85.1874994575984 70.3149988820616 120.934999363246 103.87249829371 74.2175024355002 41.0599997214485 54.1250001537306 48.9999999593069 35.9700006334531 35.5324996720353 70.8450006748187 57.6899997553115 61.187500953519 45.8750002065806 25.5649997284916 24.0600004110999 28.6274998514121
-9999 -9999 -9999 -9999 -9999 -9999 -9999 -9999 -9999 -9999 -9999 -9999 -9999 -9999 -9999 -9999 -9999 -9999 -9999 -9999 -9999 6.94000005722048 8.59500000657164 11.3749999419144 12.4049999835301 11.9699999919394 7.43750003846091 9.62499988396761 12.9349999356914 19.3449996243457 17.812500211915 -9999 32.4399999663799 43.5899992929944 71.8424988770977 114.842499645564 140.654998915551 75.3150012494023 45.3450001063402 59.6249994538052 37.4999999405509 41.4074996560021 82.0300001573254 112.78250071514 138.00000159327 104.999999060183 121.372501007554 57.907499908972 70.1849995992657 66.3750009304493 31.3125003458837 21.9699995547547 45.4374996951751 76.5925009053892 57.5650000511765 55.9674997770411 57.282500319772 18.8100004821529 16.0324999370999 23.1899995159517
-9999 -9999 -9999 -9999 -9999 -9999 -9999 -9999 -9999 -9999 -9999 -9999 -9999 -9999 -9999 -9999 -9999 -9999 -9999 -9999 -9999 7 7.62249992577421 12.5024999406369 14.5324997883972 19.7525000398518 17.2500002627465 15.249999908748 19.5324997137753 28.1550001652748 22.8799992038656 44.564997892869 78.0324996791965 74.6599978099343 107.530000559213 116.842497363528 116.844999419742 142.940003012787 124.122501815881 79.4050027156404 43.9075006750663 49.0625015856497 57.8099998456092 94.4699992840179 89.0624996191645 81.7800011978942 82.1550005814294 58.5325007126773 62.3450000318685 42.5325007626805 22.9999999837232 32.8775003744237 36.657499306522 70.4399986306807 87.6550004177606 86.0000001507787 75.4350014306278 34.1549996167214 23.749999931832 35.812499704395
-9999 -9999 -9999 -9999 -9999 -9999 -9999 -9999 -9999 -9999 -9999 -9999 -9999 -9999 -9999 -9999 -9999 -9999 -9999 3.84250003651272 -9999 6.12750007086394 7.03250000317095 11.815000029822 15.0324999164595 23.7199997085174 27.4674996648611 34.9374999331193 38.8150002094856 33.5624998679782 28.9375000285906 44.0349996499945 75.5324992497281 84.0324990037153 87.2499997454226 100.562499265025 120.030000240226 127.407500933364 111.375000246039 137.872497402527 56.1225009251182 54.5924994226057 109.312499278777 114.810000101151 145.342498902875 166.970001487378 120.535001538301 58.5624994942011 33.1275003990427 48.7799994355492 60.6274994867945 62.8125008470993 68.8100003082961 68.7800005892451 66.9374994379715 45.842501279241 50.9349994153961 49.2500000806581 35.9675005784063 29.8749994158817
-9999 -9999 -9999 -9999 -9999 -9999 -9999 -9999 -9999 -9999 -9999 -9999 -9999 -9999 -9999 -9999 -9999 -9999 -9999 4.21750007966157 2.68499991595343 3.84249995612507 8.90499986419062 15.8125001084107 23.2800000183348 29.2149998510559 25.5299997100441 23.4375000280324 17.2524998966445 11.8750002920895 10.1575000554774 14.5299997310229 52.5649997080299 70.0600009154958 109.934998997782 110.874999725351 131.532497064298 157.565001674547 144.157499205433 168.910005061182 82.250001658517 55.5900005707338 83.562499829102 109.282499471475 112.059998429426 160.125000951497 100.310001488379 32.3474999294408 29.9100004387826 24.1875000160195 31.5624999389632 41.9699991352353 42.8749999917722 86.3100008018262 65.6550011219964 60.4399977259793 68.5299997774479 36.4375000679513 32.5625000253945 26.5000000253616
-9999 -9999 -9999 -9999 -9999 -9999 -9999 -9999 -9999 -9999 -9999 -9999 -9999 -9999 -9999 -9999 -9999 -9999 -9999 1.88000005483649 3.43749993977596 4.43749996331018 4.18749996258875 11.1249996177334 27.6225000883974 30.6250008032719 17.7824997673994 9.06250018291882 3.74749996050035 4.44000001440202 9.93499988157548 13.2225001201069 23.6249997161098 65.1549989140845 112.592500467315 126.279998380259 143.279998508553 119.595003322804 88.7500001058982 69.6874985324025 35.5650001126882 33.2149990968446 52.9074985278993 101.249999508301 140.719998836236 121.717501063753 53.6575006744011 23.2500000201468 24.5325004830941 36.5325003534081 59.8425004527518 54.4075001810262 69.5600006118104 96.7800010116232 70.0349992539178 58.5624999874421 57.0625005181356 29.4975000995283 40.6224992401586 25.595000595023
-9999 -9999 -9999 -9999 -9999 -9999 -9999 -9999 -9999 -9999 -9999 -9999 -9999 -9999 -9999 -9999 -9999 -9999 -9999 -9999 23.2799998492591 34.2824997144069 38.8424998095538 24.0325003145097 13.5324997125262 29.437500064656 28.562500665786 14.0925001737393 5.0625000282116 4.62499997859073 9.46999995504921 13.9699999797222 22.6899993946152 38.1849991215716 65.6274991082607 86.5625004304014 89.9699994047863 78.1850010385889 117.752500148333 72.9699992830377 36.5300007749068 17.4074994032989 32.7474996286293 69.0924987865959 88.4050014030984 46.0950007192086 52.9725004932014 46.3424999550768 40.184999868083 42.9049994269388 67.1850010640367 71.3450001997825 45.9674994222274 42.3474993692328 63.3149984311496 79.6249983007555 -9999 -9999 -9999 -9999
-9999 -9999 -9999 -9999 -9999 -9999 -9999 -9999 -9999 -9999 -9999 -9999 -9999 -9999 -9999 -9999 -9999 -9999 -9999 -9999 39.3099993184002 23.6250000472825 24.0949996389128 40.2800000092422 39.0299999484575 20.4050004095615 22.4074996521457 35.4399998600776 37.0324998946834 28.3125000284097 30.2175001829429 30.6525000966165 32.9374993850075 32.4725009275503 25.3725005191727 41.4074989162549 76.0324989442986 100.437499458551 118.032500363778 101.282504323382 29.9400012658611 17.4975000574491 37.2500000620536 -9999 -9999 -9999 -9999 -9999 -9999 -9999 -9999 -9999 -9999 -9999 -9999 -9999 -9999 -9999 -9999 -9999
-9999 -9999 -9999 -9999 -9999 -9999 -9999 -9999 -9999 -9999 -9999 -9999 -9999 -9999 -9999 -9999 -9999 -9999 -9999 -9999 50.3750003318376 25.0324998829981 23.5624999829961 24.8749998561535 41.5924999183258 51.3150007493611 39.0624995825958 27.5000001019451 22.5600004513747 15.8450002230078 21.0324994722468 28.8100006799431 25.2199997666136 20.5275005908862 21.7150005771472 25.9399992573554 68.7799995194841 122.374998924915 -9999 -9999 -9999 -9999 -9999 -9999 -9999 -9999 -9999 -9999 -9999 -9999 -9999 -9999 -9999 -9999 -9999 -9999 -9999 -9999 -9999 -9999
-9999 -9999 -9999 -9999 -9999 -9999 -9999 -9999 -9999 -9999 -9999 -9999 -9999 -9999 -9999 -9999 -9999 -9999 -9999 -9999 44.815000986612 21.2824997831751 19.1249997891372 -9999 15.18749999655 -9999 -9999 -9999 -9999 -9999 -9999 -9999 -9999 -9999 -9999 -9999 -9999 -9999 -9999 -9999 -9999 -9999 -9999 -9999 -9999 -9999 -9999 -9999 -9999 -9999 -9999 -9999 -9999 -9999 -9999 -9999 -9999 -9999 -9999 -9999
