socal_rasters/toporuggedness_SPHAsouth_aggfac2.asc
NCOLS 210 
NROWS 130 
XLLCORNER -119.45 
YLLCORNER 32.483333333 
CELLSIZE 0.0166666666666667 
NODATA_value -9999 
[rows 0 to 25 of 130, columns 0 to 59 of 210]
-9999.000000000000000 -9999 -9999 -9999 -9999 -9999 -9999 -9999 -9999 -9999 -9999 -9999 -9999 -9999 -9999 -9999 -9999 -9999 -9999 -9999 -9999 -9999 -9999 -9999 -9999 -9999 -9999 -9999 -9999 -9999 -9999 -9999 -9999 -9999 -9999 -9999 -9999 -9999 -9999 -9999 -9999 -9999 -9999 -9999 -9999 -9999 -9999 -9999 -9999 125.842500895178 -9999 -9999 -9999 -9999 -9999 -9999 -9999 -9999 -9999 -9999
-9999 -9999 -9999 -9999 -9999 -9999 -9999 -9999 -9999 -9999 -9999 -9999 -9999 -9999 -9999 -9999 -9999 -9999 -9999 -9999 -9999 -9999 -9999 -9999 -9999 -9999 -9999 -9999 -9999 -9999 -9999 -9999 -9999 -9999 -9999 -9999 -9999 -9999 -9999 -9999 -9999 -9999 -9999 -9999 -9999 -9999 92.3124999978271 76.3124999376529 106.90999961647 91.7175009081185 67.9050007499842 81.0349977747804 -9999 -9999 -9999 -9999 -9999 -9999 -9999 -9999
-9999 -9999 -9999 -9999 -9999 -9999 -9999 -9999 -9999 -9999 -9999 -9999 -9999 -9999 -9999 -9999 -9999 -9999 -9999 -9999 -9999 -9999 -9999 -9999 -9999 -9999 -9999 -9999 -9999 -9999 -9999 -9999 -9999 -9999 -9999 -9999 -9999 -9999 -9999 -9999 -9999 -9999 -9999 81.3774987274139 60.5324984590582 54.719999440031 113.655000789271 90.1874998571206 125.684999418424 121.187499955061 102.717500833054 128.284999712797 114.502498829632 72.5950001872383 121.99999968782 -9999 -9999 -9999 -9999 -9999
-9999 -9999 -9999 -9999 -9999 -9999 -9999 -9999 -9999 -9999 -9999 -9999 -9999 -9999 -9999 -9999 -9999 -9999 -9999 -9999 -9999 -9999 -9999 -9999 -9999 -9999 -9999 -9999 -9999 -9999 -9999 -9999 -9999 -9999 -9999 -9999 -9999 -9999 -9999 118.902502010439 110.812499916911 128.720001196442 106.467498850814 85.0324993937909 66.5625010279825 47.7499999044447 98.1249998036149 102.187499842431 131.434997396545 127.434999606486 102.625000100086 66.9350004663245 135.532499116033 107.717500781691 113.657501520524 110.904998730987 92.9050009341404 -9999 -9999 -9999
-9999 -9999 -9999 -9999 -9999 -9999 -9999 -9999 -9999 -9999 -9999 -9999 -9999 -9999 -9999 -9999 -9999 -9999 -9999 -9999 -9999 -9999 -9999 -9999 -9999 -9999 -9999 -9999 -9999 -9999 -9999 -9999 -9999 -9999 -9999 163.815002442287 173.059997324317 169.187500204965 108.845002466153 113.690000134354 109.500002058127 113.532499410939 105.749999159919 84.2800004503957 83.8125000828761 33.0299998561474 51.5300002799553 101.969999377384 -9999 90.9675007073119 87.1550006245548 107.405000556939 145.624999898461 104.220001237867 101.062500201607 109.469999201446 106.469999421887 89.0300007531777 67.2499999972069 -9999
-9999 -9999 -9999 -9999 -9999 -9999 -9999 -9999 -9999 -9999 -9999 -9999 -9999 -9999 -9999 -9999 -9999 -9999 -9999 -9999 -9999 -9999 -9999 -9999 -9999 -9999 -9999 -9999 -9999 -9999 -9999 -9999 -9999 84.9700008805793 130.282501187336 142.437498243508 106.500000013106 88.1874991877554 84.0624999825437 102.469999119604 89.9699993283437 129.154996789301 144.934999616086 127.372499818941 71.3125009674743 44.4374999055364 64.6549998300995 69.1575000703696 74.0000000046225 -9999 56.7775000109865 85.0924996278876 85.0950007663051 64.9975001655084 73.1549998116214 61.717498736204 73.0024986510344 85.1874997872672 103.689998670055 106.344999275739
-9999 -9999 -9999 -9999 -9999 -9999 -9999 -9999 -9999 -9999 -9999 -9999 -9999 -9999 -9999 -9999 -9999 -9999 -9999 -9999 -9999 -9999 -9999 -9999 -9999 -9999 -9999 -9999 -9999 -9999 164.624999960693 69.5649988169135 61.4725008177386 99.3124998600868 120.875001901562 128.405000561663 131.657501184574 143.342498727844 109.282497611339 106.00249847401 90.0324991707946 94.7824992386013 98.1249999888193 106.907501163109 82.0300009580609 52.8725004196702 65.25249865667 48.622499555501 43.7474994833121 -9999 33.2449989198326 28.5925006861068 -9999 25.5925001278253 30.877499579518 63.1274995538321 61.8425006806641 75.6249997954551 88.6274988277223 77.407499841702
-9999 -9999 -9999 -9999 -9999 -9999 -9999 -9999 -9999 -9999 -9999 -9999 -9999 -9999 -9999 -9999 -9999 -9999 -9999 -9999 -9999 -9999 -9999 -9999 -9999 -9999 -9999 -9999 246.34249888643 168.747497788869 168.904998634817 117.592498972868 81.0000002535932 89.9999997601568 122.747499634725 69.7499999356065 88.814998663288 83.8100012560046 97.9699993717054 108.344999393966 115.095001265619 75.7175008109427 79.3774988874342 80.0974978730684 52.94000058606 56.5000008103459 57.3750000332938 47.0650005975397 30.9674996999575 37.3749999929082 -9999 -9999 33.3750005031985 32.8099994531772 36.5950006482392 64.7825001564481 47.8399991186477 77.0299997061845 81.1250001200742 98.2175005169619
-9999 -9999 -9999 -9999 -9999 -9999 -9999 -9999 -9999 -9999 -9999 -9999 -9999 -9999 -9999 -9999 -9999 -9999 -9999 -9999 -9999 -9999 -9999 -9999 76.0950001199961 85.4350013331228 126.342498633491 156.904998738926 170.874999852407 150.220001263294 178.937499943965 152.84500127217 105.872497989788 68.6850002037617 122.907501374273 86.7824991197478 113.374999979925 81.0925008588633 85.8124998878637 87.1899987379517 88.467500605957 78.5624999811837 110.969999540086 67.5275011628653 45.4075002113319 50.3750000304083 43.220000458434 49.9700001451443 41.4374999792093 32.6849999251065 50.782500208555 52.375000169611 49.6250000025038 36.8150000840857 51.9674997284484 53.0000000463089 57.8449991548727 64.8750000027487 75.0300005393017 92.3425008932563
-9999 -9999 -9999 -9999 -9999 -9999 -9999 -9999 -9999 -9999 -9999 -9999 -9999 -9999 -9999 -9999 -9999 -9999 -9999 -9999 -9999 137.74999835536 106.717498701197 100.405000727893 93.7500001041053 69.8749989884686 69.250000969502 79.9074991502092 107.877500523126 144.124999984501 114.120000891624 72.7825000243211 56.6549998039473 52.3749999312437 124.997497273756 110.472497873543 104.28000083257 81.5949992824994 99.1249999953676 78.6225014835835 92.4999997110213 -9999 72.7200003993779 75.9350004996109 63.1250001380829 46.4700002426183 51.6549997557015 49.1575004263205 40.4674996467114 40.187500080289 30.5325002230127 28.6574996494313 27.9374996333717 43.5025003003925 34.3450003886722 39.3399992843208 30.6549996648932 39.5325002704808 48.4700001490564 41.6850000919524
-9999 -9999 -9999 -9999 -9999 -9999 -9999 -9999 -9999 -9999 -9999 -9999 -9999 -9999 -9999 -9999 -9999 -9999 -9999 132.217498821869 173.065000370216 194.720001315355 165.440002518724 144.904998795857 146.375000023996 90.5925007167516 55.6250000506036 69.5650003351775 125.999998038203 148.030000530644 125.21500015729 137.564998935599 113.969997350512 105.809999286079 121.469999410049 128.845003110633 111.217500875254 84.0925005573054 89.0300005492653 117.777498194811 84.1200029244314 -9999 -9999 48.5325002987233 41.5325002877208 35.4674993902192 38.4999994333253 37.2525000686061 39.0624999664358 48.7825002368367 30.6899996201067 26.9074997957456 30.2524999858025 36.8750000255395 29.8775001599803 32.6574992385922 21.8149995250358 35.4674997487237 31.0950003361786 31.2199997440612
-9999 -9999 -9999 -9999 -9999 -9999 -9999 -9999 -9999 -9999 -9999 -9999 -9999 -9999 -9999 40.7499999393404 87.4374999113997 104.155000645502 118.812498108512 114.532499346618 145.624999883068 191.842498649228 186.717498840237 125.684997579371 156.467498664369 148.782501302009 103.500000004465 124.999999783383 178.56500231759 129.655002679547 100.124999951255 113.252498546253 158.470001109385 119.184999649818 125.092500664022 118.590002036616 108.280000679251 79.3749999874626 98.5649986681043 118.782499204509 108.719997669391 86.4650020495542 95.1899985586893 72.3750009879044 77.9375008899174 42.5925002777016 40.2774992582599 21.8125000407637 26.5299996606503 38.5924998044598 23.9074997365331 30.0624995735583 28.9700002287404 23.6250000497424 19.124999976586 26.5299996276365 26.2800002751832 26.4074992454435 51.1224993947376 48.5325002507207
-9999 -9999 -9999 -9999 -9999 -9999 -9999 -9999 -9999 -9999 -9999 -9999 24.5600004007994 55.2200002397845 54.3449993363661 35.8749995486697 35.7174997044196 41.8450002446824 55.40749929548 76.5949983310686 101.219999254431 130.812501925324 133.68749987761 201.562500031413 212.497497548094 215.562500054153 124.160001782874 131.500000097147 195.812500148253 123.15749930172 100.03249926715 81.8425006005619 172.717498856466 104.499999980813 94.4999999975727 104.282499360363 103.530000776817 90.4999998953237 100.280000760592 105.844999384559 97.0624999275154 55.1875010299481 72.4675007246733 60.4375001484821 52.6875010524747 48.9674996455438 38.2824998972959 25.8425002477595 27.7800002207325 20.5300005338508 20.8149997091758 25.6250000467113 20.7500000488213 17.06249993999 19.9700001189275 24.747500406424 35.2524995089067 38.7199997991886 36.999999577558 44.0624998921164
-9999 -9999 -9999 -9999 -9999 -9999 -9999 -9999 -9999 24.0925002044675 23.5625002379339 46.0024991098813 61.4074997459133 84.2849979589133 75.8425006677961 103.062498076393 96.4675007112805 88.7800006868581 88.2824992923982 123.060001251396 129.250000101773 84.5325003786129 95.4699992282464 139.345001061682 173.529998810598 185.470001154071 198.467498854852 188.809997564459 184.999999948272 122.530000952482 65.7799998163475 61.1574991190171 120.687498177941 113.875002004883 63.717500834418 62.7824993188085 81.5324992118559 88.6850001135272 112.127500485348 95.2199993741325 60.8450004424679 62.1874999098609 65.0974998225433 74.2199992432532 70.3775005903772 63.0624999533275 51.8425008891989 35.9374999932422 36.5650005213723 31.6275000619975 28.2199993380401 21.4099994289861 9.74749998663603 8.93749996297079 13.8124999882918 18.2775003240877 31.0024995898187 28.8425002434539 31.2174996875539 33.9675002645065
-9999 -9999 -9999 -9999 -9999 -9999 -9999 -9999 32.0000009553011 37.5000004779634 64.2524985878393 94.6249999456473 154.062499956118 145.750000034791 119.374999984079 134.217498728817 129.812500049204 131.999998066321 135.282501246954 124.717500738094 80.6250020072095 56.8750000502936 77.1874998802646 100.78249731882 114.784997962572 108.152502108948 105.375000002544 104.124999948176 103.215002126947 68.6250010565014 31.0900000076911 29.0925005524601 73.1249989261588 80.5275020875302 93.6574992199141 110.344997328525 108.684999744697 56.3125005350247 39.6225009993428 21.7850000881777 30.9050001155478 50.3424997027455 53.1875009770176 54.0950001814012 70.1874999447486 70.9075003740246 43.8150006561339 35.2200002302126 27.5325002768981 32.6549996791983 33.0975003537997 34.5650005304162 24.6550002843828 15.3799999270944 12.8749999375663 24.939999549865 34.624999986513 36.2799997487798 31.2800002216426 27.4650001263387
-9999 -9999 -9999 63.9075012275775 71.9050006705893 -9999 -9999 30.5299996942355 31.812500039167 55.0924996752475 78.7775011189198 70.9099979303043 96.9999980687599 100.875000010281 72.0300007089411 80.7824992824643 76.9375000318677 72.5324993373398 49.8775005671548 36.0299997652804 31.4999995094626 32.3449997632654 39.5599994380185 75.0950001888151 77.8425006711286 84.1874999975389 75.687500018338 61.4374991053677 37.0950003320028 20.0900006691939 7.37500002550202 5.72000002373853 12.8099998915847 37.6249999184361 47.4025011099664 47.2199997863841 38.1550002816599 24.5299997307654 38.9699997199401 54.6250004533267 74.0924986802246 97.4999989898487 90.2800007865619 59.6249991605511 66.9399984832763 60.6874991571307 45.6224994892517 42.6550002080959 50.1250009652628 41.9100003236946 35.3424998324265 31.8449997428897 21.8449998434157 13.53249984959 7.65499995505303 20.7499999191445 27.9074997558298 35.9074998595274 33.7175002272893 47.0325004168315
124.655000685636 143.997499452863 77.4975013800282 45.0325002792483 66.5624999755181 61.8125009587645 -9999 48.7825006958157 43.374999987414 51.3750000328979 36.3150005413389 40.5950002619569 37.2825002468936 47.9075002568858 37.1600008164874 50.8099994881365 43.0625000118332 34.344999814611 38.1900000183658 37.6549997387832 29.4375000053838 41.2799997378581 27.6224999336474 45.6549997029611 56.9074993048725 47.1850004373085 38.2200002819181 25.5025001005797 13.3450000582229 6.75000000845206 9.56249997597778 18.3750002068389 37.3450006550622 64.6550006374446 62.7500010038473 79.4050005531722 116.059999436313 110.87499999462 129.594999322099 138.285003630504 145.092500669763 139.717498858043 116.407499268202 116.309999636215 69.7199995613854 83.7524993186775 111.937501860767 87.127498788798 81.8400019540077 83.1525020416554 74.2199994055149 53.5000001068692 35.1850000342903 20.8449998278812 23.3749999596203 22.282499806772 19.8774997931772 37.8699992934352 75.3424995018961 99.6550007086624
-9999 -9999 106.744998956547 71.9675006805975 68.0625000041974 103.062499968901 123.282501219831 105.752498645878 65.9399995911349 74.9025002089429 47.7799997243165 38.1250000104347 43.3099994578739 60.4674987688206 50.7500000360021 54.7174997453845 37.6875000291521 19.342500198728 27.9074998155637 29.0649995761765 31.8749994727943 49.0950002919072 39.1900005340528 22.5300002571826 20.1574997694453 26.9374997493954 31.0025003038791 24.1900000776108 37.5000006561156 62.7799996805496 75.2174996852789 66.5950003079938 92.6250006729135 113.530000575102 112.157499315421 86.9975014723954 66.0950011732332 56.4724997842862 62.7175015856499 81.8749989727731 69.810000535595 65.7175006564882 84.7199992245778 113.097497836768 98.2824994530064 77.1249998382293 91.5600014065623 107.312500091805 104.062500061339 86.5000000425283 86.7849979816193 79.5925014860867 62.5600005912328 46.1249996777237 33.8450002625563 38.6575002583938 39.2474994457158 60.2174994028811 104.624999898006 112.532501451519
-9999 -9999 -9999 62.8475007917862 87.2150020549611 102.750000015609 106.874999994101 110.874998125403 74.3125010019695 42.1575002880165 45.3124999962426 42.4375000197573 44.7200002671738 50.3125000032347 66.2475004231017 54.7474994603991 37.5299997961524 22.4074997807858 36.7174997080183 47.4674997518276 28.527500167015 20.5924999932149 18.7525002666163 47.9349991349398 89.3775013760029 124.53000064431 119.905000766048 92.7800006942036 73.0324983130795 70.1250009402791 66.9024993586881 36.4675002966296 46.4999999612338 57.5625009808306 54.7799997638674 50.4674996630635 66.9975013123484 70.2499999785115 70.1574993166024 57.6250010535829 34.5349999155247 28.7175006544357 42.6274990315313 64.5950002405515 64.157500314242 56.8099995158996 50.9999989176125 71.6875008947762 71.0324993266314 93.2824991745585 90.3124999891568 110.187497952569 101.002498698127 83.4675007217321 68.1250009874835 54.0625009986516 42.0325002191769 93.4675004264752 123.559999717265 127.842498623814
-9999 -9999 -9999 -9999 85.1899986012767 104.685001373427 62.7199993238159 53.2824993172042 46.2174997304265 32.1549997088197 55.905000227487 31.0299997237865 37.7200002400051 45.1874999912915 40.5625000031156 49.8124999345356 39.809999491141 36.9374999970767 24.8149995971549 12.8400001639757 7.65499997604594 29.3774999530759 82.812500839307 131.030000626341 126.282497545443 120.062501877506 77.8750010491617 49.0649996808377 46.1575007258144 34.1250004697914 37.2825002870277 36.1275005378197 37.1249999891428 42.0299997165938 41.7499999942638 56.5349997613975 76.8149985944376 82.6225013616467 84.9074993009524 90.8725013459376 81.9375000898916 57.5324993485117 51.0949994325899 40.6550002155486 31.3450003206497 31.6575002447476 32.4974995114466 41.8424997595937 60.9050005934878 70.7199989784041 121.374999868681 133.559997676594 99.2199993289963 102.155000756216 66.659999080414 72.1574994597504 48.9674998050926 59.6249987923494 76.5325003012374 63.4375000709324
-9999 -9999 -9999 -9999 -9999 -9999 -9999 61.2825002594093 48.0299997580346 42.6574997517509 61.532500281202 35.5925002135032 35.4999995464136 36.7175002115675 36.0949998083584 34.4400000465102 41.8450002550282 37.5950003019085 13.8775000841502 8.62500000044635 17.5949999828502 70.4050005729811 56.8124991129347 66.5924997108431 63.2174988264082 45.7800007374918 32.0925002291169 26.5000000177506 28.0925001836022 25.4074997961891 25.2499999999978 25.3725004278872 20.750000012412 22.9699997762485 20.7524995565051 25.2499999728892 29.0300006809343 28.7800002353026 25.6575002720721 29.907499762408 41.1574997346415 50.1575002477448 47.6600008340462 42.8125000166583 41.624999972381 42.7200002675523 53.157500102211 72.4699994715094 47.7799996177745 59.8725004089841 78.1225012539898 101.312501833574 120.937500058903 105.937500102206 89.189998668339 93.4399988863296 40.6900003080623 18.6250000274515 17.2200000320756 17.4074997795708
-9999 -9999 -9999 -9999 -9999 -9999 -9999 -9999 45.7775011706857 49.6574992742286 62.2799997338549 48.6899995922113 48.8450002815227 39.9374999951687 40.1275005274815 36.654999744625 26.0974998665095 16.2824998066743 8.62500000307139 23.6900004470226 77.2199993214276 50.6850004735074 47.2799997670757 32.7824997927226 29.000000472156 29.1574997862205 28.4999999918015 30.7799992531956 29.9050002319574 22.4350002100933 18.3450000282577 20.0324997875774 26.4074997572151 32.5324997906046 26.4075003094766 25.095000240326 27.7224998521913 34.0000000170418 24.0000000036766 26.4074998019963 26.9075002675354 31.0025000423627 32.1575002664974 26.5950005422371 23.2499997435588 28.9400000181264 48.3150004041709 96.4074990293649 93.1550009256378 64.7825004979665 36.9049997407843 38.0650005094718 53.6250008960321 55.9374991127602 47.6249999817783 40.5925002806381 27.7475004924952 21.2499997725643 16.9350001965054 16.9374997715266
-9999 -9999 -9999 -9999 -9999 -9999 -9999 -9999 -9999 -9999 -9999 33.0324997881514 30.064999581587 24.9975001892637 20.0924999791914 16.374999764157 14.4375000007712 11.9075000413551 4.7799999764767 14.8150002384273 41.2825002472183 35.8099999597013 24.0650000845892 16.9050002145658 15.3125000064354 14.1575000295159 15.8124999930469 17.2475001851133 15.4074997973502 17.9699997708121 25.5924992579622 20.0000000173187 14.9674999849475 14.1274998091748 18.4375002285705 27.9699997295983 50.8424996933646 25.8750000340073 28.9375004731181 19.8749997795338 18.9724998565827 15.750000016884 12.030000220442 10.0599999459358 15.6249999788347 20.0049995919915 23.3449997774095 60.9349991473598 91.0325004411742 73.9675007934894 47.4049997865828 39.5299997373019 36.2499995482283 31.4375004755655 32.2200002884692 26.8749995629045 20.5600002216598 15.5650000832465 15.7499997504156 14.7175002359993
-9999 -9999 -9999 -9999 -9999 -9999 -9999 -9999 -9999 -9999 -9999 9.2499999999992 10.7499999961313 12.9374999977438 14.7799999698389 15.7499999999994 11.842500221412 5.34249997828683 1.96999999813691 3.65750002468246 12.9674999559873 11.6875000066695 14.3450000079513 31.4049996665289 52.5325002550432 50.7499995736809 19.0625002738198 22.4374999580161 42.5299996550939 58.3400011404134 51.3125000516861 34.3775005348109 56.0624999317941 39.3450008378281 18.0325000545297 19.7199997499328 33.5950002308625 36.8749999579017 40.7175001863843 17.9375000584126 18.0299999525275 19.9675001994753 22.9999999695747 31.6875004373462 39.5950002134104 46.9349993909749 70.8125008027178 92.5300006180864 86.0624999803363 71.6574995182939 18.7800005596811 12.9374999766447 18.0925001904096 19.2500000051066 17.3424999916282 12.875000017272 8.96749999097009 5.75000001515103 5.1575000195058 7.27999995502853
-9999 -9999 -9999 -9999 -9999 -9999 -9999 -9999 -9999 -9999 -9999 3.30999994277989 5.09500002429024 7.87499999773259 7.28250003050965 5.25250006129086 2.43750003139324 2.37249994152699 3.09500002574922 3.53250003022951 8.81500003178097 18.2174999598314 31.3124999382506 43.0000000201921 40.250000476287 32.5950003123789 14.7825002894765 27.2199997216091 39.4400005129446 40.9974999498639 41.3425006739366 45.0650005288311 52.4075002457182 54.282501303428 38.5924997827981 41.2174997003375 42.6275005340925 -9999 33.4675002038132 36.4374999896261 41.6874999845691 60.2825001664997 63.6875000932799 52.562500914249 68.2200001985344 67.5000000760172 49.3099994326589 87.8149986833895 87.2799998597494 47.5625012773316 7.96750000450905 7.12750005107519 8.03500007771221 9.90499995923519 11.3124999960986 11.5325000292994 11.0924999815849 8.43750001641417 7.46499991763206 6.65750002650858
-9999 -9999 -9999 -9999 -9999 -9999 -9999 -9999 -9999 -9999 -9999 -9999 2.09499999747092 3.84249997186622 3.40750003535313 2.03249999678133 2.3450000605863 2.24999996896205 2.59499999990238 2.15750002792129 8.18749996624433 30.7200002826596 20.9074995703036 11.2824998106686 6.15499997634714 4.99999999814938 10.6249999683713 17.5925002015886 45.2500003088348 64.8775005164588 72.625000998813 46.6874999045316 56.282499433193 35.6249995247459 16.7800002185007 26.9675001729703 34.1550001753825 35.9049993684608 35.5624999127085 45.0299997267885 55.6900005156583 63.2199993237393 63.2224988719417 60.5000000373726 38.5899992759039 46.3475008483005 56.782500146606 57.0925007654019 23.687499949044 8.59249994714762 11.9675002405151 6.87500001111072 6.34500003051461 6.47000002799679 7.12499999219451 8.0299999734019 6.37750006795453 5.59249997067612 5.31500006135342 5.65249990922679
