socal_rasters/topoWet_SPHAsouth_aggfac2.asc
NCOLS 210 
NROWS 130 
XLLCORNER -119.45 
YLLCORNER 32.483333333 
CELLSIZE 0.0166666666666667 
NODATA_value -9999 
[rows 26 to 51 of 130, columns 120 to 179 of 210]
9.24999999217766 9.73500012841085 10.0699999320732 9.89750004015117 9.53749991116937 9.16999984051096 8.94000029926174 8.43500019020517 7.82749998949764 7.81499993776384 7.50249994436487 7.51499986497898 7.42499995155707 7.58249997799503 7.75999986945617 7.77749991636817 7.84749983816018 7.45000006264772 7.33749997153052 8.18749998361954 -9999 -9999 -9999 -9999 -9999 -9999 -9999 -9999 -9999 -9999 -9999 -9999 -9999 -9999 -9999 -9999 -9999 -9999 -9999 -9999 -9999 -9999 -9999 -9999 -9999 -9999 -9999 -9999 -9999 -9999 -9999 -9999 -9999 -9999 -9999 -9999 -9999 -9999 -9999 -9999
9.35999989141476 9.69250010945334 10.2299997755092 10.2374999545564 10.1850001816736 10.0174999264618 9.83250022115671 9.60249996587 9.25250029993295 8.96500015481355 8.77749967886566 8.61500001079238 8.4199998411644 8.20250034523462 8.44750021925167 8.4525001083968 8.06499982974763 7.25749993678705 7.38250004518019 8.35500000655507 8.0874998688862 -9999 -9999 -9999 -9999 -9999 -9999 -9999 -9999 -9999 -9999 -9999 -9999 -9999 -9999 -9999 -9999 -9999 -9999 -9999 -9999 -9999 -9999 -9999 -9999 -9999 -9999 -9999 -9999 -9999 -9999 -9999 -9999 -9999 -9999 -9999 -9999 -9999 -9999 -9999
9.67499995024559 9.82499980764124 10.0324997868002 10.3124999977599 10.3925001620058 10.3800001149201 10.3050000674817 10.8724999458219 10.1900000589378 10.0124998118612 9.79500031745325 9.54000020403764 9.23000002286813 8.88999987158342 9.25250002704546 8.89499999437909 8.04999984718017 8.23750007953234 8.31750010796198 8.33999992242626 7.6374999331689 7.67500006936395 -9999 -9999 -9999 -9999 -9999 -9999 -9999 -9999 -9999 -9999 -9999 -9999 -9999 -9999 -9999 -9999 -9999 -9999 -9999 -9999 -9999 -9999 -9999 -9999 -9999 -9999 -9999 -9999 -9999 -9999 -9999 -9999 -9999 -9999 -9999 -9999 -9999 -9999
9.93749999942486 10.0199999797667 10.140000103267 10.3149998162081 10.5000002369923 10.5624999998802 10.5574998854384 11.2950000612004 11.012500065717 10.4300000679935 10.3150000584664 10.2400000102901 10.0874998601114 9.62750006703428 8.91499996596223 8.85999989845911 7.75750007186782 7.75750004444492 8.56499981351305 8.30999995210187 8.2850003172746 8.71499991119752 8.87000012152916 8.98499989372616 -9999 -9999 -9999 -9999 -9999 -9999 -9999 -9999 -9999 -9999 -9999 -9999 -9999 -9999 -9999 -9999 -9999 -9999 -9999 -9999 -9999 -9999 -9999 -9999 -9999 -9999 -9999 -9999 -9999 -9999 -9999 -9999 -9999 -9999 -9999 -9999
10.1675000184983 10.2449998846311 10.3250000467481 10.427500008004 10.5774998647027 10.6725001326757 10.7249999041495 10.8174998737096 10.8525002070188 10.6200001247194 10.587500095492 10.6275000563416 10.6124999539606 10.3375001005928 9.98500013659597 9.72249985219797 8.90750027784394 8.58250021580069 8.90750002794899 8.77999997325408 9.03749989913301 9.26500010193214 9.45000004605119 9.61999988473701 9.34500003716319 8.09500005666919 -9999 -9999 -9999 -9999 -9999 -9999 -9999 -9999 -9999 -9999 -9999 -9999 -9999 -9999 -9999 -9999 -9999 -9999 -9999 -9999 -9999 -9999 -9999 -9999 -9999 -9999 -9999 -9999 -9999 -9999 -9999 -9999 -9999 -9999
10.3775000566453 10.4500000467558 10.5250000946658 10.5999999034536 10.7650001022894 10.8625001915736 10.8150000569789 10.8749999990262 10.9299998290747 10.822499991576 10.774999857198 10.7699999809265 10.7100000396649 10.552500250122 10.3925001640508 10.2250001453795 9.9899997750275 9.75749993573691 9.50750017576033 9.3000001886041 9.67249989335214 9.58750009631302 9.66999983760333 9.42999983272244 9.12750006287643 8.31750013097082 7.76749991797189 -9999 -9999 -9999 -9999 -9999 -9999 -9999 -9999 -9999 -9999 -9999 -9999 -9999 -9999 -9999 -9999 -9999 -9999 -9999 -9999 -9999 -9999 -9999 -9999 -9999 -9999 -9999 -9999 -9999 -9999 -9999 -9999 -9999
10.59500002815 10.6349997513487 10.7000002851667 10.7699999799833 10.9149997208196 11.1449999787699 11.0349998512765 10.927499770753 10.9849998943598 10.9374997641777 10.740000011281 10.6250000012554 10.542500019959 10.4674997338633 10.3975000393026 10.2850000873829 10.174999715722 10.0099999930885 9.76750016595903 9.49500012664112 9.48749995298697 9.25999975528687 9.50750016744441 9.35500002126554 9.42749977677424 8.67249990134657 8.49999999888107 8.3400001579388 -9999 -9999 -9999 -9999 -9999 -9999 -9999 -9999 -9999 -9999 -9999 -9999 -9999 -9999 -9999 -9999 -9999 -9999 -9999 -9999 -9999 -9999 -9999 -9999 -9999 -9999 -9999 -9999 -9999 -9999 -9999 -9999
10.8099999425495 10.8224999903473 10.8575000757093 10.9249997129545 11.0550000643801 11.3049998254632 11.3575000812454 11.0325000294623 11.0200002193451 10.880000117408 10.7574999341149 10.6925001153198 10.6325001722939 10.6349999896987 10.64750004033 10.4000000987307 10.1849999451251 9.9949998879218 9.80250001231338 9.59500003154007 9.31250000496279 8.94749999384035 8.88499998964699 8.74499988912097 8.61749982930425 8.73250007170992 8.9050002142836 8.51749992947944 8.12750018167518 7.86750007175251 -9999 -9999 -9999 -9999 -9999 -9999 -9999 -9999 -9999 -9999 -9999 -9999 -9999 -9999 -9999 -9999 -9999 -9999 -9999 -9999 -9999 -9999 -9999 -9999 -9999 -9999 -9999 -9999 -9999 -9999
11.0199999809265 11.0075001717773 11.0225000377961 11.0600001807265 11.164999721295 11.4324998818449 11.4825000807622 11.1749999542638 11.0000000019628 11.0149998647547 11.1449999794314 11.2374999516885 11.247499943159 11.1974999918652 10.9975001844082 10.7424998318311 10.4549999276152 10.1824998891031 9.90750027112759 9.58750010002855 9.22499990946126 8.97999978227587 9.24499987930109 9.49250007483962 8.84750008900344 8.42999983750629 7.78999996968522 7.62999999382368 7.15750004037732 6.66999995936836 6.73750006793391 -9999 -9999 -9999 -9999 -9999 -9999 -9999 -9999 -9999 -9999 -9999 -9999 -9999 -9999 -9999 -9999 -9999 -9999 -9999 -9999 -9999 -9999 -9999 -9999 -9999 -9999 -9999 -9999 -9999
11.1499998548782 11.3049998278748 11.2049999237061 11.2125000952496 11.257500170354 11.5149998614536 11.592499978998 11.0524997731874 11.2650001029415 11.3975000372816 11.4774999612301 11.4049999733984 11.2625000493281 11.1849997048707 11.1324999338848 11.1124999527044 11.0274999158635 10.8799998783853 10.6000001478114 10.1949999393691 9.70250035016356 9.3274998690523 9.43750023365702 9.4525001096988 9.05749988790421 8.7000000549068 8.13499987908618 7.7699999831796 7.46500003990011 6.96500004051501 6.62749993872964 6.75499987428678 6.82500004739238 -9999 -9999 -9999 -9999 -9999 -9999 -9999 -9999 -9999 -9999 -9999 -9999 -9999 -9999 -9999 -9999 -9999 -9999 -9999 -9999 -9999 -9999 -9999 -9999 -9999 -9999 -9999
10.9649999125587 11.3900000981768 11.8050003082163 11.3975000401512 11.3824999328862 11.7849998311179 12.6449997582073 11.6824998905497 11.1674997864208 11.0824999780831 11.2574999311249 11.1424999273467 10.9900000092839 11.0050001146959 10.9924998284671 11.2250001350314 11.2599999928088 11.129999877335 11.0350000863596 11.0175001635893 10.4549999368507 9.59500003725574 9.19749999250391 8.99749994346448 8.95749998271987 8.73249984190359 8.50000000559432 7.7525000666551 7.71500014351474 7.71500016400602 7.16499996472636 6.90250003844046 6.80750012033804 6.92499995495389 7.0125000389813 -9999 -9999 -9999 -9999 -9999 -9999 -9999 -9999 -9999 -9999 -9999 -9999 -9999 -9999 -9999 -9999 -9999 -9999 -9999 -9999 -9999 -9999 -9999 -9999 -9999
10.6575000245841 11.3075001148144 11.6549999744302 11.4924998279849 11.4500000488723 11.5699999274918 11.6750001984636 11.2375001947516 10.7999999555059 11.0975000923831 10.8075001236038 10.9225001316312 11.0225000382736 10.7599999940318 10.7074999792572 10.8724997006097 10.9699997914946 11.0599999401543 11.2300000135202 11.5374999106253 10.2574999516185 9.63249993607966 9.45499968692008 9.38249993420188 9.22500014691382 8.82499981593262 8.43250012943222 7.8875000568368 7.5875000940916 7.62249994349324 7.54499995909613 7.42250013539469 7.36750006602943 7.56749987294508 7.82999992370606 7.26250006059882 6.86750006690651 -9999 -9999 -9999 -9999 -9999 -9999 -9999 -9999 -9999 -9999 -9999 -9999 -9999 -9999 -9999 -9999 -9999 -9999 -9999 -9999 -9999 -9999 -9999
11.4524998652201 11.437499999652 11.4950001214048 11.567500116681 11.4700000288479 11.4224998961742 11.2675001653853 10.9024999189165 10.5500001949059 10.3675000676228 10.0300002137952 9.91750001618635 10.4400002875436 10.460000283448 10.0850000381471 10.3124999957315 10.5399999602894 10.4424998790414 10.2049999255573 10.2574999293807 10.3925001633315 10.1349997555568 9.91250014590793 9.67249989879467 9.37500000441439 9.00999999629722 8.67000031639077 8.72250009160377 8.1224999463237 7.9725000874006 7.8525000823553 7.83500015880252 7.76499998598601 7.75999998841167 7.87999999611654 7.30750001412064 7.08499991535178 7.46499991056055 7.55500006282295 -9999 -9999 -9999 -9999 -9999 -9999 -9999 -9999 -9999 -9999 -9999 -9999 -9999 -9999 -9999 -9999 -9999 -9999 -9999 -9999 -9999
11.7200000433345 11.6024999580254 11.8474998447224 12.165000203573 11.6575000315816 11.3374998616215 10.9575002240549 10.5050001212571 9.91500020566908 9.66749977904759 9.80749988842451 9.65249991329041 9.88250016192136 10.2399997726476 10.0699999378656 9.98000001648652 10.2374999477555 10.6224999434359 10.4574999831744 10.6050000140128 10.6524999159129 10.4075000336084 10.0724999946805 9.79999995560422 9.60249996419826 9.40750003208295 9.05250001499143 8.83249998332041 8.49750018587661 8.29749989695135 8.1449999835127 7.95249986836581 7.97749996025167 7.8949999820989 7.99750006066142 7.88749993337341 7.68500006228773 7.58250010419554 7.57500015841942 8.11000001186883 7.72499991719703 -9999 -9999 -9999 -9999 -9999 -9999 -9999 -9999 -9999 -9999 -9999 -9999 -9999 -9999 -9999 -9999 -9999 -9999 -9999
12.0125000454978 12.0174999249818 11.8875000489701 11.827500105022 11.7075002216033 11.5050001175559 11.0499999600452 10.372499952152 9.34000016510074 9.54999993624437 9.61500024147691 9.9049999716407 10.0449998366104 10.0475001270145 10.5574998859445 10.4225001364895 10.5549998205202 10.9700000343856 10.8100001817268 10.6449999822582 10.6200001250506 10.4075000314469 10.1875000023126 10.1124999527272 10.0325000306794 9.83999991722515 9.55999994809415 9.17750001418357 8.91499996440481 8.78999996299472 8.61750007092358 8.37250018336743 8.27999997197201 8.25999999046319 8.30749988511651 8.25999999224461 8.10499990195578 8.02750015273811 8.17250000991686 8.23749995673213 7.61000002748251 7.05750000646424 7.08749997227962 -9999 -9999 -9999 -9999 -9999 -9999 -9999 -9999 -9999 -9999 -9999 -9999 -9999 -9999 -9999 -9999 -9999
13.0775001004178 12.1749997178413 12.0124998103176 11.9325001248029 11.7525000601918 11.5625000017971 11.409999850069 10.8700001337154 10.0474999055234 9.49499988679557 9.84500002088605 10.3550000158095 10.4049999741727 10.0500001943036 10.1500000902313 10.477499958878 10.8125002325549 10.8849999944011 10.7500000005287 10.9075000220844 11.4074997871064 11.0650000623537 10.8674998344607 10.352499964182 10.1900000605312 9.95749998439909 9.64999986170407 9.37249994573668 9.24999976214857 9.23250007672221 9.0775001087834 8.82749986923361 8.75749993338848 8.62749981953467 8.68499994189466 8.70500016153097 8.74750018075007 8.73749995276752 8.65499997350832 8.44499969969701 8.20000004952265 8.09249997339441 8.10500001472997 8.20500016493455 8.06500005376579 8.48000012564355 -9999 -9999 -9999 -9999 -9999 -9999 -9999 -9999 -9999 -9999 -9999 -9999 -9999 -9999
11.9974999426645 11.9725000861787 11.9249997148333 11.7925002597322 11.6024999636359 11.4650001559426 11.2275001996678 11.3625001896393 11.2300000345305 10.6275002992241 10.6100001305242 10.7100000389001 10.7174999707572 10.6724998964977 10.6375002852033 10.8450000242122 11.102499960159 11.1150000116369 10.8524999659518 10.6949999329764 10.7500002386868 10.5975000883973 10.7150001468744 10.305000074155 10.035000087762 9.88250017374492 9.78250002930942 9.67499995372429 9.64750003828864 9.58999991559649 9.45749998336887 9.30249977270897 9.19750023106546 9.03250002934284 9.11750030266826 9.25500011295631 9.34750008478475 9.36749982878962 9.30499982954902 9.24499988586346 9.24500012428392 9.25250005675774 9.29750013211798 9.39499997998975 9.44999980769447 9.47749972517217 9.2625000510215 -9999 -9999 -9999 -9999 -9999 -9999 -9999 -9999 -9999 -9999 -9999 -9999 -9999
11.8650000099969 11.8224999908112 11.7750000960691 11.6849999444301 11.5600001819112 11.5674998763818 11.5724999872027 11.8675000676093 11.6575002700957 11.4849998997939 11.1525001557026 10.9625000967484 10.9449999322309 11.0599999415051 11.1024999617247 11.150000094074 11.2174999712595 11.0725002298005 11.0599999417217 11.1050000198726 10.9874999548648 10.7650001078761 10.5499999553092 10.3399999169093 10.1924996388454 10.1700000746271 10.6149999972292 10.9200000917841 11.0125000449907 10.0924999798108 9.79000020285778 9.66249990477726 9.67000007687638 9.52750015478612 9.53749990094526 9.64750003740479 9.71749996944747 9.76499986648563 9.79500007508349 9.87000012336868 9.87500000000009 9.91750001799431 9.95500016181445 9.89250016165632 9.97250008661591 10.0525002468494 10.0150001068117 9.87999987762148 9.86749982785613 9.8425002099702 -9999 -9999 -9999 -9999 -9999 -9999 -9999 -9999 -9999 -9999
11.7050001623548 11.687500000348 11.5850000407198 11.4400002954033 11.460000038147 11.6125001872604 11.7550001146825 11.7525000556381 11.8224999962289 11.7649998630239 11.6175000743568 11.1949999357535 11.1624999034941 11.2699999793971 11.2900002012989 11.1524999168858 10.7050001738524 10.5824999666188 10.447499749797 11.1599998394216 11.2674999270593 10.9599998032406 10.7525000595331 10.6099998964657 10.5075001734546 10.3725001835595 10.3850002210497 11.2174999673063 11.3525002032491 10.8750002469821 10.5975003241055 10.0475001426258 9.71500015724662 9.19000006923714 8.74249983055138 8.82249998734609 8.9625000931266 9.19000005240912 9.56749987042386 9.69749999183395 9.55249977188462 9.56250000015456 9.2325000866884 8.77499986100756 8.90250014520714 9.50250004821519 9.93000006485008 9.89749979892908 9.97500014079923 9.96249985872883 9.87750005738324 -9999 -9999 -9999 -9999 -9999 -9999 -9999 -9999 -9999
11.4474999912685 11.3549997808868 11.4075000294288 11.2100000388544 11.2599999902256 11.4074997862378 11.8850002238098 12.0549998224962 12.6400001314019 11.9625000942548 12.0125000498017 11.565000301414 11.3700001234717 11.340000154882 10.7000000571855 10.6324996897795 10.8650000173553 10.4800000216988 10.767499916963 11.2174999648642 11.5050001168553 -9999 10.9950003645729 10.7124998620177 10.8449997904675 10.612499955789 10.6550002050532 10.9149999601632 10.8800001195446 10.6499998598034 10.1625001503784 9.9099998615852 8.86250020543847 8.01749981255636 7.82749998613742 7.72750008061694 7.78999996035889 8.19249974794166 8.50500011413807 8.27249992731227 7.71249997876257 7.73250007644763 7.33249999380237 6.79749989743694 7.19499991973664 8.37750004221096 8.69749999157562 8.53250014893839 8.77499984954904 9.12750005090932 9.40249991009976 9.74750041552349 -9999 -9999 -9999 -9999 -9999 -9999 -9999 -9999
11.2574999328977 11.1700000790777 11.0750000462804 11.2325000752329 11.1974999920084 11.5200002107187 12.3224999794737 12.5624999976873 12.6949999356962 12.3475000973282 11.9525001042813 11.9224998987365 11.5775001088255 11.2200000377866 10.4924998325759 10.7800002191219 10.9525001008646 -9999 11.4649999128472 11.6949999191261 12.4049999705848 11.8125000104015 -9999 -9999 10.9024999115481 10.9425001159688 10.8150000580597 10.7500000039428 10.7274997215915 10.5150001140387 9.85750008448334 9.29249978860942 8.7474999522423 8.24249982995048 8.41499996126301 8.69000004712561 8.5499999606828 8.05500006916301 8.09249997154112 7.86500001532307 7.30249990273877 6.74749994200867 6.66750002543407 6.51000010686287 6.84249996526494 7.50999997908789 7.42250002876946 6.65249991720761 7.03749989256857 7.49500012138898 7.76499997592905 8.8175000949578 -9999 -9999 -9999 -9999 -9999 -9999 -9999 -9999
11.1200001216769 11.3675000661773 11.6249999969594 11.4249999572682 11.3424999674675 11.7474999383465 12.1099998909898 12.6424999077605 12.585000269941 12.8475000859542 11.8250000521688 11.8924999208186 11.827499871419 11.4925000701984 11.0750000525633 -9999 -9999 -9999 10.7849998402721 11.7825000154258 12.0924999790349 11.5525002516025 11.1624999132031 10.8024997693372 11.2149999092031 11.1150000159264 10.5850000403847 10.4049999792753 9.93249989193847 9.28500033481062 9.06750011228561 9.0125000530348 8.62000036618128 8.60500001409116 9.23250009237138 8.59500003128232 8.2424999581555 7.7024999891531 7.71500015198252 7.56250000380667 7.19500006072626 6.78250003123132 6.73499989354451 6.82500004799594 7.02999996353746 6.96500016048729 7.06499993642164 6.5724998784496 6.46999990843576 6.64750002795254 7.16249989763346 7.82499990980954 8.86750005473541 -9999 -9999 -9999 -9999 -9999 -9999 -9999
-9999 -9999 11.122499944768 10.8650000109517 10.9400000553189 11.1925001071326 11.5899999127206 11.5899999146567 11.4149997207359 11.8749997514441 11.8074998916639 11.7174999697578 11.9100000827948 11.8050000731296 11.4174997830946 11.2049999278453 -9999 10.6150000142621 11.0749997976296 11.5325002668957 11.394999984414 10.9349997130066 10.4325001271068 10.6549999645402 10.8025000118818 10.9249997161204 10.7849998516079 9.90999986881605 8.95500017289932 8.52749991545381 8.42499995289088 8.5700001696366 8.76500009325743 9.13750004314097 9.13750005756608 8.56750012290259 7.84500004116026 7.78749989726507 7.58000005199422 7.07749999041536 6.85249996384506 6.82500004521676 7.27999996270199 7.60250024069846 6.83500003500607 6.38000012107663 6.60249995247526 6.73750007872115 6.52749991111295 6.95249997647128 7.23249995822429 7.24249994378244 8.19500014399521 -9999 -9999 -9999 -9999 -9999 -9999 -9999
10.847499853969 10.4300000693089 10.2474999442997 10.2999999499582 10.6499998507684 10.8999998581469 10.6150002501291 10.522500038999 10.700000043022 11.155000202885 11.5274999150414 11.2599999914675 11.5425002512937 11.8100001852765 11.6624999016793 11.5999999054088 11.4750001542576 11.2500000000001 11.2374999535062 11.1949999329763 11.1549999740723 10.5900001617737 10.3924999197611 10.0999999038106 10.7350001216506 10.8700001328677 10.5675001159794 10.2349999046714 9.36249972821677 8.40999985940132 8.25749992562796 8.62750005042265 8.54250002358638 8.730000013798 8.69999981575489 8.64750002701308 8.11750007796273 7.63499999437273 7.35249996745174 7.01750004580853 6.87999999645752 7.25000010965003 7.40500008966835 7.19000006127874 6.71250010369082 6.36999988713908 6.4200000712077 6.70749986219695 6.565000058829 6.54749989525754 6.7274999577838 6.83749997697692 7.33750006720689 9.11750004472752 -9999 -9999 -9999 -9999 -9999 -9999
10.3099999455405 10.2174999710418 10.3824996890937 10.9149999599663 10.8524999631604 10.8375000952476 10.822499991067 10.7899999599053 10.7250001405976 10.9975001753875 11.7600002214068 11.3425002214836 11.2724997930242 11.6999998082455 11.6850001796573 11.8650000105715 11.7374999558345 11.1674997873493 10.7275002051639 10.4900000108687 10.6075000715996 10.8150000583011 10.7274999606287 10.3675003209302 10.4674997201418 11.5500001899013 10.8699999001044 10.4925000685878 10.302500251783 9.84250021908522 9.13500023836381 8.92249989263688 9.1375000440439 9.40499997109649 8.77749993437612 8.08749997214998 8.35749983862237 8.03249991706928 7.64749992393104 7.52250003647181 7.62000000568749 7.68500005797999 7.63500000318443 6.93750000639979 6.70000004956828 6.83500003245923 6.8250000476837 6.98500001462488 6.57499993490868 6.68249999781009 7.25749992461576 7.50249993817479 7.5050001114766 8.87249991644346 -9999 -9999 -9999 -9999 -9999 -9999
9.74250006848253 9.95250009782858 10.5549998238946 10.430000071473 10.4849998903415 10.8600001313579 10.9774999578678 11.3350003021264 10.6850001787446 10.9500000439748 11.3724999366749 11.5849998017371 11.5225000349847 11.8625001875487 11.7250001448488 11.7149999133931 11.3199997016001 10.7549998849481 10.2074999852897 10.0774998658198 10.2624998067168 10.7599999812775 10.962500086525 10.4474999990941 10.5750000388549 11.8150000441633 11.9500000611104 10.7750001046614 10.4725000873902 10.3849999918905 10.2374999556208 10.1000001439191 10.0999999040504 10.0199999844436 9.55749989573653 8.937500005196 8.52999998035418 7.77250004792024 7.75250005010858 8.48000001328737 8.26749992876256 7.92250014045254 7.19499994968714 6.72500002602715 6.60000002604049 6.56249999763013 6.98000001112621 7.33500003462926 7.31499982008903 7.27999985379865 7.11000001918806 7.05749999772805 7.46500002481516 8.82499978309469 9.97500012972389 -9999 -9999 -9999 -9999 -9999
