socal_rasters/topoWet_SPHAsouth_aggfac2.asc
NCOLS 210 
NROWS 130 
XLLCORNER -119.45 
YLLCORNER 32.483333333 
CELLSIZE 0.0166666666666667 
NODATA_value -9999 
[rows 0 to 25 of 130, columns 0 to 59 of 210]
-9999.000000000000000 -9999 -9999 -9999 -9999 -9999 -9999 -9999 -9999 -9999 -9999 -9999 -9999 -9999 -9999 -9999 -9999 -9999 -9999 -9999 -9999 -9999 -9999 -9999 -9999 -9999 -9999 -9999 -9999 -9999 -9999 -9999 -9999 -9999 -9999 -9999 -9999 -9999 -9999 -9999 -9999 -9999 -9999 -9999 -9999 -9999 -9999 -9999 -9999 8.89750003649297 -9999 -9999 -9999 -9999 -9999 -9999 -9999 -9999 -9999 -9999
-9999 -9999 -9999 -9999 -9999 -9999 -9999 -9999 -9999 -9999 -9999 -9999 -9999 -9999 -9999 -9999 -9999 -9999 -9999 -9999 -9999 -9999 -9999 -9999 -9999 -9999 -9999 -9999 -9999 -9999 -9999 -9999 -9999 -9999 -9999 -9999 -9999 -9999 -9999 -9999 -9999 -9999 -9999 -9999 -9999 -9999 9.26999998066002 9.32250022892711 9.14750003763772 9.25999998942375 9.16000008775915 8.65250015470205 -9999 -9999 -9999 -9999 -9999 -9999 -9999 -9999
-9999 -9999 -9999 -9999 -9999 -9999 -9999 -9999 -9999 -9999 -9999 -9999 -9999 -9999 -9999 -9999 -9999 -9999 -9999 -9999 -9999 -9999 -9999 -9999 -9999 -9999 -9999 -9999 -9999 -9999 -9999 -9999 -9999 -9999 -9999 -9999 -9999 -9999 -9999 -9999 -9999 -9999 -9999 9.02999973147615 9.53999995751934 9.027499920033 8.9800002547399 8.98000002270108 8.6024999606031 9.08249997785506 9.3425002142918 8.73499989686574 8.80999970045186 9.38499998985039 9.2200000304833 -9999 -9999 -9999 -9999 -9999
-9999 -9999 -9999 -9999 -9999 -9999 -9999 -9999 -9999 -9999 -9999 -9999 -9999 -9999 -9999 -9999 -9999 -9999 -9999 -9999 -9999 -9999 -9999 -9999 -9999 -9999 -9999 -9999 -9999 -9999 -9999 -9999 -9999 -9999 -9999 -9999 -9999 -9999 -9999 8.09999990116334 8.32999992494328 8.15249991238618 8.71000003636153 8.74999999983392 9.29500007476425 9.23249983878762 9.11750030486506 9.07750010694471 8.37000012703355 8.23249983612703 8.33750009628331 8.37500023910664 8.11000024881433 8.7000000488072 8.58000016087578 8.77000021892103 9.06749987586027 -9999 -9999 -9999
-9999 -9999 -9999 -9999 -9999 -9999 -9999 -9999 -9999 -9999 -9999 -9999 -9999 -9999 -9999 -9999 -9999 -9999 -9999 -9999 -9999 -9999 -9999 -9999 -9999 -9999 -9999 -9999 -9999 -9999 -9999 -9999 -9999 -9999 -9999 8.39999961853027 7.98500025711382 7.63750004693162 7.81999993258101 8.232499954181 8.39750004050542 7.52750003532026 8.1224999389251 8.07500004593953 8.955000157366 9.68749999839289 9.45250010867719 8.99000000899259 -9999 9.06749987729801 8.61000013640679 8.06749999734553 8.33749997139662 8.79249978162516 8.45499992578706 8.18750000037075 8.3975000358273 8.96250009201861 9.35249996135041 -9999
-9999 -9999 -9999 -9999 -9999 -9999 -9999 -9999 -9999 -9999 -9999 -9999 -9999 -9999 -9999 -9999 -9999 -9999 -9999 -9999 -9999 -9999 -9999 -9999 -9999 -9999 -9999 -9999 -9999 -9999 -9999 -9999 -9999 8.18499970493653 7.80250001075507 7.8725000598536 8.48000001788875 8.68000030488945 8.58999991453691 8.73499989532208 8.58000016467646 7.6275000608263 7.2574999325531 7.99249994260565 9.09750008170936 9.7899999626347 9.62500000053273 9.51249980967335 9.69999980722811 -9999 9.42499995414842 9.10750031486025 9.307500119016 9.59250021098324 9.35249996294585 9.11249995311123 9.01499986756449 8.75500011531914 8.64750003842612 8.71000003735172
-9999 -9999 -9999 -9999 -9999 -9999 -9999 -9999 -9999 -9999 -9999 -9999 -9999 -9999 -9999 -9999 -9999 -9999 -9999 -9999 -9999 -9999 -9999 -9999 -9999 -9999 -9999 -9999 -9999 -9999 8.34249997415563 9.14250016648473 8.41750002146234 7.63250005395513 7.92250001354757 7.48000001853124 7.78250014666988 8.06749987498445 8.37000012316923 8.30749988559692 8.53750014162068 8.55500006762872 8.43250012369334 8.69000005614047 8.96500015046343 9.43499994243206 9.63500022675118 10.0374999036803 10.2649998648187 -9999 10.1000001436296 9.85250043952592 -9999 10.5750000502373 10.0499999551258 9.52749991676552 9.02250027985606 8.52999997204845 9.07249998471028 8.82999992938691
-9999 -9999 -9999 -9999 -9999 -9999 -9999 -9999 -9999 -9999 -9999 -9999 -9999 -9999 -9999 -9999 -9999 -9999 -9999 -9999 -9999 -9999 -9999 -9999 -9999 -9999 -9999 -9999 6.99499988294694 8.08000016037825 7.81999993597935 8.14250016347757 8.46000003796082 7.72999990306212 7.54250001647161 7.75499999665485 7.55250000936249 7.63749992836711 7.83500003689723 7.82000005207493 8.35999989192547 9.12750005519973 9.24250006898894 9.34750008354654 9.45749974331526 9.44249987502338 9.82250022759465 10.1574997881512 10.499999999074 10.3924999283841 -9999 -9999 10.8399999137683 10.8150000573227 10.2325000804042 9.55250001202702 9.21000027807602 8.95749998207942 9.0225000380911 8.78999995992165
-9999 -9999 -9999 -9999 -9999 -9999 -9999 -9999 -9999 -9999 -9999 -9999 -9999 -9999 -9999 -9999 -9999 -9999 -9999 -9999 -9999 -9999 -9999 -9999 8.33499968187577 8.29999995178056 8.37999987632596 8.27249979964968 8.43499994261633 8.38249993400321 7.71249997834138 7.72499990204647 8.55749988453522 8.04250002255908 7.54750001249365 7.80250012993202 7.78250002822683 7.93249988566637 7.66999995737862 8.07750010245301 8.74249982598006 9.2525000564676 9.52749991185631 9.85000014180513 9.81250023973561 9.89750003627918 10.6100001283652 10.3550000205245 10.4824998361623 10.4924998314101 10.4075000248016 10.8924999228702 11.0174999227537 11.2949998399182 10.3775000606023 10.0074999347792 9.62500024014463 9.47500014370979 9.16249990681072 9.35749983463716
-9999 -9999 -9999 -9999 -9999 -9999 -9999 -9999 -9999 -9999 -9999 -9999 -9999 -9999 -9999 -9999 -9999 -9999 -9999 -9999 -9999 7.17250001288893 7.61000001378956 7.9449999332877 8.23249995547035 8.45249986748388 8.18249988578676 8.06250000028885 7.94499993346041 8.42999982580351 8.89999985601731 8.71499991386873 8.77749991482081 8.19500005526617 7.87249993892621 7.94499981918444 8.11499988774904 8.57750010601409 8.08999991505152 8.42499994990298 9.0074996928524 -9999 9.70250010445792 9.8025002474154 10.0550000653127 10.3799998742851 10.5149998673733 10.4700000274313 10.6374998093116 10.6924998766367 11.0049998700445 11.2474999431237 11.3799998749198 10.904999975067 10.6050000191776 10.5074999349913 10.1824998863683 10.0750002870906 9.85249972427239 9.92250013323046
-9999 -9999 -9999 -9999 -9999 -9999 -9999 -9999 -9999 -9999 -9999 -9999 -9999 -9999 -9999 -9999 -9999 -9999 -9999 7.50749993419205 6.74500012487779 6.78249990860054 7.30000006963552 8.13000011502415 7.43750000039777 7.98000001654158 8.15249991535846 7.66999995850275 7.48750007128077 8.30999993855442 9.06249999927214 8.71000003910916 8.27250004066009 7.64499998207791 7.38750004771678 7.23250007626015 8.06250011534168 8.79749989355665 8.36500001335911 7.97749984049452 8.81000017779586 -9999 -9999 9.96499991333865 10.2999999500219 11.247499942649 10.8224999915729 10.8000001900093 10.9799997802845 10.9700002662727 11.0924999660386 11.3274998661414 11.2400000119425 10.8424999718494 10.9425001140766 10.7950000788371 10.5750002852392 10.4725000880815 10.2299997814368 10.2374999522594
-9999 -9999 -9999 -9999 -9999 -9999 -9999 -9999 -9999 -9999 -9999 -9999 -9999 -9999 -9999 8.80499982943341 8.18750012010714 7.77499985731654 7.74250006652775 7.57749998671866 6.97249984825366 7.06000006125011 7.90749990706003 8.23499989603808 7.50000000051494 7.47249996659708 7.73000001952862 7.09249997209871 7.28250014583307 8.29499983500227 9.04999995097705 8.9600000400714 7.66500020356007 7.37250018174184 7.16250002499461 7.25000011710827 8.1200000012144 8.47750020166779 8.35250007720289 7.71000015909077 8.22250020082561 9.25250005456573 9.63250016861802 10.2474999419074 10.6124999487898 10.8499999052405 10.9649999130152 11.1674997800655 11.2424998281072 11.1424999258324 11.2450001185783 11.4375000008358 11.3025002480055 11.1874999994383 11.3124997622579 10.9824998408955 10.6224999435887 10.5649998185824 10.5650000584493 10.4374999982391
-9999 -9999 -9999 -9999 -9999 -9999 -9999 -9999 -9999 -9999 -9999 -9999 9.57749986644975 9.59000015294894 9.19749999100338 8.89750003851687 8.67999982859056 8.53500008606443 8.38250017192609 8.17500019140475 7.98499989513472 8.25249993692323 8.39750003907058 7.81999981520029 7.67250001390759 7.55250001087596 7.06000006259618 7.10750007563751 7.21999990836694 8.02750014991202 8.97500014013974 9.04500007900009 7.87250006350884 7.8500001431789 7.79750001460133 7.90000021322099 8.52749991190439 8.68750000132453 8.0000000024992 7.99750006006551 8.63250016852947 9.68250012116433 10.0950000271493 10.4525001031182 10.9150001997616 10.767500162168 11.0025002939966 11.3324999797022 11.482500076155 11.319999936078 11.322499989258 11.2425000667082 11.2474999436316 11.2249999028961 11.1725001356477 10.8800001148648 11.1575000272615 11.0550000696119 10.529999973959 10.1949999342654
-9999 -9999 -9999 -9999 -9999 -9999 -9999 -9999 -9999 10.767499922808 10.3400001545529 9.33249998131073 9.11999988560661 9.06000018153315 8.43250012496063 8.12999999511311 8.40499997085424 9.04500007392242 8.93500018359991 8.55250000933181 8.85750007600046 8.84250020999313 8.36249995482932 7.27999985402012 6.98250007617699 7.07249999009811 7.07499992842397 7.32250010917382 7.62000000291821 8.53999995914916 9.31999993155429 9.30999994422292 8.68000006799832 8.59500002867434 8.64499998020205 8.79000020081393 8.89000010399833 8.88499999175214 8.71499991380202 8.96749996969312 9.57749986343138 10.0225000384243 10.0775001043766 10.0000000005814 10.2750000942624 10.4649996739264 10.9749999027682 11.1850001802911 11.2624998089409 11.277499913933 11.2825002673662 11.2275001999274 11.1274998202554 10.9525001052617 10.8599998957202 10.7625002861552 10.6950001725244 10.7275002014246 10.3499999053028 10.3025000102752
-9999 -9999 -9999 -9999 -9999 -9999 -9999 -9999 9.77999997080536 10.1475000388095 9.37999987656389 8.8749997621744 8.49749994305405 8.57999992337103 8.38749980977757 7.98749995301162 7.92999994713838 8.05749988547547 8.19749999005693 8.54999995145984 9.17500018924755 9.22250008732878 8.74250006832504 8.12999987700919 7.74750030094517 7.87499999912325 8.16999995652775 8.45749997995474 8.87999987477035 9.37749981736521 9.72250008551038 9.78750014247975 9.53750014395067 9.29999995301966 9.02499985800254 8.95749998021465 9.36999988409551 9.59249997106746 9.62499999999989 9.69500017158598 9.76750016193153 9.73749995299004 9.90249991274915 10.1424999234153 10.1924998757248 10.4150001986212 10.557499885426 10.5799999235248 10.647499799034 10.8674998269684 10.984999895578 10.9474999904141 10.9650001522873 10.9124999055008 11.0599999391376 11.2624998102719 11.0475001349708 10.894999982244 10.3300001656993 10.0149998670538
-9999 -9999 -9999 9.71499967549721 9.7474997043138 -9999 -9999 10.9649999156152 9.96000003821201 9.72749996218873 9.5775001050747 8.88749981024258 8.32249975215225 8.66750025678317 8.89499998134216 8.77999997133082 8.84000015236762 8.98499989489558 9.21749997080722 9.48500013336566 9.63999986570294 9.67000007883889 9.14500021964587 9.01250004802037 8.88750004761375 8.98499989470648 9.18249988507852 9.38499998983324 9.6324999325626 9.847499847046 9.99749994211 10.2074997424178 10.039999724117 9.85250020075132 9.76000022914536 9.63499999086992 9.63249993272006 9.58750009647704 9.14999985827176 8.85749983896867 8.51250004911399 8.5124998075611 9.05249976888618 9.64999985445672 10.0325000282277 9.95000004829163 9.9149997229016 10.0099997520445 9.93499994305715 10.0000002374733 10.4349999399832 10.4924998290759 10.5475001325621 10.6375000477347 10.7699999801981 10.7500000004238 10.6324996952017 10.8975000376525 9.97750020390189 9.50999999205375
7.79500007629603 8.3450000285219 9.3200001714613 10.0874998566384 9.5399999620506 9.21249985703833 -9999 10.099999904547 10.0799999236412 10.0099997523531 9.72499990497345 9.26750016259678 9.080000162029 9.35500025679581 9.86750006757414 9.59999990463245 9.58999967571912 9.6375000476001 10.0049998756691 9.95000004779532 10.0774998651353 9.97499966888192 9.4800000192882 9.49250006633091 9.67500019045404 9.79499983753437 9.90249991399208 9.95250010482532 10.0074999330523 10.1225001810009 10.3724999421682 10.2999999536394 9.68750000176852 9.30500006746095 9.2674999235416 9.05249977243998 8.91750001848124 8.78999996435905 8.20499992510276 7.91499996238096 8.41500019555412 8.52250003604651 8.51999998319874 8.70749997739641 9.38500022786229 9.10249996415519 8.90750002829972 9.14499974132922 9.15500021073449 9.08750009465881 9.37250017941458 9.75500011237618 10.1150000082338 10.3350000369213 10.6400001034474 10.6599998486837 10.2750000979567 9.71749997506807 9.0349998506518 8.69250011540684
-9999 7.91749978050783 8.58250021926636 8.75750017163111 9.20000004759736 8.77749991428999 8.51250004785123 8.76749992322627 9.54249978009469 9.85750031468528 9.76499986672624 9.46249985720147 9.17750000997838 9.18750023794155 9.64499998084343 9.55749988501165 9.92750000926905 10.0175001620412 10.56499981746 10.4449999341736 10.2850000855568 10.1600000874726 9.80250024836346 9.69999980922029 9.80499982833859 9.79999995226739 9.97250008479305 10.4175000184169 10.1574997917426 9.72250008670373 9.76749992268694 10.0324997910636 9.28749990602871 9.17000007514303 9.42249989539277 9.46749997135616 9.97499990595633 9.20249986845464 8.87250018167608 8.99749994085645 9.00500011444103 8.77250004000934 8.49499988515323 8.73250007525563 9.3624999498947 9.10749984061167 8.84249997365339 8.77250003891804 8.68500018212416 8.500000000189 8.67250013153771 9.1549999691281 9.51000022747835 9.86249995011995 10.2499999985431 10.4825000745454 10.2100000435413 9.23749995742174 8.5250000976016 8.40250003411689
-9999 -9999 -9999 8.65499997146977 8.37750005738785 8.12499976150798 8.45749998078386 8.67250013327811 9.28500008513254 9.74250006680253 9.89249992345524 9.87500000041716 9.40750002907566 9.4599997989032 9.76999998192359 9.69500017133581 10.0700001709684 10.2250001430845 10.4025001522878 10.547500371691 10.572500229097 10.2225000872469 9.76250004869323 9.38000011551791 9.01500010532541 9.17250013285686 9.26500010384143 9.93250012153578 10.1100001344395 10.0975000861403 10.1974997505597 10.6775000106491 9.76250028849103 9.32000017204506 9.54250001745965 9.77000021968398 9.53999996296809 9.19999981048237 8.99250006686757 9.08249998005936 9.46000003683248 9.54999971453151 9.15249991599509 8.95499992337361 9.20000004674892 9.12500000147669 8.76999998243562 8.56999993360546 8.34999990657708 8.25250017316945 8.502500059197 8.5774998654532 8.77749991281623 9.16500019761589 9.67499971140042 10.1275000550483 10.0250003398277 9.04999995572003 8.47250008990794 8.13750004751306
-9999 -9999 -9999 8.99999976162149 8.52750015290988 8.36749982795559 9.00750017149408 9.27000021907324 9.68999958004245 9.9150002002898 10.2850000848882 10.5225000387071 9.95000004820905 9.77250003795367 9.93250012377003 10.0774998663525 10.2625000472901 10.430000066657 10.5074999330486 10.6749997134882 10.4025001537815 9.96750021081395 9.46000003887729 9.23750019102662 9.27750015331305 9.38999986551154 9.51499986557474 10.0799999212904 10.5299997338421 10.224999905027 10.1974997518409 10.2374999527072 9.95500016324155 9.79500007603824 9.99999999947315 9.89750003933316 9.5449998388511 9.384999990893 9.2825000288677 9.24500012412867 9.29750013270256 9.52500009473338 9.58249998064247 9.60249996197771 9.60750031492504 9.42000007742328 9.15000033511771 9.10750007479772 9.18249989143932 8.27750015603758 7.90249991373542 8.09500002762677 8.60249995959748 8.89249992028399 9.46749997123362 9.4324998839165 9.87499999859748 9.53999972716773 9.25749993329887 9.25000000011381
-9999 -9999 -9999 -9999 -9999 -9999 9.88499998978091 9.99250006745147 9.86999988529932 9.89000010504939 10.4425001132678 10.5225000385313 10.3250000478508 10.1675000191894 10.2550001142193 10.3550000189551 10.4700002667768 10.684999942412 10.7325000764175 10.5225000384634 10.2925002577073 10.0900001527519 10.1024999634638 9.62749981922796 9.61000013328029 9.73749995190223 9.99500012316787 10.4400000559075 10.6599996093201 10.5249998571178 10.4875001908804 10.4300000669977 10.2649998669819 10.2225000856708 10.3124999996377 10.3099997048353 10.1150000100941 10.0599999429226 10.0150001049041 9.99499988586062 9.890000105368 9.76750016240186 9.86500000872509 9.95499992370599 9.89499998152128 9.66999983917833 9.12000012761757 9.21749996318292 9.33999991657689 9.08750009664314 8.76250004888868 8.56000018208282 8.39999985714913 8.78999995817558 9.18499994257134 9.40249991136107 10.0249998538201 10.2200000293787 10.0225000389847 9.88499999114486
-9999 -9999 -9999 -9999 -9999 -9999 -9999 9.83250021939523 10.0999999043891 10.0824999811171 10.2074999803952 10.5924999714228 10.4324998856666 10.4325001239133 10.5099999902695 10.6649999616164 10.827499866218 10.960000038147 10.5950000296343 10.6050002577154 10.5599999423883 10.6349999910789 10.3624999524667 10.2699999810164 10.2500000000001 10.2999999520729 10.4449999327874 10.6649999611704 10.8174998758863 10.8324999810111 10.7699999811595 10.6424999242774 10.4500000481801 10.3425002099043 10.3800001140457 10.5624999994918 10.6574997904357 10.5474998954898 10.4500000476103 10.4449999332429 10.4124999052899 10.2799999715484 10.2625000477244 10.2449996473067 10.1374998099874 9.91499996324295 9.35000014642479 8.67000007783571 9.23749971440689 9.40749978759272 9.60500001955568 9.4574999812708 9.37750005767171 9.52500009363107 9.80249977012975 10.0550003032685 10.3949999794162 10.4874999532496 10.4024999142252 10.2550001158044
-9999 -9999 -9999 -9999 -9999 -9999 -9999 -9999 -9999 -9999 10.757499694393 10.9249999523601 10.8424999714494 10.8399999141176 10.9349999425856 11.0499999521683 11.1300001143779 10.8050000678597 10.5149998663443 10.942500114385 10.7949998379927 10.7774996757301 10.759999990592 10.7049999237957 10.73500013314 10.7749998572409 10.7950000760409 10.9000000952099 10.8750000002177 10.8675000668417 10.8299999237642 10.7550001149821 10.5724999906183 10.6400001046481 10.907500027128 10.8350000390958 11.0399999608078 10.9475002292757 10.8075001247494 10.6099998953221 10.5349998477214 10.470000028848 10.3775000576668 10.2775001531278 10.2474999426521 9.94749975382547 9.59249997303216 9.18999982007137 9.43500017990155 9.70000004503741 10.0525000091992 10.0274999143167 10.0499999520155 10.1224999422176 10.2874999034358 10.5199999797608 10.720000027855 10.704999924255 10.6375000481864 10.447499991429
-9999 -9999 -9999 -9999 -9999 -9999 -9999 -9999 -9999 -9999 -9999 11.2149999141254 11.2125000953556 11.2274999618144 11.2900002001332 11.3349997998764 10.9325001247806 10.6199998853921 10.8875000468892 11.247499942612 11.1724998953502 11.0625002386033 11.1050000193314 11.1025002008774 10.9625000952503 10.9024999143883 10.9774999617771 11.0475001330156 10.9750001441397 10.8550000187916 11.0425002567056 11.0824999827002 10.7699999801817 11.4800000158112 11.3624997185408 10.495000124723 10.5499999514103 11.397500036751 10.8924999252864 10.4924998292058 10.3325002199249 10.1675000196677 10.147500037944 10.1199998862235 9.91750001979566 9.5950002689398 9.29000020080425 9.74999999818654 10.0025000654149 9.96999978669491 10.3800001138625 10.4299998282404 10.4925003047248 10.5649998185977 10.6824998845706 10.9175000178549 11.0399999621768 10.8975000386411 10.7875001441124 10.6100001340825
-9999 -9999 -9999 -9999 -9999 -9999 -9999 -9999 -9999 -9999 -9999 11.0499999520528 11.0625002385024 11.0200002193712 11.0199999808991 10.8600001341358 11.2524998176203 11.562499999983 11.4350001816218 11.3424999714084 11.3424999712527 11.4625000955109 11.2850000861744 10.9650001529916 10.860000133561 10.9875001901261 11.2024998655494 11.2274999630871 10.8875000484184 10.6974999907167 10.772500275954 10.8299999240066 10.7674999239852 10.6150000099845 10.3949999819804 10.2275002001021 10.4349999413857 -9999 10.3350000396907 10.024999857854 9.83750009602482 9.55999994396831 9.59750008473518 9.70000004784988 9.73000001907334 9.98749995079575 9.90250015378646 9.62749981812165 9.88750004606308 10.4474999876752 10.6275000581364 10.622499942337 10.7100002759641 10.8450000278952 11.0025000560237 11.2300000180138 11.2100000395495 11.0299999719387 10.8949999819319 10.7750000955946
-9999 -9999 -9999 -9999 -9999 -9999 -9999 -9999 -9999 -9999 -9999 10.8149998189996 10.7300000191451 10.6749999523678 10.7374999518594 12.1525001507095 12.7774999141852 12.5775001055891 11.8800001159597 11.4500000477954 11.662499903752 11.7500000005336 11.4624998574429 11.3450000287449 11.260000229069 11.2149996757994 11.234999894944 11.1049997818101 10.5599999441401 10.4075000282442 10.6275000557939 10.9125001425399 10.9249999526886 10.8324999810225 10.6049997818405 10.3724999428812 10.5900001510547 10.5875000976226 10.0374999062129 9.57000017339588 9.34249997135102 9.85999989081689 9.88249993255308 10.4900002467924 10.2825000291625 10.1974999930256 9.81999993288777 10.1050000170785 10.5049998747261 10.7574999317779 10.8599998966385 10.7549998758257 10.8324999804755 10.9450001708442 11.1749999505473 11.4275000091659 11.3350000392259 11.1299998770105 10.9824998384898 10.9225001334576
