socal_rasters/topoWet_SPHAsouth_aggfac2.asc
NCOLS 210 
NROWS 130 
XLLCORNER -119.45 
YLLCORNER 32.483333333 
CELLSIZE 0.0166666666666667 
NODATA_value -9999 
[rows 104 to 129 of 130, columns 120 to 179 of 210]
-9999 -9999 -9999 -9999 -9999 -9999 -9999 -9999 -9999 -9999 -9999 -9999 10.9349999392377 11.239999768824 11.4249999494913 11.535000083761 11.4774999627652 11.4249999538915 11.1050000240979 10.7825000324722 10.6849999403651 10.9025001508318 10.8875002870545 11.0174999260351 10.9374999937922 10.4475002309654 10.5300002092489 9.97749972385686 10.3199999272885 10.1075000824311 9.87000036728103 9.07749987733264 9.2074999662227 9.19249988203057 8.79250002895599 8.00250007072949 7.20249999510734 6.95749997806962 7.34000002732582 8.07500003519742 8.34750008659674 8.88750004043732 9.29250001178217 9.52250003674222 9.36749983446334 8.53749992153761 8.87250015719708 8.91249991918364 8.5449998388404 8.71000003167411 9.18749999560485 9.4125001373206 9.55499983262039 9.39000034199761 9.52250004364447 9.00999999683006 8.64750004033734 8.90249991196644 9.05499981606914 8.13750005847957
-9999 -9999 -9999 -9999 -9999 -9999 -9999 -9999 -9999 -9999 -9999 -9999 11.4300000571438 11.432500124615 11.5500001884236 11.6224997047491 11.5475001352085 11.4450001729741 11.2875001455634 11.1075000788243 10.935000183076 10.8974997982425 10.8675003074884 10.862500188406 10.7100000428372 10.4424998767169 10.4125001487854 10.0700001756042 10.0799999166174 10.1749999537435 10.1575000316274 9.37249995796556 9.02500009245586 9.0350000916924 8.73499989598097 8.56999993650886 8.31250000254017 8.27750003232645 8.49999999485558 8.59999990828717 8.26749992018181 8.38499998922964 8.45250010350768 8.7499999921952 9.20499992213544 8.95499993002571 8.90499996566769 9.24999975806371 9.29999995167305 9.63249992175393 10.0500002079886 9.62999987831451 9.12249995381309 9.18250010757952 9.3899998924736 9.10249996135043 8.95999980444644 8.66750002398771 8.87999985625472 9.24250008680709
-9999 -9999 -9999 -9999 -9999 -9999 -9999 -9999 -9999 -9999 -9999 -9999 11.6424999030875 12.0899999144243 12.3074998851741 12.2025001086555 11.8924999256607 11.78750014502 11.5299999761497 11.2124998600119 11.0025000600372 10.7200002713516 11.0724999718258 10.8850000014229 10.5575001232879 10.572499996714 10.4449999338022 10.5325000281879 10.0199999826277 10.2025001007651 10.4949996428303 10.1100001433489 9.75000000203792 9.69499993148413 9.66250014467354 9.34999967304258 9.45500015136734 9.67750024419596 9.46499992234019 8.73500014995959 8.08750010195613 7.73499990033805 7.42750001093312 7.60500013203928 8.51999996679249 8.4600000428867 9.0399999456402 9.6299998686668 10.1300001070414 10.0399999683255 9.89249992549651 9.7375001945005 9.32749987751912 8.90750003076334 8.96749973013907 9.36000012547214 9.24250007400269 8.86250019395455 9.01999997479174 9.05499983176605
-9999 -9999 -9999 -9999 -9999 -9999 -9999 -9999 -9999 -9999 -9999 -9999 11.3375000782905 11.9774999599413 12.069999932986 11.9599998023154 11.8150002961602 11.8099999459297 11.502500060526 11.2100000418759 10.8524999684254 10.3950002231274 10.6974999750906 10.5249998599626 10.5924999695964 10.6050002588811 10.6150000098165 10.4874999538653 10.4475002293073 10.4974999406387 10.5124998108456 10.3075001281719 10.070000174573 9.87000012690844 9.60250020602387 9.11750007403107 9.03750013692527 9.77999996056367 9.58249999227517 8.92999983625676 8.51500011042046 8.06999994249384 7.4374998862206 7.88000000303605 8.53249977338788 8.73250008308769 8.54999995104458 9.21749994948305 10.2874998993243 10.3475000918179 9.97499991081783 9.51750016785489 9.6250002305139 9.96749973313706 9.59749985124385 9.58250022185832 9.11249996360582 8.67999982901647 8.62249994738056 8.39999985729144
-9999 -9999 -9999 -9999 -9999 -9999 -9999 -9999 -9999 -9999 9.48500013276691 9.97749995369274 10.6099998728328 11.7825000292476 11.9950001170437 12.1200001286342 11.9075000279586 12.117499827157 12.3899998630477 11.3125000091891 10.755000121684 10.3324999843036 10.2800002147058 10.1124999464254 9.94499993186353 10.272500034119 10.5650000538639 10.7300000182286 10.6099999004831 10.2599999881797 10.7325000701159 10.5825002287457 9.9324998929838 9.54500008127646 9.22750020454904 8.96750021203493 9.12750028981229 9.30500005713414 9.48500013654075 9.38250017272716 9.26750016472932 8.97499991203307 8.41750002667487 8.53750013134401 9.54249976761982 9.44750024073104 8.84249974107729 8.89249991267261 9.72999976682114 10.210000039118 9.89749980770417 9.41249990512359 9.94999981749927 10.0499999443658 10.2300000260701 9.67249966656242 9.13000012252892 8.68499971113926 8.53250002912144 8.37250018479667
-9999 -9999 -9999 -9999 -9999 -9999 -9999 -9999 -9999 -9999 -9999 10.0324997865509 10.3424999626615 11.2100000366174 11.6625001349615 11.8799998757636 11.9700000267859 12.4499998003393 12.4275000210399 11.3424999773827 10.9324998926681 10.3074998921783 10.0799999245223 9.67750002090733 9.61500000015622 9.69000004888618 10.420000069301 10.5425000194959 10.6375000483926 10.3650000135332 10.5650000491748 10.5574998940918 9.57750011756967 9.227499959948 9.49999999262549 9.69500017463033 9.32749986663515 9.41499996425882 9.45000003769686 10.3525002007288 10.0274999143227 9.72500015600243 9.38499998953259 9.49499988337386 9.37749982084339 9.24999976474118 9.24500012016297 9.58999990713376 9.99500011947369 9.90999985259018 9.76499986615993 9.82499980566311 9.82249998733434 10.5199999683383 10.6624999297878 9.78749991150194 9.30499983979673 8.3499999232727 8.7549998381911 8.8049998386206
-9999 -9999 -9999 -9999 -9999 -9999 -9999 -9999 -9999 -9999 -9999 10.2175002059166 10.4949998794872 11.1174998238778 11.3699998806797 11.6249999992239 11.65750002848 11.8950002122571 11.877499828983 11.2599997544419 11.1200001288063 10.5199999882211 10.1800000697501 10.1075000758828 9.73749995300588 10.1949999224081 11.3824999154804 10.6875000122508 10.5899999110504 10.6125001923049 10.4649999176175 10.0425002654465 9.41750002882741 9.04250025558711 9.89249990202454 9.3549997791704 9.80250000550271 9.6900000626334 9.65750002210352 10.1399998634401 10.0725002311802 9.90250015613404 9.83500003907774 9.48499990508564 8.77750015400134 9.17249988735422 9.72999977175392 9.90500021140741 9.6600000909782 9.43499994439782 9.44499993194055 9.52500008881831 10.0349998375312 10.3025002481211 9.96000004281163 9.87500023942374 9.43999983228195 8.42249991424431 8.53500005413434 8.95499992302057
-9999 -9999 -9999 -9999 -9999 -9999 -9999 -9999 -9999 -9999 -9999 -9999 11.0499997042841 -9999 11.3275003403694 11.4375000019402 11.312499997524 11.105000020386 11.0500001907347 11.1125001890036 11.0550000699763 10.8575000788607 10.4425001221954 10.5574998793942 10.4149999610254 10.6900000505531 11.1100001290388 10.8599999136833 10.3799998746045 10.5775001019069 10.6825001244088 10.3825001778805 10.1349997549566 9.22000004004059 9.03750013611891 9.55750011462536 9.98499989599226 9.70750022430703 9.78000020163727 10.0850000411922 -9999 9.34750008999334 9.41750001736673 9.39750004048821 9.18750024297298 9.269999971447 9.98749994230275 10.0425000269088 9.64249992901438 9.32999969402545 8.90500021111019 9.79500005402718 10.4149999470321 10.3300001717316 9.86999988522593 10.0374999034596 9.31499983666289 8.38500000673094 8.14749978762915 8.90749977699648
-9999 -9999 -9999 -9999 -9999 -9999 -9999 -9999 -9999 -9999 -9999 -9999 -9999 -9999 11.3750000025681 11.2049999260344 10.8774998223201 10.8375003344423 10.7999999520519 10.8725001784014 11.2024998620592 11.1650002035136 11.1275000568122 10.9350001836639 10.9449999318632 11.069999929909 10.5049998872112 10.2500002356023 10.2475001821904 10.5474998889585 10.9350001745893 10.6099999060875 10.3150000627528 9.63249994892276 9.19999980720039 9.50500010612788 9.73000002146409 9.37500000721755 9.19250011035566 9.332500219802 9.22250008935494 8.93250012659873 8.97000003698738 8.71000003877143 8.99249981875893 9.55750011686792 9.98500012683869 9.89249992930278 9.61249996180691 8.61750008212976 8.66750000133141 10.2125000830881 10.905000204868 10.7075002311052 10.0775001130671 9.83999991785537 9.02000023383621 8.49250007743277 8.25250016773863 9.03500007623416
-9999 -9999 -9999 -9999 -9999 -9999 -9999 -9999 -9999 -9999 -9999 -9999 11.3624999446 11.7025001032473 11.4575002253802 11.1674997787145 11.217499972302 11.2400000097995 11.3775000507418 11.8075001225128 12.0074999298895 11.5699999432391 11.3100001820143 11.2200000288843 11.1149997741531 11.2024998627349 10.4500000571943 10.0474998955184 10.3650000021647 10.5550000684699 10.5024998180835 10.5175001671865 9.8650002572725 9.08999992765101 8.57000016930138 9.0549998268542 9.10750031516064 8.54250003004984 8.70749997290695 8.99000000740492 8.98499989632162 8.80499983265563 8.49250007094574 8.58000015432008 9.2000000363766 9.75999998287961 10.0250000979105 9.84749985013049 9.35499979191482 8.80250001681849 8.68749999560522 9.58999988076896 10.7600000023201 9.90500021908376 9.88999986581912 9.71249986850958 9.05249976993876 9.2050001604302 9.12750005773184 9.2649998644293
-9999 -9999 -9999 -9999 -9999 -9999 -9999 -9999 -9999 -9999 -9999 -9999 11.1800000609384 11.4500000451348 11.5874998593885 11.0900001577619 11.0400001963625 11.5850000349968 11.5350000860952 11.5349998487439 11.4800002580286 11.3624999548829 11.3300001585876 11.6300001125229 11.4375000059318 11.0225000455089 10.3599999037673 10.4574999689572 10.8975000346027 10.7074999907746 10.0500001979186 9.88999986619649 9.88499999337486 9.39499975188641 8.95749998225374 9.10000014037904 9.23500013441094 8.8199999407608 8.71250009188734 8.80250000755723 8.93250012566309 8.50250006600881 8.19750022903696 8.7525002717569 8.85499978096925 9.12500023241496 9.83249996614448 9.86999990122951 9.25249981799752 8.88500000211399 8.46000003749606 8.88499997703783 9.25250007023055 9.2949998302562 9.35749984503883 9.41750001153412 9.34500002726218 9.599999898871 9.59999990667741 9.65249991296966
-9999 -9999 -9999 -9999 -9999 -9999 -9999 -9999 -9999 -9999 -9999 -9999 11.107500087299 11.2400002403083 -9999 -9999 11.1225001795042 11.3524999585715 11.4225001347044 11.3524999601218 11.4524998663515 11.3974998014845 11.3924999213934 11.5199999806525 11.6675000136935 11.099999926024 10.2175002219763 10.1074998374528 10.5499999435264 9.8875003125061 8.87000012713818 9.09749983916825 9.82499979732748 10.204999926344 9.80749989485146 9.29499984618864 8.79500007838561 9.11750006780966 8.39750004767995 8.8574998182322 9.12500000674168 8.78499985357945 8.86999987842287 9.05249979593632 8.90500020069987 9.46499990658582 9.86750030406319 9.54499984523084 9.38750005106165 8.95750022792137 8.36749983826781 8.17749976571526 8.86999963133124 9.25000000331286 9.49000000753768 9.30999994244459 9.72250007353028 10.3950002125671 10.2900002122004 10.0250000970812
-9999 -9999 -9999 -9999 -9999 -9999 -9999 -9999 -9999 -9999 -9999 -9999 11.0750002904031 -9999 12.7800002085241 -9999 -9999 11.4375000006563 11.4300003038535 11.5150001035724 11.5499999525845 11.5300002100785 11.5199999809265 11.5149998664857 11.8324999669935 11.1399998750978 10.6799998350518 9.99000001742244 -9999 8.42000009142298 8.01250016128983 8.59000013957158 9.91749999767309 10.4149999603879 10.1250002540532 9.47500015195811 8.95000005306219 8.99500012066964 8.85749984438189 8.32250000036103 8.2750002001736 9.11750005396022 9.49499989548759 9.20000004549837 9.56749986769889 10.0124998084752 10.0150001093546 9.5700001780574 9.23749995698114 8.97499990916349 8.67249990014179 8.64499997503236 9.12750005112733 9.37500000861325 9.54500006563205 -9999 10.5799999098889 11.2624998006228 10.5599997118589 10.5075001684053
-9999 -9999 -9999 -9999 -9999 -9999 -9999 -9999 -9999 -9999 -9999 -9999 -9999 -9999 -9999 -9999 12.8225002321395 -9999 -9999 11.6375000470178 11.6274998197408 11.4700000318523 11.2750003354184 11.2574999322838 11.1150002548527 10.7625000458779 10.5824999869404 -9999 9.05499983400946 8.62500001056192 8.12500024071743 8.54000018378432 9.30250001142921 9.40750002377433 9.5799999142662 9.87750006004109 9.60500002295813 9.36500001404762 8.83249999166992 8.07000018323407 8.05750011279221 8.81750010534427 9.01250028098263 9.67250035679262 9.2300000159326 9.66499995426934 10.0450000734329 9.76999974986342 9.3174998826175 8.89499998804653 8.50500012030075 8.18499994572664 8.35750007085938 9.08250019897186 -9999 -9999 10.8249998069062 10.9175000165315 11.1224999538562 10.4200000804067
-9999 -9999 -9999 -9999 -9999 -9999 -9999 -9999 -9999 -9999 -9999 -9999 -9999 -9999 -9999 -9999 -9999 -9999 -9999 -9999 11.6649999634626 11.487500194112 11.2200002702938 11.0550000686751 10.9224998960614 10.6974999939359 10.5649998232773 10.0249998670874 9.51499986903731 9.35750008128918 9.06250023884935 9.23749995275013 9.16250013795575 9.60249997958443 9.58499978645368 10.6225001730331 10.0225000544322 9.55250001510005 9.08750010217654 8.80499983077478 8.77750015151526 8.92499994830768 9.20250009761275 9.82749986039801 9.54999995577132 9.50499987412654 9.71000003814708 9.432500126696 9.48749995215528 9.40750003524455 8.8399999197035 8.93499993786756 8.9825000777759 9.03999995787768 10.0799998943864 10.5674998664723 11.0250000990746 10.4649999236589 10.279999971049 10.1749999578
-9999 -9999 -9999 -9999 -9999 -9999 -9999 -9999 -9999 -9999 -9999 -9999 -9999 -9999 -9999 -9999 -9999 -9999 -9999 -9999 11.6374998112771 11.5125000494398 11.3649997735669 11.1900000596864 10.9950001261849 10.9674999698618 10.9275000127536 10.5950002718167 10.2949998407109 10.179999832906 9.70249987065214 9.26499987487398 9.07999992050318 9.20250011530842 9.43249987567676 9.63500023125671 9.38499998956663 9.50000000060137 9.43750023887253 9.28249979430299 8.65250016775721 8.23000025070799 8.9975001692525 9.39000012550795 8.8549997822251 8.89750003230113 9.26250004466364 9.44749998582603 9.58749985678791 9.54250002570785 9.52499984815934 9.39500021770785 9.13750006036405 8.96749996691752 9.38249992374694 9.98500012279133 10.4425001115763 10.5400002006105 10.3975000393399 10.2925000237004
-9999 -9999 -9999 -9999 -9999 -9999 -9999 -9999 -9999 -9999 -9999 -9999 -9999 -9999 -9999 -9999 -9999 -9999 -9999 -9999 11.734999893218 11.7100000392277 11.5499997171627 11.3399999158132 11.2625000486493 11.2274999606028 11.2674996879448 11.0050001172572 11.1849999311542 11.0274999408588 9.9725000899971 9.57749987299377 9.18500018614785 8.93250012383115 8.82749987135313 8.37750006449479 8.44000004855515 8.91750001411171 9.17499994838218 9.50250005859093 8.97499991719694 8.20999980774568 8.11750030284886 8.08749997818756 8.03000020572523 8.80249999705532 8.75250006787001 8.90249990025789 9.57500003610187 9.97749995392427 9.57000017752117 9.33249975020307 8.79499984808561 8.59249996426743 9.40499995939503 9.61000012982843 10.0275001416354 10.6249997558199 10.6849999441428 10.5724999937191
-9999 -9999 -9999 -9999 -9999 -9999 -9999 -9999 -9999 -9999 -9999 -9999 -9999 -9999 -9999 -9999 -9999 -9999 -9999 -9999 -9999 11.6625001461581 11.4825000786066 11.3574998388343 11.3599998948199 11.3624999521774 11.2674999266431 11.0425000211857 11.140000100651 10.8050003208755 9.99499989274259 -9999 9.2025001099995 8.71999979898402 8.10000003239647 7.52499998268986 7.58999990968699 8.1299999880141 8.46250009128169 9.05749987078874 9.51999998460397 8.7500000129513 8.16250003051282 7.82249987390768 8.14750014400755 8.91750001449176 8.65249991909673 8.83750009041051 9.24749993168022 9.57999992079333 9.71250009553026 9.5274999212096 9.09999991121996 8.87750005473602 9.4750001343882 9.44749998694478 9.90000008323538 10.6374998006229 10.7674999255806 10.6749999547154
-9999 -9999 -9999 -9999 -9999 -9999 -9999 -9999 -9999 -9999 -9999 -9999 -9999 -9999 -9999 -9999 -9999 -9999 -9999 -9999 -9999 11.4974999439954 11.4050002119851 11.3075001232927 11.2850000872102 11.1949999340763 11.1074998394139 10.9349997074589 10.7174999755012 10.2800002189428 9.83500004303182 9.26500011155704 9.06999993615437 8.40249992721148 7.65500009885888 7.25499999701305 7.68750011696789 7.42999994754789 7.56500005419423 8.14999996123587 9.10249994944195 9.05249977836466 8.95500015902187 8.40000010348419 8.17250013210126 8.54749988545865 9.13250016578023 9.37499999808098 9.49999999581751 9.78499984223396 9.87749981896469 10.0824997341578 9.71250010771843 9.23999977376823 9.26749992054071 9.61750005955262 10.3224999754665 10.729999780316 10.7549998784081 10.5475001340285
-9999 -9999 -9999 -9999 -9999 -9999 -9999 -9999 -9999 -9999 -9999 -9999 -9999 -9999 -9999 -9999 -9999 -9999 -9999 12.7774999113726 -9999 11.4825000799413 11.3450000305148 11.1600000891186 10.8899998703481 10.7649998659298 10.8124999995803 10.8900001032144 10.8899998698882 10.5700001756579 10.0399999707607 9.45749998830255 9.01250005569072 8.27500010709072 7.55250001853397 7.45499991628349 7.48000001967111 7.54250001832164 7.47250008900828 7.56999992075665 8.61749981470157 9.1149997711182 8.51999998930371 7.61500002171165 7.12500000251273 7.42249999961195 8.83999988778409 10.4000000832152 10.1724999010476 9.91499996670757 9.57749987055492 9.63500022298764 9.92000007365911 10.0374999041359 10.2849998367506 10.7125000962051 10.6725001313239 10.7999999523164 11.0624999967623 10.5625002481865
-9999 -9999 -9999 -9999 -9999 -9999 -9999 -9999 -9999 -9999 -9999 -9999 -9999 -9999 -9999 -9999 -9999 -9999 -9999 11.9049999681939 12.1599998409742 11.7750001064446 11.3824999377322 10.9800000248274 10.5924999740109 10.9750001313829 11.327499863828 11.5924999661792 11.8449997899078 11.3500001544691 10.597499858762 9.80500007659172 9.18249989443952 8.45749999338246 7.73250008381617 7.27499997942403 7.56499993083968 7.68500006289087 7.79750001142993 8.27499996306264 9.08250020969172 9.28250003308144 8.2950000933588 7.39749992939572 7.28999995117392 7.98749982820921 8.96749994961396 10.1124999419227 10.2574999362991 10.0674998794205 9.88749980975344 9.91750001694494 10.2474999340514 11.2025003226182 10.9250001924008 10.5499999613637 10.7174999638074 10.7724998026092 10.6475000393399 10.500000005141
-9999 -9999 -9999 -9999 -9999 -9999 -9999 -9999 -9999 -9999 -9999 -9999 -9999 -9999 -9999 -9999 -9999 -9999 -9999 11.0600001833289 10.9975001807957 10.9550001637456 10.9574999788858 10.8399999182792 10.4324998901115 10.7000000343486 11.5200002120723 12.094999779208 12.1274998283004 11.5475001399371 11.0574998963345 10.1775000203838 9.55250001754384 8.93499995333064 8.31750000157417 8.09000003426955 8.17000007270841 8.42000007418902 8.63000010748048 9.6024999388604 10.5275001542735 10.607500063189 9.09750010987698 8.14999998614822 7.95749985527867 8.70749996781342 9.54999993673967 10.2850000829526 10.2025001098908 9.8100001876707 9.43249988897716 9.80249999954936 10.0149998664856 10.2550001104655 10.2799999723891 10.4574997363085 10.6325001725038 10.6300001120684 10.7874999071887 10.6524999153689
-9999 -9999 -9999 -9999 -9999 -9999 -9999 -9999 -9999 -9999 -9999 -9999 -9999 -9999 -9999 -9999 -9999 -9999 -9999 -9999 10.6549999700486 10.7399997719287 10.5950000307869 10.5624999984931 10.6400001040765 10.9125001362447 11.2524998144662 11.8375000890308 11.9400000580712 11.7274999671339 11.1374998200405 10.4900002554759 9.99499989167347 9.7050001659345 9.32249999798533 8.89500022498613 8.65000009895315 8.20250011136976 8.11999976059991 9.2349998728646 10.3075001167762 10.1600000919981 9.55250002427467 9.09749984507058 9.71000002872385 9.67499994757645 10.0050001064936 10.650000087692 10.375000015764 9.54500008503211 9.62500022507123 10.2949998260868 10.4925000669217 10.4425001182505 10.2750000940344 10.0025000714617 -9999 -9999 -9999 -9999
-9999 -9999 -9999 -9999 -9999 -9999 -9999 -9999 -9999 -9999 -9999 -9999 -9999 -9999 -9999 -9999 -9999 -9999 -9999 -9999 10.27500009188 10.6050000158314 10.6599998498609 10.3499999090164 10.2149999133415 10.6125001839284 11.0749998019923 11.3500001410796 11.4199998387259 11.3600001355125 10.794999851093 10.3449997890346 10.4900000101193 10.627500057074 10.1749997301224 9.27500010664975 8.5474999071977 8.16750001471305 8.1124999554939 8.67749999324378 9.66999982623017 9.8350000409222 9.7999999516959 -9999 -9999 -9999 -9999 -9999 -9999 -9999 -9999 -9999 -9999 -9999 -9999 -9999 -9999 -9999 -9999 -9999
-9999 -9999 -9999 -9999 -9999 -9999 -9999 -9999 -9999 -9999 -9999 -9999 -9999 -9999 -9999 -9999 -9999 -9999 -9999 -9999 10.0500001805409 10.7150001493457 10.5724999946805 10.4424998769812 10.2550001180275 10.4050002048077 10.6324999314247 10.7175002085411 10.7349998970807 10.6500000967947 10.9374999964082 10.8249998138932 10.555000069669 10.6200001172369 10.9375000146019 9.61000015370363 8.86249996232633 8.22750020854143 -9999 -9999 -9999 -9999 -9999 -9999 -9999 -9999 -9999 -9999 -9999 -9999 -9999 -9999 -9999 -9999 -9999 -9999 -9999 -9999 -9999 -9999
-9999 -9999 -9999 -9999 -9999 -9999 -9999 -9999 -9999 -9999 -9999 -9999 -9999 -9999 -9999 -9999 -9999 -9999 -9999 -9999 10.0675001035763 10.720000026989 10.5574998865113 -9999 11.0299999843572 -9999 -9999 -9999 -9999 -9999 -9999 -9999 -9999 -9999 -9999 -9999 -9999 -9999 -9999 -9999 -9999 -9999 -9999 -9999 -9999 -9999 -9999 -9999 -9999 -9999 -9999 -9999 -9999 -9999 -9999 -9999 -9999 -9999 -9999 -9999
